20150529,41.1900,41.8300,40.8200,41.7900,5022600
20150601,40.9200,41.4300,40.8500,41.4300,2440000
20150602,41.1100,41.1400,40.6700,40.9400,2947500
20150603,41.1000,41.3600,40.9400,41.3100,2722100
20150604,40.5400,41.0800,40.0100,40.8900,4091900
20150605,40.3100,40.6700,40.2000,40.5400,1760300
20150608,39.9500,40.3500,39.9100,40.2600,1353000
20150609,40.1200,40.3300,39.8300,39.9300,1439000
20150610,40.5200,40.5900,40.2700,40.4000,1789300
20150611,40.5300,40.6000,40.2900,40.5700,1577000
20150612,39.8400,40.4900,39.7400,40.3300,2769600
20150615,39.5200,39.6300,39.2500,39.6300,2361900
20150616,39.7900,39.8100,39.3800,39.5900,1422600
20150617,39.6000,39.8000,39.3200,39.7600,1519400
20150618,39.9000,40.0600,39.7200,39.8000,1865000
20150619,39.4900,39.9400,39.4900,39.8000,2658800
20150622,39.8100,40.0100,39.7300,39.8100,3909300
20150623,39.6000,39.9500,39.4200,39.8900,2053600
20150624,40.1900,40.4500,39.0300,39.4700,6127700
20150625,40.0500,40.5200,39.3800,39.8000,5265800
20150626,40.0200,40.1700,39.7800,40.0000,3350500
20150629,38.7400,39.8000,38.7400,39.6000,2516400
20150630,38.5800,39.1900,38.4800,39.0800,3037400
20150701,39.2600,39.3000,38.7500,38.8900,4486400
20150702,39.5800,39.6400,39.1500,39.3600,2160800
20150706,39.3600,39.6600,39.0800,39.1100,2509400
20150707,39.7900,39.7900,39.1400,39.5300,2927800
20150708,38.7500,39.4800,38.7100,39.4800,3391000
20150709,38.9200,39.3300,38.9100,39.2700,2237900
20150710,39.4000,39.4400,39.1600,39.2900,2107100
20150713,39.9600,40.0000,39.5400,39.7200,1579700
20150714,40.4900,40.6600,39.8900,40.0500,2800900
20150715,40.1300,40.5200,40.0200,40.4200,2247700
20150716,40.3400,40.4400,40.1200,40.3600,1826300
20150717,39.9500,40.3300,39.8400,40.2000,2412400
20150720,40.0600,40.1300,39.9500,40.0600,1155200
20150721,39.5700,40.0100,39.5400,39.9700,1160900
20150722,40.3300,40.4200,39.2900,39.2900,2949400
20150723,40.2500,40.3700,40.0100,40.3700,1708800
20150724,39.3100,40.1700,39.2200,40.1100,1844900
20150727,39.6100,39.6500,38.6100,39.0400,5261300
20150728,40.4500,40.4700,39.5000,40.0000,2768200
20150729,40.4000,40.7300,40.2400,40.5000,2014100
20150730,40.9700,41.0500,40.0700,40.2600,2440400
20150731,40.9500,41.1400,40.7800,41.0500,2247700
20150803,41.0000,41.1300,40.5800,40.9200,2104200
20150804,40.6200,41.3500,40.5500,40.9400,1448100
20150805,40.7200,41.1900,40.6900,40.9400,949500
20150806,40.1200,40.9600,39.9100,40.9500,1932000
20150807,39.9900,40.2100,39.6300,40.1400,1513100
20150810,40.4700,40.6400,40.1600,40.2400,1554500
20150811,39.4200,40.1900,39.3000,40.1900,1575700
20150812,38.8900,39.1100,38.2700,39.0500,3431000
20150813,38.5600,38.9400,38.4600,38.9400,2848900
20150814,38.6500,38.7300,38.3200,38.6200,2632700
20150817,38.8200,39.0200,38.1200,38.3600,3302100
20150818,39.0200,40.3500,39.0000,39.1100,6416900
20150819,38.4000,38.8100,38.3000,38.6900,2730400
20150820,37.5100,38.3100,37.5000,38.0100,2144600
20150821,36.2300,37.4900,36.1700,37.1300,3827500
20150824,34.6800,36.0100,33.5700,33.8700,4115000
20150825,34.3600,36.1700,34.3000,35.6800,3802700
20150826,35.6200,35.7000,34.4700,35.3600,3233800
20150827,36.6400,36.6700,35.8900,36.1700,2406300
20150828,36.5100,36.6600,36.1500,36.4500,1783600
20150831,36.3100,36.5500,35.9500,36.4400,2554700
20150901,34.7500,35.5800,34.5700,35.3000,2953900
20150902,35.5300,35.5300,34.8800,35.3300,2118300
20150903,35.7500,36.1200,35.5300,35.6100,2140400
20150904,35.0600,35.5100,34.9000,35.0400,2819000
20150908,36.2100,36.2500,35.5100,35.8200,1787400
20150909,35.5400,36.8000,35.4400,36.5000,1885300
20150910,35.8600,36.0400,35.4400,35.6100,1628700
20150911,35.9600,35.9600,35.4400,35.6600,1443300
20150914,35.5500,36.0900,35.3200,35.9200,2223300
20150915,36.1500,36.3000,35.5100,35.7500,1752700
20150916,36.5200,36.8700,36.0600,36.1500,2130100
20150917,36.4000,36.9900,36.2900,36.6300,1819100
20150918,35.7400,36.2200,35.5900,35.8600,3352300
20150921,35.6900,36.0700,35.4100,35.9600,2640200
20150922,35.0500,35.3300,34.9400,35.1900,2283300
20150923,34.9500,35.2400,34.8100,35.1000,1962600
20150924,34.5500,34.6400,34.1500,34.5600,2028900
20150925,34.4500,35.0200,34.1000,34.7000,2730700
20150928,33.3700,34.2700,33.3200,34.1300,2615400
20150929,33.7400,34.0600,33.2400,33.3600,2252400
20150930,34.3300,34.4300,33.6700,34.0800,2545700
20151001,33.7400,34.4800,33.4800,34.3200,3011400
20151002,34.6700,34.6800,33.1200,33.1800,3519400
20151005,35.3400,35.3900,34.8400,35.0400,1675400
20151006,34.9000,35.2100,34.5300,35.1300,1833700
20151007,35.5400,35.7800,35.1000,35.2000,3085400
20151008,36.0100,36.0700,35.3400,35.3900,2597900
20151009,36.2300,36.3400,35.8800,35.9400,3232900
20151012,35.9900,36.1800,35.8600,36.0800,1349900
20151013,35.6300,36.2400,35.5300,35.7600,2383200
20151014,35.0500,35.7700,34.9700,35.6400,1647400
20151015,35.5800,35.6800,34.7900,35.1200,1433000
20151016,35.7800,36.0200,35.3700,35.6900,1754300
20151019,36.2300,36.2300,35.5900,35.6900,3685800
20151020,36.3200,36.5200,36.0300,36.1100,2635800
20151021,35.9000,36.6000,35.8000,36.5400,2886400
20151022,36.0900,36.9500,36.0000,36.0300,3696200
20151023,37.1100,37.2700,36.1800,36.5000,2732600
20151026,36.8300,37.1100,36.6900,36.9800,1948400
20151027,37.0500,37.0600,36.4700,36.6700,2557200
20151028,37.5200,37.6100,36.7700,37.0600,1780100
20151029,37.7000,37.7700,37.2800,37.4700,1352300
20151030,37.7600,38.1000,37.6800,37.7200,2194600
20151102,38.5900,38.6200,37.8000,37.8700,1810800
20151103,38.2700,38.5200,38.1600,38.3100,1485800
20151104,38.3400,38.4800,38.0000,38.3300,1569600
20151105,38.3000,38.5000,37.9300,38.2700,1419800
20151106,38.1400,38.4400,37.9800,38.1000,1964100
20151109,37.9200,38.0800,37.4800,38.0400,3109600
20151110,37.9800,38.1700,37.6900,37.8900,4338700
20151111,37.6600,38.2200,37.6500,38.1600,1967900
20151112,37.4900,37.7700,37.2400,37.3600,3096300
20151113,36.7700,37.5700,36.6300,37.3900,3335100
20151116,37.3300,37.4900,36.6000,36.7500,2490200
20151117,38.3800,38.5000,36.5000,36.5000,7679500
20151118,39.3400,39.3600,38.3600,38.4300,6589600
20151119,38.5000,39.7000,38.3100,39.1600,7274500
20151120,39.2800,39.3500,38.5200,38.7800,5447900
20151123,40.0300,40.0700,39.1400,39.2900,6473400
20151124,40.6700,40.7200,39.7300,39.8100,5669100
20151125,41.3400,41.5000,40.4700,40.5900,3797000
20151127,41.9700,42.2000,41.1600,41.3200,1935700
20151130,41.8200,42.0500,41.6100,41.9700,3208100
20151201,41.0600,42.3100,41.0400,42.1600,7988900
20151202,40.4200,41.4600,40.3700,41.0700,4713200
20151203,40.1500,40.7400,39.9500,40.6400,3314500
20151204,41.1000,41.2100,40.1300,40.2300,2519100
20151207,40.7000,41.1000,40.5400,40.9200,2004500
20151208,41.1700,41.2800,40.4200,40.6100,4331800
20151209,40.9800,41.8000,40.9100,41.2500,4133300
20151210,41.2500,41.6600,40.6500,40.9600,3709200
20151211,40.1900,40.7500,40.0600,40.7500,2634400
20151214,40.2500,40.5400,39.9000,40.2200,2310500
20151215,40.8100,41.1000,40.5600,40.7500,2195400
20151216,41.4300,41.5700,40.6700,41.0100,2582600
20151217,40.7800,41.6300,40.7700,41.5500,2218800
20151218,40.1000,40.7100,40.0800,40.5600,3364800
20151221,40.8300,41.1200,40.4400,40.5100,1734500
20151222,41.2200,41.3300,40.7200,41.0100,1643200
20151223,41.7700,41.8600,41.3900,41.6200,1510700
20151224,42.1400,42.2600,41.6700,41.7900,874500
20151228,41.7800,42.0800,41.5200,42.0200,1458200
20151229,42.3600,42.4800,41.9200,42.0800,1757000
20151230,42.1700,42.3800,42.0100,42.3600,834300
20151231,41.8100,42.3500,41.7200,41.9000,1451000
20160104,40.6900,41.1900,40.3400,41.0600,3287300
20160105,40.5500,40.9500,40.3400,40.7300,2587200
20160106,40.7300,40.9900,40.0500,40.2400,2103600
20160107,39.0000,40.1500,38.8100,40.1400,3504300
20160108,38.5900,39.7100,38.4700,39.2200,3736700
20160111,37.9400,38.9000,37.4100,38.7100,2818400
20160112,38.1900,38.5800,37.6500,38.4300,1989400
20160113,36.8600,38.4700,36.7200,38.3500,4206600
20160114,37.6100,37.8800,36.5500,36.9400,2893300
20160115,37.1100,37.5600,36.5500,36.6700,2994400
20160119,37.2000,37.9200,36.7900,37.6400,2506500
20160120,37.2600,37.6100,36.1300,36.6800,2469100
20160121,37.2300,37.8300,36.8100,37.3500,2298400
20160122,37.9800,38.1800,37.5800,37.9100,1834500
20160125,37.6100,38.0300,37.4000,37.4000,1831200
20160126,37.5100,37.9600,37.3600,37.8900,1754900
20160127,37.0500,37.9200,36.8100,37.3900,1479400
20160128,36.1100,37.2700,36.0100,37.2700,3479400
20160129,37.6500,37.6900,36.3100,36.4400,2959900
20160201,37.6900,37.9500,37.0000,37.3700,2666200
20160202,37.0700,37.5500,36.9500,37.1800,1742300
20160203,37.1900,37.3600,36.2900,37.2700,2128100
20160204,37.4200,37.7900,36.9700,37.1500,2833500
20160205,36.0400,37.3100,35.8300,37.2600,4424600
20160208,34.8000,35.7800,34.3900,35.6100,3888600
20160209,35.3700,35.7700,34.1500,34.2100,3464500
20160210,35.8500,36.7300,35.5300,35.6300,3170000
20160211,35.3300,35.6100,34.9400,35.1200,3224000
20160212,36.2200,36.2300,35.5200,35.8400,3923600
20160216,37.0800,37.1700,36.4000,36.7200,2903600
20160217,37.8700,38.1300,34.7500,35.2200,5382300
20160218,37.1900,37.9600,37.0900,37.7300,2231500
20160219,37.4400,37.6000,36.8500,36.9800,2339400
20160222,38.0300,38.1900,37.7800,37.8800,1792500
20160223,37.1700,37.9600,36.9500,37.6400,1282300
20160224,37.4800,37.5000,36.4700,36.6500,1454900
20160225,37.6300,37.7100,36.9600,37.6200,1453500
20160226,37.5900,37.9200,37.4400,37.7500,944200
20160229,37.3500,37.7000,37.3300,37.5900,2187500
20160301,38.5900,38.6600,37.6100,37.6300,2759500
20160302,39.0400,39.2700,38.4100,38.4900,3612300
20160303,39.2000,39.2300,38.7400,38.9200,946800
20160304,39.3400,39.5800,39.0300,39.1400,1125000
20160307,39.4300,39.6800,38.9600,39.0400,1221600
20160308,38.0900,39.1300,38.0100,38.9700,1801500
20160309,38.1300,38.4000,37.9600,38.3100,1614600
20160310,37.9800,38.5100,37.6200,38.1700,1615000
20160311,39.2300,39.2700,38.3200,38.4300,1517300
20160314,39.0200,39.1700,38.4100,38.9800,929600
20160315,38.2900,38.7100,38.0800,38.5900,1059400
20160316,38.9800,39.1000,38.0200,38.0900,1956100
20160317,39.2900,39.4400,38.5900,39.0600,1895700
20160318,40.1900,40.4800,39.2700,39.3300,2504400
20160321,39.6500,40.1400,39.6400,40.0700,2172600
20160322,39.8800,40.0400,39.4500,39.5600,1552300
20160323,39.4700,39.9900,39.3700,39.9000,1554800
20160324,39.4300,39.4500,38.8900,39.1600,993500
20160328,39.5200,39.7500,39.1400,39.5400,1272700
20160329,40.1600,40.2200,39.1100,39.3500,1091200
20160330,40.1200,40.5800,39.8900,40.3600,783400
20160331,39.8500,40.1000,39.6600,40.0100,3143500
20160401,40.3100,40.3800,39.5000,39.5600,2857800
20160404,40.0100,40.5200,39.8000,40.3200,2958100
20160405,39.2600,39.8900,39.1900,39.7300,1900700
20160406,40.2400,40.2500,39.1700,39.2900,1566600
20160407,39.4700,40.1000,39.2500,39.8900,1373800
20160408,39.5400,39.9700,39.4000,39.6900,1106300
20160411,39.4100,40.0000,39.3500,39.8600,1049300
20160412,39.7500,39.8300,39.3400,39.4700,992500
20160413,40.6900,41.0000,39.5000,39.5200,2494600
20160414,40.7800,41.0800,40.5300,40.8600,1347800
20160415,40.9100,40.9500,40.6300,40.7700,1442300
20160418,41.3100,41.4500,40.6100,40.7200,1536100
20160419,41.4000,41.7400,41.1300,41.1800,1640600
20160420,41.5200,41.6800,41.3000,41.4200,1243900
20160421,41.9300,42.0000,41.4200,41.5000,1670400
20160422,41.8000,41.9800,41.5500,41.9800,1396300
20160425,41.6300,41.8600,41.5300,41.7100,1500400
20160426,41.3200,41.8800,41.2600,41.8200,1866100
20160427,41.5800,41.7500,41.0400,41.3500,1189300
20160428,41.1800,41.7800,41.0600,41.2500,1544800
20160429,40.9200,41.0400,40.2600,40.9200,2027900
20160502,41.7100,41.7500,41.1300,41.2000,1285300
20160503,41.2400,41.4900,40.9100,41.3200,1323500
20160504,40.5200,41.2000,40.3900,40.8100,1600200
20160505,40.9600,41.0300,40.5100,40.6400,1084000
20160506,41.4300,41.6200,40.7200,40.8600,1403500
20160509,41.3300,41.7800,41.2900,41.5100,1733100
20160510,42.0000,42.0000,41.3500,41.5000,2094300
20160511,42.4600,43.2000,42.1200,42.1900,3316000
20160512,42.7300,42.9400,42.4200,42.5900,2224500
20160513,42.6200,42.9300,42.3900,42.5500,2423900
20160516,42.9400,43.0700,42.5000,42.6100,3797900
20160517,44.4100,45.3400,43.6300,44.9600,7127100
20160518,44.3200,44.7400,43.9900,44.4500,2973800
20160519,44.5600,44.8200,43.9800,44.0700,3659500
20160520,44.8900,45.2200,44.6900,44.8600,2567400
20160523,44.5700,44.9600,44.5300,44.8900,1689700
20160524,45.0300,45.2900,44.7000,44.7600,3236300
20160525,45.4200,45.6100,45.1200,45.1200,2352400
20160526,45.5100,45.6000,45.2000,45.5800,2562600
20160527,45.8200,45.8500,45.3700,45.5500,1822700
