20150529,12.5000,12.6500,12.4400,12.6200,22126700
20150601,12.4200,12.5500,12.2900,12.5400,14021300
20150602,12.6200,12.8000,12.4100,12.4200,18985200
20150603,12.6100,12.8000,12.6000,12.6300,14758800
20150604,12.5000,12.6500,12.4700,12.5300,14034000
20150605,12.4200,12.4900,12.3500,12.4500,17257800
20150608,12.2500,12.4200,12.2400,12.4000,17656200
20150609,12.1900,12.3400,12.1500,12.2700,15033700
20150610,12.1700,12.3200,12.1400,12.2800,16315600
20150611,12.0900,12.1900,12.0300,12.1700,15411500
20150612,12.0600,12.1600,12.0200,12.0700,14542300
20150615,12.0000,12.1100,11.9200,11.9700,12755200
20150616,12.0200,12.0500,11.9200,11.9700,12010800
20150617,11.9600,12.0400,11.8500,12.0300,14743000
20150618,11.9200,12.0700,11.8700,12.0000,13423800
20150619,11.9300,12.0000,11.8600,11.9000,19106600
20150622,11.7600,11.9000,11.6900,11.9000,24095500
20150623,11.7400,11.8300,11.7100,11.7900,16465700
20150624,11.7400,11.8500,11.6900,11.7100,18029900
20150625,11.5700,11.7700,11.5500,11.7600,15529600
20150626,11.6900,11.7600,11.5600,11.5800,16253300
20150629,11.3500,11.6100,11.3400,11.4800,19926700
20150630,11.1500,11.5000,11.1500,11.4500,22622900
20150701,11.0700,11.2300,10.9400,11.2000,28330900
20150702,11.1000,11.2300,11.0400,11.0900,14451000
20150706,11.0300,11.1300,10.9200,10.9500,18040300
20150707,11.0600,11.1100,10.5800,10.9600,31468600
20150708,10.5000,11.0000,10.3900,10.9500,45976600
20150709,10.5900,10.9700,10.5700,10.7400,40237700
20150710,10.6300,10.8700,10.6100,10.7700,23818300
20150713,10.8200,10.8400,10.6900,10.7700,19075700
20150714,10.7700,10.8600,10.6500,10.7700,17365100
20150715,10.5700,10.7900,10.5200,10.7700,19278600
20150716,10.5100,10.6500,10.4300,10.6500,16344600
20150717,10.4900,10.5500,10.3600,10.4900,16003600
20150720,10.2000,10.4700,10.1800,10.4500,22766800
20150721,10.2300,10.4400,10.1600,10.2000,24257300
20150722,9.9900,10.1600,9.9600,10.1600,40629000
20150723,9.9600,10.1900,9.9000,10.0900,21993800
20150724,9.8100,9.9100,9.6500,9.9100,27614400
20150727,9.6200,9.9900,9.5900,9.7100,27877700
20150728,9.8700,9.9300,9.6100,9.7500,27138600
20150729,10.1600,10.2200,9.8900,9.9200,31605600
20150730,9.9800,10.2500,9.8800,10.1900,19834700
20150731,9.8700,10.1400,9.8600,10.0900,18334500
20150803,9.6400,9.8200,9.5800,9.8200,21546200
20150804,9.7300,10.0700,9.6800,9.9400,24551600
20150805,9.7600,10.1500,9.7500,9.9100,24967600
20150806,9.9100,9.9600,9.6400,9.7600,22662000
20150807,9.4100,10.0600,9.3600,9.8200,33244900
20150810,10.0800,10.0900,9.4100,9.5300,27951600
20150811,9.4800,9.7400,9.4200,9.7000,39791600
20150812,9.5100,9.5600,9.2800,9.3900,28685600
20150813,9.3100,9.5200,9.3000,9.5200,14475800
20150814,9.4100,9.4300,9.2800,9.3200,13248100
20150817,9.4300,9.4900,9.2600,9.3100,10932100
20150818,9.2700,9.3600,9.2400,9.3000,16228000
20150819,9.1100,9.2900,9.1000,9.1800,18602800
20150820,9.0300,9.2200,8.9800,9.1900,17703300
20150821,8.7300,8.9800,8.7300,8.9700,25195100
20150824,8.2000,8.5400,7.9700,8.2000,41143100
20150825,8.1100,8.6600,8.1100,8.6300,26304900
20150826,8.2600,8.2900,8.0200,8.2600,27813900
20150827,8.8600,8.9200,8.3800,8.4000,27421600
20150828,9.4100,9.4200,8.8000,8.8800,42079000
20150831,9.4500,9.5300,9.2200,9.2700,30466400
20150901,9.2200,9.3200,9.0700,9.1500,32623900
20150902,9.3200,9.3900,9.0100,9.3900,40482700
20150903,9.5700,9.7500,9.3500,9.4000,28212600
20150904,9.4900,9.6400,9.3000,9.3900,48097800
20150908,9.7200,9.8700,9.6000,9.8700,18041200
20150909,9.5700,9.9400,9.5300,9.9200,29463100
20150910,9.6300,9.7200,9.5100,9.5600,29546600
20150911,9.6500,9.7500,9.5400,9.6000,19595500
20150914,9.3800,9.6100,9.3200,9.5800,31266100
20150915,9.6300,9.7100,9.3700,9.3900,17947800
20150916,9.8600,9.8800,9.7000,9.7000,19895300
20150917,9.9500,10.1600,9.7500,9.8100,24518200
20150918,9.9700,10.0300,9.7600,9.8500,29097100
20150921,9.9000,10.1000,9.9000,9.9800,17709400
20150922,9.5000,9.6300,9.3800,9.6000,25291700
20150923,9.2000,9.5900,9.1900,9.5800,20939100
20150924,9.1800,9.2600,8.8600,9.0700,25769300
20150925,9.0700,9.2900,8.9600,9.2500,19005100
20150928,9.5900,9.6400,9.2000,9.4600,95703504
20150929,9.4500,9.7700,9.3600,9.6200,39300500
20150930,9.6600,9.7100,9.4300,9.6100,41955500
20151001,9.2600,9.8500,9.1900,9.7100,36865000
20151002,9.5200,9.5200,9.1000,9.1500,28139600
20151005,10.4100,10.4500,9.6000,9.6100,48445400
20151006,10.9800,11.0300,10.4100,10.4300,57268300
20151007,10.9400,11.1800,10.6600,11.1500,41579500
20151008,11.0100,11.1100,10.6300,10.8500,36373200
20151009,10.2600,10.9200,10.2500,10.6700,78717504
20151012,10.0800,10.2900,9.9700,10.2800,31444100
20151013,10.0300,10.2200,9.8600,9.9600,36236700
20151014,9.9500,10.1100,9.9100,10.0900,42258600
20151015,9.7000,10.0000,9.6300,9.9300,49802300
20151016,9.5500,9.7900,9.4300,9.7800,27304000
20151019,9.4200,9.5700,9.3600,9.4300,23063000
20151020,9.4100,9.4600,9.3100,9.3600,25704200
20151021,9.1100,9.4300,9.1100,9.3900,20398400
20151022,9.0900,9.4900,9.0500,9.1600,34028500
20151023,9.1400,9.2800,9.0600,9.1600,20297300
20151026,8.7700,9.1900,8.7100,9.1300,25980500
20151027,8.7300,8.9400,8.6200,8.7900,26942500
20151028,8.9900,9.1300,8.7100,8.7500,33242700
20151029,8.9500,9.0100,8.8200,8.9000,29431800
20151030,8.9300,9.0600,8.8700,8.9700,34944600
20151102,9.1700,9.2400,8.9300,8.9500,29981800
20151103,9.3800,9.5800,9.1900,9.2000,25614000
20151104,9.3800,9.5100,9.2700,9.4500,22174500
20151105,9.2000,9.3200,9.0600,9.2700,22526500
20151106,9.0900,9.1800,8.9800,9.1100,23359600
20151109,8.6100,9.0000,8.5000,8.9700,43479300
20151110,8.3500,8.6100,8.3400,8.6000,28330100
20151111,8.0800,8.4700,8.0800,8.3800,33612100
20151112,7.8200,8.0000,7.8100,8.0000,39182400
20151113,7.9900,8.0600,7.8200,7.8500,26216900
20151116,8.2900,8.3200,7.9600,7.9700,33738600
20151117,8.2700,8.4600,8.2400,8.3300,34662800
20151118,8.4100,8.4100,8.2200,8.3100,23783900
20151119,8.7600,8.7800,8.5000,8.5100,32517600
20151120,8.6900,8.9000,8.5900,8.8100,24866400
20151123,9.0700,9.2400,8.8700,9.0500,44220900
20151124,9.0900,9.2000,8.9700,9.0700,26986300
20151125,9.4100,9.4500,9.0300,9.0500,25664100
20151127,9.3200,9.4600,9.3000,9.3200,9841100
20151130,9.3600,9.5100,9.3100,9.3300,24074800
20151201,9.4800,9.6000,9.4100,9.4600,25546900
20151202,9.3500,9.5700,9.3100,9.4200,25605400
20151203,8.9900,9.4000,8.9100,9.3600,23322800
20151204,9.3400,9.3800,9.0000,9.0300,29518700
20151207,9.0400,9.4700,8.9500,9.4600,37444700
20151208,8.5200,8.8200,8.5000,8.8100,48896600
20151209,8.7400,8.7900,8.5000,8.6300,28194200
20151210,9.1700,9.3400,8.7400,8.7900,36478500
20151211,8.8600,9.0200,8.7500,8.9800,31180200
20151214,9.0000,9.0500,8.6800,8.8400,36698700
20151215,9.1200,9.3400,9.0800,9.1000,27928900
20151216,9.2400,9.2700,9.0700,9.2300,25597200
20151217,9.1500,9.2400,9.0400,9.2000,21607600
20151218,9.2300,9.4100,9.1300,9.1600,32459700
20151221,9.3200,9.4300,9.2300,9.3500,24995300
20151222,9.5600,9.5700,9.2600,9.3500,19475000
20151223,10.1900,10.2200,9.6800,9.7000,39077900
20151224,10.1200,10.2300,10.0800,10.1600,11794700
20151228,9.9800,10.0100,9.8100,10.0000,15608600
20151229,10.1300,10.2700,10.0000,10.1100,13436800
20151230,9.9600,10.0300,9.8500,9.9400,23528300
20151231,9.8700,9.9800,9.8100,9.8700,13362400
20160104,9.7100,9.8000,9.4500,9.5200,37919300
20160105,9.2700,9.7700,9.1600,9.7200,39322700
20160106,8.6100,9.0200,8.5500,9.0000,55199300
20160107,8.2700,8.5100,8.2300,8.3900,34080800
20160108,8.0700,8.5600,8.0200,8.5200,41731900
20160111,8.0000,8.2900,7.9000,8.2900,47942500
20160112,7.2800,8.0200,7.1000,8.0100,91384000
20160113,7.1300,7.4400,7.0800,7.3200,45704300
20160114,7.2400,7.3700,6.8500,7.0900,44292600
20160115,6.9000,7.0200,6.7700,6.9400,52299000
20160119,6.7400,7.0200,6.5600,6.9800,51940800
20160120,6.7400,6.8100,6.1400,6.5100,67550000
20160121,7.0900,7.2600,6.7100,6.7400,47630200
20160122,6.8700,7.4200,6.8300,7.2900,34384300
20160125,6.8000,7.0000,6.7600,6.8100,34030400
20160126,7.1400,7.1800,6.7700,6.8900,36559900
20160127,6.9600,7.2800,6.9200,7.0600,34547400
20160128,7.0000,7.1900,6.8200,7.1700,26887400
20160129,7.2900,7.2900,6.9800,6.9800,35772400
20160201,7.2100,7.3800,7.1100,7.3800,26539500
20160202,6.9700,7.0700,6.9100,7.0200,22162900
20160203,7.5500,7.5700,6.8500,7.0600,33981700
20160204,8.3100,8.4500,7.6300,7.6400,53794800
20160205,8.1200,8.5000,7.8800,8.1400,42947500
20160208,7.9000,8.4200,7.7100,7.7300,39534900
20160209,7.8100,7.9500,7.5800,7.7200,27181600
20160210,7.5400,7.9100,7.4500,7.9000,27192700
20160211,7.3300,7.5500,7.1100,7.3600,31927400
20160212,7.6900,7.7800,7.3600,7.5300,26031500
20160216,8.1200,8.1300,7.6800,7.8000,22037600
20160217,8.5200,8.6000,8.2000,8.2300,29089900
20160218,8.1200,8.5600,8.0800,8.5400,29272500
20160219,7.8700,8.0900,7.8400,8.0300,30954000
20160222,8.9100,8.9300,8.0400,8.0400,55121300
20160223,8.5300,8.7700,8.5100,8.7500,26530300
20160224,8.7600,8.7900,8.2500,8.2600,31031700
20160225,8.8700,8.9200,8.5500,8.7900,27665000
20160226,8.8700,9.2100,8.8200,9.1200,22386200
20160229,8.9300,9.1100,8.8500,8.9500,22083300
20160301,9.1100,9.2000,8.9200,9.1200,16226500
20160302,9.6200,9.7000,9.1000,9.1500,49017600
20160303,9.4700,9.7000,9.1700,9.4000,35536300
20160304,9.5700,10.0400,9.4200,9.5900,40825300
20160307,10.0400,10.0700,9.6100,9.6600,41982000
20160308,9.3300,9.9000,9.2900,9.7700,37852900
20160309,9.4200,9.5200,9.1200,9.4300,21780500
20160310,9.5900,9.6300,9.2200,9.3800,24938900
20160311,9.5200,9.8500,9.4500,9.7100,23380400
20160314,9.6700,9.8000,9.3600,9.4100,21676300
20160315,9.1600,9.5200,9.1100,9.5000,31471200
20160316,9.7400,9.7700,9.1000,9.1900,34530700
20160317,9.9400,10.0000,9.7300,9.8600,39271000
20160318,10.0300,10.2200,9.8000,10.0000,33625800
20160321,9.8900,10.0400,9.7100,9.9400,19104000
20160322,9.8500,9.9600,9.6800,9.7600,19844200
20160323,9.3200,9.8000,9.2500,9.6900,25426400
20160324,9.5700,9.6100,9.0400,9.1800,20741200
20160328,9.7000,9.8400,9.4700,9.6700,16501700
20160329,9.7200,9.7500,9.3700,9.5500,24606600
20160330,9.6800,9.8700,9.6300,9.8300,18462700
20160331,9.5800,9.8600,9.5300,9.7000,19958500
20160401,9.6300,9.6400,9.3500,9.4400,17572700
20160404,9.4000,9.7700,9.3700,9.5800,19946700
20160405,9.4100,9.5500,9.2600,9.2900,14702600
20160406,9.5000,9.5400,9.2600,9.4200,16823100
20160407,9.4800,9.8000,9.4300,9.4300,30607700
20160408,9.3700,9.7300,9.3500,9.7000,35175800
20160411,9.7400,9.8500,9.4300,9.5300,46385900
20160412,9.4800,9.5000,9.1600,9.3400,66817100
20160413,9.7900,10.0700,9.5200,9.5900,48755100
20160414,10.0100,10.1400,9.7600,9.8900,31407800
20160415,10.0100,10.1500,9.9400,9.9800,26943500
20160418,10.0900,10.1300,9.7800,9.8100,21011300
20160419,10.5300,10.5300,10.1600,10.1800,26020800
20160420,10.5900,10.7400,10.2700,10.5000,30382500
20160421,10.4200,10.7100,10.3500,10.6800,23573400
20160422,10.4000,10.6400,10.3200,10.4500,20171700
20160425,10.1600,10.3500,10.1000,10.3100,19410500
20160426,10.6600,10.6700,10.1800,10.2800,27329800
20160427,11.3100,11.3600,10.6600,10.6600,46586100
20160428,11.1500,11.3800,11.1000,11.2200,26858400
20160429,11.1700,11.5000,11.0700,11.2800,41617600
20160502,10.9600,11.2600,10.8500,11.2000,25916900
20160503,10.3500,10.7300,10.2600,10.6800,30323500
20160504,10.2400,10.4500,10.1700,10.2800,22625500
20160505,10.0200,10.3800,9.9400,10.3200,22168600
20160506,10.0400,10.2900,9.9900,9.9900,18426900
20160509,9.4600,9.8600,9.4400,9.8600,33775000
20160510,9.6700,9.6800,9.3200,9.5600,19780900
20160511,9.5400,9.7900,9.5400,9.6900,15949200
20160512,9.4400,9.7200,9.2500,9.6500,23038100
20160513,9.2000,9.5400,9.1800,9.3500,18121900
20160516,9.2800,9.4700,9.2400,9.3000,19823100
20160517,9.3000,9.4500,9.1300,9.2700,19157600
20160518,9.0200,9.3500,8.9500,9.1900,23198100
20160519,9.1200,9.1300,8.7800,8.9200,24528200
20160520,9.1100,9.2800,9.0200,9.2300,18874600
20160523,9.2800,9.3600,9.1300,9.2800,20358100
20160524,9.4200,9.5500,9.2600,9.3800,18467600
20160525,9.6000,9.6800,9.4800,9.5100,13996300
20160526,9.5100,9.8100,9.4400,9.7700,15519300
20160527,9.3500,9.5500,9.3100,9.5100,24054900
