20150529,42.3700,42.6000,41.3200,41.6800,13236100
20150601,44.1800,44.3800,42.0900,42.6100,21917100
20150602,43.7800,44.1100,43.0400,43.3000,14832900
20150603,43.1300,43.9100,43.0100,43.3500,13272600
20150604,42.1700,43.9800,41.8800,43.0500,14128000
20150605,41.7200,42.5800,41.7100,42.1300,9951100
20150608,39.8600,41.2400,39.2700,41.0700,25757800
20150609,40.3300,40.7200,38.4500,38.8000,27024800
20150610,40.4300,41.2100,39.7000,40.2100,15731900
20150611,40.0200,41.2600,39.9400,40.7900,10116700
20150612,40.7100,41.0000,39.7600,39.8400,10333800
20150615,40.0700,41.0000,40.0100,40.3500,8830300
20150616,39.4800,40.3200,39.3200,40.1300,9212100
20150617,39.8800,40.0900,38.9100,39.2700,9567400
20150618,39.9800,40.2200,39.6100,39.8000,10647000
20150619,41.5600,41.8900,40.3000,40.3000,20198300
20150622,43.0300,43.2500,42.2400,42.9200,15120200
20150623,42.7300,43.4200,42.3500,42.9800,10702000
20150624,42.2400,42.9200,42.0700,42.7000,6895900
20150625,42.2400,43.4200,42.2000,42.6500,8174200
20150626,41.4400,42.5800,41.3300,42.4400,9819900
20150629,39.7500,41.3200,39.5900,40.7700,17651700
20150630,39.9400,40.6000,39.9300,40.2000,11184500
20150701,38.8000,40.9000,37.8000,40.6500,24907100
20150702,39.0300,39.8100,38.4000,39.0200,11080000
20150706,39.7300,40.0000,39.0800,39.0900,9157700
20150707,40.6700,40.7400,39.2600,39.9300,10375900
20150708,39.3100,40.3100,39.1400,40.3000,11193000
20150709,39.6700,40.2800,39.6600,39.8400,8490900
20150710,41.2100,41.6400,40.5000,40.5100,16451700
20150713,42.4200,42.7200,41.9600,41.9600,12077000
20150714,42.0600,42.4600,41.2900,42.0400,12701500
20150715,41.5400,42.2200,40.3900,41.3900,17922800
20150716,41.3900,42.2200,41.3000,41.8100,12111300
20150717,41.4000,41.8400,41.2400,41.4500,9736000
20150720,40.5500,41.7100,40.4400,41.5500,7645900
20150721,40.9000,41.3000,40.4900,40.5000,7300000
20150722,41.4300,41.6100,40.9600,40.9600,8302900
20150723,42.6100,43.8100,42.0000,42.7800,16579900
20150724,39.6300,43.1100,39.6200,43.0000,20152600
20150727,40.1400,40.8100,38.9000,39.6300,12071400
20150728,41.1700,41.3800,40.1800,40.1800,8186000
20150729,40.7300,41.3300,40.4400,41.0900,6801400
20150730,40.2700,40.9300,39.9200,40.5800,5855800
20150731,40.1000,40.5400,39.8800,40.5300,6955900
20150803,41.7100,41.8500,40.2100,40.2400,9261900
20150804,42.7400,42.7700,41.8800,42.1500,13354300
20150805,42.9600,43.3000,42.5900,42.8500,7581000
20150806,42.1800,43.4500,41.7600,43.2500,7395500
20150807,41.4900,42.4800,41.4000,42.2100,5588600
20150810,41.6800,42.4300,41.4500,41.7500,6860600
20150811,42.7000,43.4200,41.6500,41.7400,10378600
20150812,42.5200,42.6800,40.6800,42.3700,10391900
20150813,42.6700,43.2800,42.2700,42.7600,6605800
20150814,42.8800,43.1700,42.3500,42.3500,4857400
20150817,43.9500,44.0200,42.8200,42.9600,8385400
20150818,43.6300,44.4500,43.2400,44.0600,6317200
20150819,43.5300,44.2700,43.2100,43.5300,8374000
20150820,41.9800,43.5200,41.7800,42.8400,8905700
20150821,39.7500,41.6000,39.7500,41.4000,16241600
20150824,37.6200,39.9000,34.1000,36.0000,19612700
20150825,37.5000,39.4900,37.4900,39.3900,12820300
20150826,38.8500,39.0100,36.9700,38.7700,15679800
20150827,39.0300,39.4500,37.9700,39.1700,13793600
20150828,38.6200,39.5800,38.3500,38.9300,11825000
20150831,38.9800,39.7600,38.6200,38.6300,12409600
20150901,39.2000,39.8100,38.5000,38.6300,16042600
20150902,41.5100,41.5100,39.8000,39.9700,19316800
20150903,40.8900,41.9100,40.7800,41.8400,9905600
20150904,40.6000,41.3200,40.1500,40.4000,9738400
20150908,40.8000,41.5800,40.6900,41.2800,10814800
20150909,41.0000,42.1800,40.6300,41.1500,12481200
20150910,41.2100,41.8800,40.7100,41.3900,9181600
20150911,42.1500,42.1500,41.0500,41.2200,8635200
20150914,42.2900,42.5000,41.8400,42.1700,7362500
20150915,42.6400,42.8500,41.8900,42.3600,7008300
20150916,43.0600,43.2500,42.2400,42.4000,7703100
20150917,43.9900,44.5900,42.9900,43.1100,12835700
20150918,43.4900,44.0300,43.2800,43.4300,12446900
20150921,43.2300,44.0100,42.8800,43.7200,6687200
20150922,41.1900,43.0800,40.9200,42.7700,12483700
20150923,41.2400,41.5000,40.5000,41.3200,8248800
20150924,40.2500,41.1500,39.9200,41.1500,10507300
20150925,40.2400,41.0300,39.9200,40.9300,7524900
20150928,39.0800,40.1800,38.6400,39.8700,9635900
20150929,39.1800,39.7700,38.7900,39.0500,7478800
20150930,38.8300,39.6800,37.7200,39.1800,15823700
20151001,39.2000,39.2700,37.8400,38.5000,9175100
20151002,38.6300,38.7700,37.4200,38.7500,12276300
20151005,40.1900,40.3000,38.8200,38.9000,9421800
20151006,38.1300,40.3700,38.0800,39.9500,13032000
20151007,39.3100,39.4100,37.7600,38.4100,10513700
20151008,39.7400,40.0300,38.7000,39.2100,8308100
20151009,42.4200,42.4900,40.2500,40.2700,16835500
20151012,43.8400,43.8800,42.5500,42.5900,11443300
20151013,43.4100,43.9700,42.5200,42.7000,13250300
20151014,43.8000,44.5000,43.2300,44.0000,11125800
20151015,44.4600,44.4800,43.5000,44.1000,8185400
20151016,43.7100,44.0200,42.8600,43.9500,11161900
20151019,44.4500,44.4900,43.6200,43.8300,8934600
20151020,44.7900,45.1800,44.4500,44.5400,7610800
20151021,44.3100,45.1800,44.0900,44.4900,6935700
20151022,45.9900,46.0100,44.3600,44.8900,14444600
20151023,45.6700,46.4200,43.8100,46.3700,20281400
20151026,46.4700,46.5700,44.9900,45.3600,11026200
20151027,46.4600,46.6900,45.6500,46.4100,6824100
20151028,45.8600,46.3600,45.2300,46.2000,7629700
20151029,45.8600,46.1000,45.2100,45.6300,5234400
20151030,46.2200,46.7700,45.7100,45.7700,8589700
20151102,46.4700,46.8200,46.2000,46.2000,6189300
20151103,46.5000,47.0900,46.0800,47.0200,6983200
20151104,45.6300,46.4500,45.1500,46.4200,8081400
20151105,45.6000,45.8300,45.0300,45.7000,5864700
20151106,45.3400,45.9700,45.0500,45.5100,11669600
20151109,44.6500,45.2100,44.5600,45.1700,7214600
20151110,44.4900,45.1600,44.0200,44.6600,5935300
20151111,44.3900,44.9500,44.3700,44.7600,4413000
20151112,43.9000,44.5200,43.8200,44.2900,5951100
20151113,43.4500,44.2300,43.1200,43.6700,7486100
20151116,42.8300,42.8400,41.8500,42.4100,10201100
20151117,42.3000,43.4600,42.0500,43.0000,9596500
20151118,41.7500,42.3200,41.0100,42.3200,11071100
20151119,42.3000,42.7300,41.8900,41.9400,6545500
20151120,42.2000,42.7100,42.0500,42.4000,5656000
20151123,42.3000,42.7400,41.8100,42.1100,4166100
20151124,41.2300,41.6400,40.4500,41.0200,7578000
20151125,41.3100,41.5000,40.9600,41.3500,4276600
20151127,41.6900,42.2500,41.1700,41.3800,3066600
20151130,41.2600,41.9900,40.9800,41.7500,6450900
20151201,43.2600,43.3000,41.3000,41.4700,8912900
20151202,43.8200,44.5300,43.5300,44.0900,8010400
20151203,43.2700,44.6000,42.9200,43.6500,7235300
20151204,44.9700,44.9900,43.8200,43.8200,9460900
20151207,45.7800,46.4900,45.2200,45.3500,8911700
20151208,44.5500,45.5100,44.0700,45.1000,9043700
20151209,43.6500,45.1900,43.1900,44.3000,8001000
20151210,44.0900,44.4800,43.5400,43.7900,7955600
20151211,42.0900,43.5900,42.0600,43.2800,10235200
20151214,41.7700,42.8700,41.0800,42.2600,10750500
20151215,42.6000,42.8200,41.9200,41.9700,7068900
20151216,43.2000,43.4900,42.1200,42.9900,7850900
20151217,42.4600,43.9500,42.4500,43.3300,7225000
20151218,41.0900,42.3100,40.7000,41.6100,17810000
20151221,42.4000,42.4300,41.3500,41.3500,6597500
20151222,42.9000,43.0800,42.3600,42.5600,5704700
20151223,43.2900,43.3900,42.4300,42.7800,6093600
20151224,43.8100,44.1900,43.1100,43.2700,3307000
20151228,43.2300,44.0400,42.9100,43.6200,4148000
20151229,43.5000,43.6200,43.0300,43.2500,4006900
20151230,42.8000,43.6400,42.4600,43.6400,5463600
20151231,42.3500,42.5700,41.8300,42.5400,6813800
20160104,40.9100,41.3500,40.3000,41.2900,12037200
20160105,40.5200,41.4900,39.9500,41.1800,10514200
20160106,41.2300,41.7000,40.0000,40.0500,12393800
20160107,40.4500,41.5200,39.6800,40.9700,11312900
20160108,40.3700,41.3600,40.2600,40.9400,8853100
20160111,41.0800,41.2000,39.9000,40.5600,15877500
20160112,42.0000,42.3600,40.4800,41.1500,12636000
20160113,40.1000,42.7400,39.6600,42.1700,12718600
20160114,40.5500,40.7800,38.8600,40.2100,11756500
20160115,38.7600,39.8900,38.3700,39.0400,18924800
20160119,38.8600,39.7800,38.2100,39.5900,10505900
20160120,39.0600,39.8500,36.2000,38.5300,16089100
20160121,39.7900,40.0000,38.0200,38.9300,9781700
20160122,40.1600,40.7200,39.5700,40.0000,7247000
20160125,38.8800,40.1600,38.8200,40.0200,10113200
20160126,39.6400,39.7500,38.4400,38.7300,8099000
20160127,39.6900,40.8700,39.4800,40.1500,10186000
20160128,38.1400,39.7900,37.6600,39.6100,17112300
20160129,38.9900,39.0900,36.6000,37.5200,20957500
20160201,39.3800,39.9400,38.6300,39.0000,12023500
20160202,37.0300,38.9700,37.0000,38.8300,12401400
20160203,37.5100,37.6100,35.7600,37.3800,12390500
20160204,38.2100,38.6000,36.7000,37.3400,8599600
20160205,36.7500,38.4900,36.5300,37.7100,10072700
20160208,35.5500,36.1600,34.7600,36.0800,12821900
20160209,36.1900,36.7500,34.9100,34.9300,11143300
20160210,37.1200,37.6400,36.5300,36.5700,8114100
20160211,36.4900,37.2200,36.1700,36.4700,8096000
20160212,37.8200,37.9800,36.4200,36.9200,9412800
20160216,38.6100,38.7700,37.5300,38.1300,7147500
20160217,39.3400,39.8300,38.8700,38.9500,8432500
20160218,39.5400,39.6800,38.9600,39.3600,9605800
20160219,39.7600,40.0700,39.0400,39.1600,11052400
20160222,40.8400,40.9300,40.0700,40.1400,9997300
20160223,40.3800,40.8100,40.1700,40.5600,6432200
20160224,40.6600,40.8300,39.3900,40.0200,6103700
20160225,41.3600,41.3800,40.4100,40.7600,6936400
20160226,40.8700,41.6000,40.3800,41.5000,7467200
20160229,41.0000,41.3400,40.5000,40.7700,5791300
20160301,41.8300,42.0200,41.0600,41.4400,7885800
20160302,41.5900,41.8000,41.2900,41.4700,7913700
20160303,41.8800,42.2400,41.2300,41.5200,8812800
20160304,41.6300,42.1700,41.4200,42.1700,9474100
20160307,42.1300,42.2300,40.9000,41.3100,6959700
20160308,40.7700,41.4100,40.0500,41.3000,8418300
20160309,41.6500,41.7200,40.5200,40.7400,8546300
20160310,41.6300,42.1100,40.9100,42.1100,5814200
20160311,42.4700,42.5000,41.7000,41.8900,5701500
20160314,42.5900,42.7000,42.1200,42.3100,4568000
20160315,42.1100,42.4900,41.9800,42.3000,4445400
20160316,42.3100,42.4300,41.5900,41.8100,4792900
20160317,42.1000,42.3100,41.8200,42.3100,5960600
20160318,43.4400,43.5300,41.7500,42.3100,13746000
20160321,43.4700,43.7800,43.2800,43.3200,4756400
20160322,42.7600,43.0200,41.8400,42.0000,6721600
20160323,41.9200,42.8600,41.5800,42.8000,9583400
20160324,40.5000,41.9500,40.1900,41.8800,12515100
20160328,40.9100,41.3400,40.3300,41.0000,6402800
20160329,41.3500,41.4300,40.7700,40.9000,6794000
20160330,41.3800,42.0700,41.3600,41.7500,6076800
20160331,41.0100,41.6800,40.9800,41.5000,8138000
20160401,39.5200,40.1600,39.2700,40.1300,11244100
20160404,39.3700,40.2400,39.1500,39.8100,7831200
20160405,38.9300,39.3800,38.7400,39.1300,7648400
20160406,38.9000,39.0700,38.3400,39.0700,5650000
20160407,38.3600,39.0500,37.9100,38.6600,8206700
20160408,38.5000,38.7200,38.1200,38.7000,6087400
20160411,38.7300,39.5500,38.6700,38.7900,7932300
20160412,39.1900,39.4300,38.7600,38.8200,6426000
20160413,39.9400,40.0100,38.8900,39.3000,12493500
20160414,41.1700,41.6600,40.2500,40.3400,10133400
20160415,40.9100,41.3600,40.7200,41.3000,6982200
20160418,40.9200,41.2600,40.4400,41.1800,5245700
20160419,41.3400,41.7600,40.9700,40.9900,6650200
20160420,41.2600,41.7100,41.1100,41.3600,5018200
20160421,40.0100,40.9300,39.8000,40.8000,10782600
20160422,38.2100,38.4900,37.0100,37.6800,20939500
20160425,37.0000,38.4000,36.9200,38.1600,12670100
20160426,36.9200,37.4900,36.2600,37.2700,14692700
20160427,36.7100,37.2900,36.5200,36.7900,12305000
20160428,35.9700,37.0900,35.8900,37.0400,9836800
20160429,34.6900,35.8300,34.1000,35.8100,17807200
20160502,34.4300,35.1700,34.4000,34.9900,8829800
20160503,34.5800,34.7700,33.8500,34.7600,10656500
20160504,33.2100,34.3000,33.0000,34.1700,13402400
20160505,32.8100,33.5200,32.7300,33.2800,11580200
20160506,33.0300,33.1500,32.1900,32.6700,12743800
20160509,32.9400,33.8000,32.9400,33.0300,9307600
20160510,33.7700,33.8000,33.0900,33.2400,8118200
20160511,32.8600,34.0400,32.8500,33.6800,8100800
20160512,31.3300,33.0200,31.2900,33.0100,14207100
20160513,31.5100,32.0100,31.0800,31.0900,10118100
20160516,32.1200,32.3000,30.9900,31.8100,12368100
20160517,32.6400,33.2900,32.0200,32.2500,13296400
20160518,32.6100,33.3600,32.3400,32.6100,9123700
20160519,32.1500,32.5900,31.6900,32.2800,8867100
20160520,32.0100,32.8100,31.9500,32.3000,7276500
20160523,31.7300,32.2900,31.7000,32.0300,6488600
20160524,32.1500,32.2800,31.8500,31.8900,6952100
20160525,32.1700,32.9000,32.1000,32.3900,7401800
20160526,31.5100,32.3400,31.3700,32.1300,7157800
20160527,31.6500,31.8400,31.4100,31.6000,8569700
