20150529,66.5900,67.5200,66.3900,67.2200,9451000
20150601,66.9300,67.2600,66.2600,66.8000,12426700
20150602,66.6200,67.2300,66.3300,66.7000,11133200
20150603,67.0100,67.3000,66.6200,66.9000,20804000
20150604,67.4200,67.8700,66.5200,66.5500,10539000
20150605,67.4000,67.7600,66.6200,66.9800,8908900
20150608,67.7900,68.2000,67.5300,67.8600,10276700
20150609,67.6700,68.0800,67.5100,67.5200,8132800
20150610,68.2400,68.4400,67.5400,67.6600,7349300
20150611,68.0400,68.6700,67.6500,68.6700,7552200
20150612,67.0500,67.9300,66.5900,67.8900,8249900
20150615,66.9100,67.0500,66.1000,66.6600,7028400
20150616,66.7700,67.4000,66.6200,66.7200,5200700
20150617,67.7700,67.9900,66.8800,66.9700,7377100
20150618,68.9800,69.0700,67.7900,67.7900,9079000
20150619,69.4800,69.7500,68.5000,68.5000,9979500
20150622,70.1200,70.6000,69.7300,69.8500,10124900
20150623,70.0200,70.4900,69.5700,70.0100,8720000
20150624,69.2200,70.7500,69.0300,70.5200,9308200
20150625,69.8200,70.3800,69.2900,69.6700,6191200
20150626,70.4600,70.6000,69.6800,69.9500,9669500
20150629,67.1800,70.0200,67.0800,69.2700,12057200
20150630,67.1900,68.2200,66.6600,68.0000,11625900
20150701,68.5100,68.6000,67.6800,67.9000,7694900
20150702,68.2100,68.9000,67.7900,68.6800,6245700
20150706,68.2200,69.0000,67.4900,67.5300,17029100
20150707,68.5600,68.7900,67.3200,68.4200,7821600
20150708,67.6600,68.4400,67.5800,67.7900,5027200
20150709,67.9700,68.9200,67.8000,68.4800,6516800
20150710,69.2300,69.5000,68.5300,68.9400,6891400
20150713,69.5700,69.7000,69.1700,69.4200,5507000
20150714,69.8000,70.5200,69.4000,69.7100,6628300
20150715,69.7500,70.0400,69.3100,69.8100,16761400
20150716,69.9900,70.3000,69.8300,70.1400,6843800
20150717,69.9900,70.1300,69.7000,69.9900,6141200
20150720,70.8000,71.1100,69.8600,70.0000,9633000
20150721,70.5400,71.6000,70.2200,70.8100,5028500
20150722,70.5600,70.6500,70.0300,70.2600,5701700
20150723,70.5200,70.9300,70.1400,70.2500,5636600
20150724,68.0800,69.0200,67.3500,67.5300,13495200
20150727,69.3400,70.9600,68.4600,68.4600,12841500
20150728,71.2300,71.4400,69.0800,69.5000,10098300
20150729,70.7700,71.5100,70.7400,71.2900,6793300
20150730,70.1600,70.8800,69.2700,70.8600,6820400
20150731,70.0100,70.3800,69.7300,70.3800,6181300
20150803,69.7300,70.7900,69.2800,70.1900,9872300
20150804,69.9500,70.3900,69.6700,70.0400,5410900
20150805,70.3000,70.6400,70.0500,70.1000,10090200
20150806,69.2400,70.7800,68.8000,70.3700,6172200
20150807,68.6200,69.3000,67.7700,69.0800,6214500
20150810,69.2100,69.4300,68.5000,68.9200,8189400
20150811,68.2500,69.2900,67.9400,68.5000,7473200
20150812,68.7500,68.9200,67.2400,67.8300,8337600
20150813,68.5400,69.0900,68.2100,68.6800,7184900
20150814,68.6500,69.4400,68.4100,68.5600,5864800
20150817,69.3700,69.8200,68.3000,68.7100,17669900
20150818,68.8600,69.7400,68.6700,69.4200,6376500
20150819,68.5900,69.0800,68.2100,68.7500,6270300
20150820,67.4800,68.4300,67.4800,68.0000,9600900
20150821,65.9000,67.1600,65.8300,66.7400,16277100
20150824,63.4500,64.8500,53.8700,61.1700,24292600
20150825,60.7100,65.1200,60.6500,65.1100,15267000
20150826,63.1400,63.2200,60.8800,62.4700,15289600
20150827,64.5100,64.6000,63.0000,64.0300,12592100
20150828,63.9800,64.7800,63.4400,63.9100,7316400
20150831,62.4100,64.3100,62.2500,64.1400,15581100
20150901,60.5000,61.6300,60.1600,61.0000,12703200
20150902,60.9800,61.6000,60.2800,61.5600,12044500
20150903,61.5800,62.2800,61.3500,61.4500,11777400
20150904,59.7700,60.8000,58.9600,60.6500,9281400
20150908,60.5700,60.9400,59.9100,60.2200,9263200
20150909,59.2600,61.5200,59.1100,61.5200,8436900
20150910,59.5800,60.1300,58.8900,59.3600,9306600
20150911,59.3500,59.7600,58.9700,59.6200,9365400
20150914,58.9400,59.6200,57.5400,59.4300,9095600
20150915,59.2000,59.4400,58.3700,58.9800,10474700
20150916,59.5100,59.6400,58.6300,59.5000,8044200
20150917,59.8600,60.9200,59.3900,59.5600,10281700
20150918,61.2200,61.8300,58.9700,59.4200,28957000
20150921,59.3900,61.7400,59.2900,61.2400,11038100
20150922,57.7400,58.2600,56.9100,58.1700,14192000
20150923,57.4300,58.4000,57.1500,57.9000,9827000
20150924,56.5700,57.4800,55.9200,56.9300,8625500
20150925,55.7400,57.8800,55.0800,57.8400,8673500
20150928,52.5000,55.4300,52.3400,55.3900,15123000
20150929,52.7900,54.1900,51.8800,53.1000,12842800
20150930,54.4100,54.5000,53.3600,53.5400,11895500
20151001,55.1300,55.2300,53.9300,54.6800,9255800
20151002,55.8200,55.8500,53.7200,53.8700,6942600
20151005,56.6800,56.9500,55.4400,56.3900,9332800
20151006,55.0800,56.6700,53.9600,56.2600,9008300
20151007,55.6300,56.5500,53.9100,54.8500,11056100
20151008,56.0400,56.1600,54.8000,55.1300,6737300
20151009,55.6400,56.5000,55.4700,56.1800,7178500
20151012,55.7700,56.2700,55.5200,55.8000,6515000
20151013,53.8000,55.3600,53.7100,55.1700,9467900
20151014,53.9400,54.6200,53.5700,54.0900,8727400
20151015,56.1400,56.2000,53.8500,54.3200,7781600
20151016,56.5300,56.9700,55.7900,56.2900,7342800
20151019,56.1600,56.7000,55.6900,56.2900,6463000
20151020,54.8300,56.3800,54.6300,56.1500,6494600
20151021,53.8300,55.6100,53.0700,55.2800,11638800
20151022,48.2700,54.4400,45.4500,53.8800,46517700
20151023,50.3400,51.7300,48.6400,49.4100,26214800
20151026,51.8700,52.4800,49.3500,50.1700,13890400
20151027,52.5800,53.4900,52.0100,52.0100,11710800
20151028,53.2600,53.8400,52.0800,52.8200,7869000
20151029,54.1000,55.1800,53.0200,53.2000,9304400
20151030,59.5500,60.7300,57.6600,57.8700,27465600
20151102,63.3800,64.2000,61.4400,61.6000,17008700
20151103,62.4300,63.7200,61.9200,63.1200,8754700
20151104,63.8000,64.1500,62.3000,62.4300,10342600
20151105,62.7700,64.1800,61.6900,63.7000,10237200
20151106,64.1300,64.3000,62.1300,62.2500,7261100
20151109,63.2300,64.1300,63.1100,63.6200,8239400
20151110,62.3000,63.6200,62.2800,63.3300,6897600
20151111,60.8600,62.2700,60.5700,62.2000,8212500
20151112,60.2300,61.7300,60.1500,60.7900,7765500
20151113,59.8600,60.9700,58.8900,60.0100,7834400
20151116,60.0100,60.8100,59.5600,59.7400,6965100
20151117,60.3800,61.7300,59.7300,60.1000,8405400
20151118,60.9900,61.0600,59.8500,60.2600,5470200
20151119,60.5500,61.7300,60.1400,61.2200,5571200
20151120,61.1100,61.3600,60.5700,60.9400,7490200
20151123,61.1500,61.5300,60.8400,61.3100,6405000
20151124,61.1300,61.6500,60.5300,60.5600,5213500
20151125,60.2900,61.1300,60.2100,61.1000,4879800
20151127,60.0000,60.4500,59.6100,60.1700,2404100
20151130,58.1500,60.2100,57.9600,59.9600,12660200
20151201,59.0200,59.1000,57.1600,58.2300,11290500
20151202,57.7200,59.3900,57.3700,59.1700,7663000
20151203,56.1200,57.7500,55.5300,57.7100,9701500
20151204,57.1800,57.4800,56.2000,56.5000,6748100
20151207,56.2700,57.9900,55.7600,57.9000,7890900
20151208,56.6700,56.8700,55.5100,55.5600,6896200
20151209,56.0300,57.4400,55.7200,56.2800,6207900
20151210,55.7800,56.6500,55.6500,56.0000,6736900
20151211,54.0400,55.7800,53.8500,55.7800,9388600
20151214,55.4400,55.4800,53.2400,53.7100,9419500
20151215,56.3900,57.0000,55.9100,56.1500,6990000
20151216,57.6300,57.6900,56.2000,56.6700,6282500
20151217,56.3800,57.9300,56.3500,57.6600,7848900
20151218,55.7400,56.1000,55.3600,55.9000,13807000
20151221,56.2000,56.2600,55.7000,56.0000,4572100
20151222,57.5900,57.9900,56.4200,56.5400,8390800
20151223,58.5800,58.6100,57.6100,57.8800,6634400
20151224,58.4600,58.7300,58.0000,58.3800,2152900
20151228,58.7500,58.9700,57.7600,58.2700,5585800
20151229,59.4500,59.7000,59.0200,59.0200,5073900
20151230,59.8000,60.1200,59.3100,59.4000,5220300
20151231,59.2400,59.9300,59.2000,59.5000,6104800
20160104,57.6100,58.3200,56.4000,58.0600,10308400
20160105,57.3700,58.2500,56.8200,57.9900,7179600
20160106,57.3800,57.5600,56.1800,56.3700,8952700
20160107,57.2100,57.8400,56.3400,56.5200,9292600
20160108,55.6500,57.8100,55.4800,57.5500,7985200
20160111,53.8800,55.9800,52.8300,55.8600,10483300
20160112,54.8400,54.9700,53.5700,54.4700,6799600
20160113,51.1800,54.6200,50.9800,54.5500,10432200
20160114,54.5600,56.8300,50.7100,51.3200,16704900
20160115,57.3400,57.4100,53.0100,53.0100,27008800
20160119,54.9900,57.7300,54.2300,57.5300,13644500
20160120,57.1500,57.9300,53.7000,54.2100,11993100
20160121,58.3600,58.7700,56.9200,57.2900,12097000
20160122,58.8300,59.4300,57.8200,59.1000,10383800
20160125,58.6500,59.8100,58.1800,59.0300,9681900
20160126,58.2600,59.2700,57.2100,59.0100,7421100
20160127,57.1100,58.9300,56.4500,58.3600,9077700
20160128,55.8500,57.7300,54.7800,57.2300,10521100
20160129,54.9000,55.3100,53.4200,53.4200,17768700
20160201,54.3900,54.8800,52.5100,54.1600,11693300
20160202,53.9500,54.7800,53.3200,53.6400,7918300
20160203,56.8400,57.1800,54.0500,54.5300,16435700
20160204,56.7600,57.3100,55.3600,56.7400,10351200
20160205,53.1200,56.3400,52.6200,56.2500,13263200
20160208,52.8900,54.1000,51.9400,52.5800,9369400
20160209,53.4800,53.9400,52.0600,52.3100,7655800
20160210,52.7200,54.6900,52.5500,54.1100,9302800
20160211,52.1800,53.1200,51.8200,52.3000,8551100
20160212,52.5800,52.9700,51.6000,52.5300,9976200
20160216,53.5100,53.8700,52.7300,53.4400,8313000
20160217,55.0100,55.1500,53.3500,54.3400,10005600
20160218,54.5500,55.5300,54.1700,55.5300,6555000
20160219,54.2900,55.0000,53.9800,54.5000,8532500
20160222,55.2800,55.3200,53.7400,54.2900,9381800
20160223,55.0700,56.3100,55.0000,55.7000,8629700
20160224,54.8900,55.0700,54.0100,54.6600,6633800
20160225,56.2000,56.2300,54.4300,55.1700,7076300
20160226,56.0000,56.7900,55.8000,56.2600,5298000
20160229,54.6100,56.0000,54.4700,55.8700,8395100
20160301,56.3400,56.3400,54.2400,54.7800,7106000
20160302,55.7000,56.4300,55.4000,56.1700,7054800
20160303,55.9300,56.0900,55.1500,55.6900,9283900
20160304,56.1500,56.7000,55.3000,56.0000,6439700
20160307,56.4000,56.5000,54.8300,55.7000,7741800
20160308,55.3200,56.4700,55.2300,56.1800,5303700
20160309,56.3900,56.6500,55.0400,55.5100,8402500
20160310,56.2300,57.3700,55.3200,56.5600,5627900
20160311,57.7300,57.8700,56.3500,56.4000,6537400
20160314,57.2100,57.7300,56.9700,57.6700,4650800
20160315,55.6200,56.9300,55.1300,56.6500,5779600
20160316,56.3100,56.5400,55.2500,55.5800,6245400
20160317,55.3200,56.4600,54.4100,56.4600,8308800
20160318,56.5700,56.6000,54.8000,55.5900,11029800
20160321,56.0100,56.7800,55.7300,56.5200,6632900
20160322,57.5000,57.5400,55.7500,55.7500,7661600
20160323,56.3600,57.5000,56.2200,57.1600,5116400
20160324,56.1200,56.2500,55.6700,56.1400,5278900
20160328,56.1100,56.7000,55.8000,56.3500,3803100
20160329,57.0500,57.1000,55.2200,56.1000,4567900
20160330,57.0000,57.5300,56.7200,57.4300,3650300
20160331,57.1200,57.4600,56.8200,57.0200,4930300
20160401,57.4200,57.5700,56.3600,56.5800,4525700
20160404,59.2100,59.4000,57.4900,57.6400,8108100
20160405,58.5400,59.5600,58.0900,58.5400,6779400
20160406,59.8900,59.9000,58.5200,58.5200,6322800
20160407,59.3000,59.9000,58.7600,59.4200,7827600
20160408,58.4700,59.8000,58.1700,59.4900,5750000
20160411,58.5000,59.2500,58.2500,58.5900,4894000
20160412,59.8900,60.0500,58.6900,58.9800,7243700
20160413,59.0600,60.0000,58.7000,59.8700,7023000
20160414,59.2800,59.4900,59.0000,59.1500,5185600
20160415,59.5100,59.7400,58.7800,59.5500,4660800
20160418,59.8800,60.3200,59.3000,59.5000,6089400
20160419,60.1700,61.2300,59.6700,60.0900,6149300
20160420,60.4800,61.1100,59.9600,60.1700,4443600
20160421,61.3700,61.4300,60.5400,60.5700,5702400
20160422,61.4200,61.9900,60.9600,61.3000,5103000
20160425,60.9700,61.3000,60.7500,61.1300,4320500
20160426,60.9300,61.2900,60.5300,60.9600,4277700
20160427,60.7000,61.4800,60.2500,60.9300,5467000
20160428,61.2000,62.1000,57.5300,58.5600,16128300
20160429,61.0000,61.4500,60.4800,61.0300,13047500
20160502,61.4400,62.0000,60.7000,60.7900,9357800
20160503,61.7700,62.0900,60.7200,60.9900,9216400
20160504,61.4600,61.6500,61.0100,61.3000,7716200
20160505,62.3400,62.4000,61.0900,61.4100,8624300
20160506,62.5100,62.7500,61.6500,62.0000,10839700
20160509,63.7000,63.8700,62.2800,62.3600,9858600
20160510,63.7400,63.7600,63.3200,63.5100,12071300
20160511,62.7000,63.8300,62.6400,63.7700,9311600
20160512,62.4900,63.0700,62.3900,62.8600,7872300
20160513,62.0000,62.8600,61.8200,62.1500,7283500
20160516,62.4500,62.6200,61.5000,61.9100,6662200
20160517,60.2500,62.7900,58.5000,62.4400,31499100
20160518,60.4600,60.8000,59.5600,59.8700,10523200
20160519,59.2800,60.3500,58.9000,60.0600,9808300
20160520,59.6900,60.0500,59.0300,59.6300,10765000
20160523,59.3000,59.8400,59.1300,59.7500,6460600
20160524,60.7000,60.9100,59.5200,59.7300,8753600
20160525,61.2200,61.4700,60.7900,61.0800,5857600
20160526,61.9000,62.1700,60.9000,61.0000,6224500
20160527,62.7100,63.2000,61.9000,61.9900,5750600
