20150529,52.8500,53.2600,52.6000,52.8100,5441700
20150601,53.0300,53.3100,52.4300,52.8900,3343100
20150602,52.7600,53.0200,52.5500,52.9400,2389000
20150603,52.4600,52.9300,52.2100,52.9300,2567200
20150604,51.3900,52.2300,51.3100,52.0500,4997300
20150605,51.0100,51.3900,50.8200,51.2700,3496900
20150608,51.0100,51.5500,50.8100,51.1500,2706400
20150609,51.0100,51.4700,50.9900,51.0900,2761300
20150610,52.2100,52.2500,51.0700,51.0700,3022800
20150611,52.0600,52.6900,52.0000,52.1700,2827500
20150612,51.9100,51.9700,51.5800,51.7900,2290000
20150615,51.2700,51.5600,51.1200,51.4200,2869900
20150616,51.4500,51.6000,51.2800,51.3400,2369300
20150617,50.9400,51.7900,50.2600,51.0400,4589000
20150618,51.3700,51.6500,51.1700,51.1700,3275000
20150619,51.5000,51.6700,51.2500,51.2500,4952900
20150622,51.9900,52.0300,51.6200,51.7300,2576500
20150623,52.0000,52.4200,51.8500,52.1900,2500400
20150624,51.4500,52.0100,51.4200,51.9100,2314800
20150625,50.7000,51.6200,50.6600,51.6200,2570700
20150626,49.5700,50.9900,49.5300,50.6400,5016800
20150629,48.4500,49.6700,48.4300,49.3400,4376200
20150630,48.2200,49.1900,48.1900,48.8700,5618100
20150701,48.6400,48.8900,48.3800,48.7100,3319900
20150702,48.6500,49.0100,48.3400,48.8200,3063000
20150706,48.0900,48.6000,47.8300,48.1600,4228600
20150707,48.1400,48.3200,46.7300,48.1100,6457700
20150708,47.5100,48.1300,47.4600,47.9700,4080800
20150709,47.0900,48.0400,46.9300,47.7500,6045000
20150710,47.2100,47.7700,47.1300,47.7200,3146000
20150713,47.5000,47.7400,47.3400,47.5500,2209700
20150714,47.7900,47.8600,47.4300,47.5000,2569300
20150715,47.4600,47.8400,47.2200,47.7700,2447700
20150716,47.8500,48.0100,47.6200,47.8600,2663300
20150717,48.0200,48.0500,47.3100,47.7000,4244100
20150720,48.0400,48.2600,47.7600,48.0400,4088000
20150721,47.4900,48.1100,47.3300,47.9800,2744500
20150722,47.6800,47.9100,47.4300,47.4400,2697300
20150723,48.0200,48.3800,47.7000,47.7000,2618500
20150724,47.1900,47.9900,47.0500,47.9000,2528800
20150727,47.2600,47.2900,46.8100,46.9300,2743000
20150728,48.3500,48.3900,47.2000,47.4100,3955800
20150729,48.1300,48.2700,47.8300,47.9300,4254400
20150730,47.8200,47.9000,47.3200,47.7100,3660700
20150731,47.4200,48.2200,47.3600,48.1100,3959000
20150803,47.7000,48.1500,47.4000,47.4200,4280700
20150804,48.4100,49.5000,47.2800,47.5300,5119500
20150805,48.2200,48.7400,47.6900,48.7200,4586100
20150806,47.9500,48.4700,47.4500,48.4000,3281800
20150807,46.4200,47.8500,46.3000,47.7700,3996600
20150810,46.5300,46.8700,46.3000,46.7000,4121600
20150811,46.0700,46.2600,45.5900,46.2000,4087100
20150812,46.8900,46.9400,45.3900,45.6900,5142200
20150813,47.5100,47.7800,46.8400,46.8800,4254400
20150814,47.2000,47.4300,47.0500,47.2300,3130900
20150817,47.5100,47.5900,46.2400,46.4800,4228700
20150818,47.6800,48.1700,47.2800,47.3100,3695900
20150819,46.7200,47.5000,46.5900,47.4000,3619900
20150820,46.2000,46.7500,46.1100,46.2300,3348800
20150821,45.1200,46.2400,45.0900,45.8400,4987400
20150824,43.5500,44.5500,42.5300,42.8400,7160200
20150825,43.0100,44.5600,42.9800,44.3900,5854900
20150826,43.9900,44.1100,43.1200,43.9000,4454000
20150827,44.8300,45.1700,44.0900,44.2700,4738300
20150828,44.6500,45.0100,44.3800,44.6800,4256600
20150831,44.9900,45.0600,44.2500,44.4500,4074300
20150901,43.3400,44.1800,43.1100,43.9800,4912000
20150902,43.6200,43.9700,43.1800,43.9300,3242900
20150903,43.7500,44.4200,43.6400,43.8700,3680600
20150904,42.9000,43.4600,42.6500,43.3500,3059000
20150908,43.7000,43.7400,43.1700,43.7100,3062100
20150909,42.9900,44.3300,42.9200,44.1600,3130600
20150910,43.0600,43.4800,42.7100,42.8200,2901000
20150911,42.8200,43.0500,42.5500,42.9800,3410900
20150914,42.9300,43.0600,42.7500,42.9000,3205800
20150915,43.4700,43.6400,42.8600,43.2100,3811300
20150916,44.1900,44.2200,43.4100,43.6600,2990300
20150917,44.2500,44.9000,44.0200,44.1800,3718300
20150918,43.2300,43.9900,43.1500,43.4600,6194900
20150921,43.3800,43.7600,43.2300,43.5000,3159900
20150922,42.4500,42.8400,42.1600,42.8000,2775200
20150923,42.0600,42.5500,41.9300,42.4100,2725400
20150924,42.0200,42.2600,41.3100,41.8600,4725200
20150925,42.5000,43.0400,42.2700,42.5000,3433800
20150928,41.0900,42.3100,41.0000,42.1400,4273400
20150929,41.0200,41.2600,40.6600,41.2000,4655500
20150930,41.4500,41.7700,41.2200,41.4900,4722500
20151001,41.4600,41.9500,41.0600,41.6900,3802300
20151002,42.4200,42.4400,40.9200,41.0600,3009300
20151005,43.6400,43.7100,42.7000,42.7000,3634300
20151006,43.6400,43.7900,43.2900,43.5500,3224900
20151007,44.3100,44.8200,43.7100,43.9100,3837300
20151008,45.1300,45.2100,44.0400,44.2800,3152600
20151009,45.4200,45.5300,45.0300,45.0700,3062900
20151012,45.4400,45.5200,45.1500,45.3300,2013000
20151013,44.9200,45.5000,44.8500,45.1700,2630400
20151014,44.9600,45.4100,44.6600,44.8500,2024100
20151015,45.5600,45.5600,44.9400,45.1800,2557500
20151016,45.9600,45.9800,45.2500,45.6500,3225400
20151019,45.9700,46.0500,45.6000,45.8200,2767100
20151020,45.7000,45.9800,45.5100,45.8100,2724700
20151021,45.2900,45.8300,45.2500,45.7400,2686100
20151022,46.7000,46.8900,45.4600,45.5100,3118900
20151023,46.8900,46.9800,46.5000,46.9300,2490000
20151026,46.3900,46.8900,46.3100,46.8100,1792900
20151027,46.2400,46.4100,45.7300,46.2100,2506500
20151028,46.8000,47.0300,46.1300,46.1700,2086100
20151029,45.5300,46.7300,45.4600,46.6400,4298100
20151030,45.6600,46.0900,45.4500,45.6500,3566000
20151102,46.2800,46.2900,45.0500,45.8100,2975300
20151103,43.1500,43.6400,41.7400,43.3300,11417800
20151104,43.0200,43.1700,42.3400,43.0600,7006800
20151105,43.0700,43.2100,42.4300,42.9500,5405600
20151106,42.1300,43.0500,41.9700,42.7900,5716800
20151109,41.5200,42.0300,41.2500,41.8900,5039400
20151110,40.6300,41.6400,40.5600,41.3000,4419400
20151111,40.5100,40.8400,40.2600,40.8400,3649500
20151112,38.5100,40.3000,38.4900,40.2200,8312200
20151113,37.7600,38.8600,37.6900,38.4100,6556000
20151116,38.2400,38.4200,37.5500,37.5900,4626400
20151117,37.2000,38.4000,37.1400,38.3400,4767500
20151118,37.4100,37.6800,37.0100,37.4200,7977500
20151119,36.4300,37.5300,36.2800,37.4100,5944700
20151120,35.8300,36.8200,35.6000,36.5300,9058200
20151123,36.7200,37.0300,35.7500,35.8100,6839800
20151124,36.0400,36.5900,35.7100,36.4700,7754700
20151125,36.4700,36.7500,35.9800,36.0100,5281800
20151127,36.4600,36.5700,36.2600,36.4300,2339600
20151130,36.4900,36.6200,36.1000,36.5300,6508100
20151201,36.7000,37.0200,36.4400,36.8000,7012600
20151202,36.5200,36.8700,36.4500,36.6000,6258000
20151203,35.6100,36.7400,35.4100,36.4800,9034500
20151204,35.9700,36.1400,35.6000,35.6700,4936400
20151207,35.4100,36.0200,35.2200,35.9700,4294300
20151208,35.2700,35.6100,34.8800,35.1600,4722900
20151209,35.4100,36.0200,35.0000,35.0100,5050700
20151210,35.0900,35.6900,35.0400,35.4100,5404300
20151211,34.2200,35.0900,34.1100,35.0900,4814600
20151214,34.1800,34.5100,33.8400,34.1900,4512700
20151215,34.8600,35.1000,34.4000,34.4400,4820000
20151216,35.4000,35.4600,34.5400,34.9200,5298900
20151217,34.2900,35.4500,34.2700,35.3300,4872300
20151218,35.0000,35.1300,33.9400,34.1200,12373700
20151221,35.3100,35.7400,35.0500,35.2300,4587900
20151222,36.4100,36.5900,35.4200,35.4700,5666200
20151223,36.6800,37.1700,36.3400,36.6500,4924500
20151224,36.6500,36.8800,36.4700,36.6800,1251000
20151228,36.5000,36.7300,36.0900,36.6600,2336600
20151229,37.0900,37.1500,36.5700,36.5900,2694600
20151230,36.8800,37.1700,36.7700,37.0000,2380400
20151231,36.6800,36.9000,36.4500,36.6400,2668100
20160104,35.8400,36.1500,35.4000,36.1100,4040800
20160105,36.2400,36.2700,35.4100,35.8200,3863200
20160106,35.3600,35.8300,35.2500,35.7200,6072600
20160107,34.5200,35.0900,34.3300,34.9100,4820500
20160108,34.3900,35.1000,34.3100,34.7600,4130700
20160111,34.1600,34.7300,33.9400,34.5400,5646600
20160112,34.2700,34.6600,33.7700,34.5600,3445700
20160113,33.4700,34.5500,33.4200,34.3400,4468100
20160114,33.3600,33.6700,32.7600,33.4200,5574600
20160115,31.5100,32.6200,31.1600,32.6000,8763700
20160119,30.5100,32.0500,30.2900,31.9400,8756900
20160120,31.2900,31.7100,29.8600,30.2500,9252500
20160121,31.9200,32.4800,31.2000,31.2600,6085300
20160122,33.2300,33.3700,32.4900,32.5200,5279600
20160125,32.4300,33.0000,32.3600,32.9000,5783000
20160126,33.6300,33.6500,32.4900,32.8800,4390800
20160127,33.7400,34.4600,33.4200,33.5000,5023500
20160128,34.7000,34.9500,33.9800,34.1600,5351200
20160129,35.3500,35.5500,34.7500,34.8600,8608200
20160201,35.4600,35.6400,34.3100,34.7700,6364700
20160202,32.3600,33.6000,32.2800,33.5200,11075700
20160203,33.4400,33.8000,32.4700,32.5600,8002400
20160204,34.2500,34.6900,33.3400,33.4400,6612300
20160205,34.0700,34.5100,33.9200,34.2800,5416700
20160208,33.3000,34.7300,33.0500,34.4000,5061300
20160209,33.5800,33.6800,32.5600,33.4400,6369400
20160210,33.1800,34.0700,33.1500,33.6100,4300700
20160211,31.6300,32.8300,31.5000,32.2700,6931800
20160212,32.4500,32.4800,31.3000,31.6900,4441500
20160216,33.6200,33.8200,32.8500,32.9600,4068600
20160217,33.4000,34.1200,33.3000,33.7400,3362300
20160218,33.9000,33.9900,33.2400,33.4000,3732500
20160219,32.6500,33.7800,32.3100,33.6600,5502300
20160222,33.7900,33.9000,32.8000,32.8900,4324400
20160223,33.7900,34.4200,33.3700,33.7700,3444300
20160224,33.8500,33.9100,33.0800,33.5500,3769600
20160225,34.6200,34.7400,33.7500,34.0400,3580400
20160226,34.7900,35.1000,34.5000,34.7200,3803200
20160229,34.9600,35.4100,34.5500,34.7900,5092100
20160301,35.4800,35.6200,34.5600,35.1300,4412900
20160302,35.8300,35.9100,35.1900,35.2800,3392300
20160303,36.8300,36.8600,35.7400,36.1700,4054800
20160304,37.6500,37.9900,36.9000,36.9000,5268800
20160307,37.1400,37.2900,36.8500,37.1700,3599700
20160308,36.0300,37.2700,35.5700,37.0300,4266900
20160309,36.0600,36.4400,35.8000,36.2800,3015700
20160310,35.7700,36.3500,35.3600,36.1100,3242300
20160311,36.6000,36.6300,36.1000,36.1700,2634400
20160314,36.7100,36.8900,36.2000,36.4000,3183800
20160315,36.5600,36.6700,36.1400,36.3000,2917500
20160316,37.4600,37.5900,36.3800,36.3800,3620100
20160317,38.2000,38.7600,37.5100,37.5100,4384800
20160318,38.0700,38.9600,37.9100,38.3300,6360700
20160321,38.1700,38.2800,37.7200,37.8500,3302000
20160322,37.6100,37.9500,37.5500,37.9000,2265200
20160323,36.6000,37.5900,36.5500,37.4800,4072900
20160324,36.4700,36.7300,35.8300,36.3000,3465900
20160328,36.3500,36.7100,36.2400,36.6000,2637300
20160329,36.8700,36.9800,36.2200,36.4400,2657300
20160330,36.6200,37.2000,36.2600,37.0100,2871900
20160331,36.3100,36.7500,35.9800,36.6900,3771000
20160401,36.4700,36.5100,35.3800,36.0500,3167100
20160404,36.0400,36.5300,35.9500,36.3300,2650500
20160405,35.1100,35.5700,34.5500,35.5700,5541000
20160406,35.5400,35.5500,34.7900,35.0900,3241600
20160407,35.7200,36.2200,35.2900,35.3500,3302700
20160408,36.0900,36.5400,35.9500,36.1200,2319000
20160411,36.0000,36.6500,35.9700,36.1200,2505600
20160412,36.8300,36.9000,36.0300,36.0400,2202400
20160413,37.1400,37.3000,36.9800,37.0600,2756500
20160414,36.5900,37.1100,36.3500,37.0200,2842700
20160415,37.3000,37.3300,36.5200,36.6400,3092200
20160418,37.7100,37.8200,36.8800,37.1000,3523500
20160419,38.2300,38.5800,37.8400,37.9800,3142500
20160420,38.8700,38.9900,38.0700,38.2500,4224900
20160421,38.3500,39.1600,38.2000,39.0000,3701200
20160422,39.6200,39.6300,38.6400,38.7900,4194400
20160425,39.2600,39.4600,38.9100,39.3700,3022900
20160426,39.7300,40.0000,39.1900,39.5000,4037600
20160427,39.9100,40.0900,39.4200,39.7400,3090500
20160428,40.0700,40.6200,39.7200,39.8600,4531700
20160429,39.9400,40.1100,39.4900,39.8700,4854100
20160502,40.2600,40.5500,39.5500,39.5900,5965200
20160503,39.1000,40.6500,39.0300,39.9500,5170800
20160504,38.7200,39.3700,38.5600,39.0100,4318300
20160505,38.0800,39.2300,37.9600,38.8700,3934400
20160506,38.2000,38.3600,37.8700,38.0500,2528600
20160509,37.7300,38.3900,37.3600,38.2300,4166600
20160510,38.4000,38.4300,37.9500,37.9500,2865000
20160511,37.9600,38.4800,37.9000,38.2700,2921000
20160512,38.5400,38.7900,38.0400,38.2500,3288500
20160513,37.6300,38.4300,37.4500,38.4100,3219600
20160516,37.6500,37.9000,37.1800,37.2800,2145700
20160517,37.4900,37.8900,37.3600,37.4400,2708400
20160518,37.5100,37.8200,37.0800,37.2000,3019500
20160519,38.3700,38.3800,37.0000,37.3000,4223300
20160520,39.8300,40.1300,38.5400,38.5900,6354200
20160523,40.4400,40.7500,39.6300,39.7300,4685200
20160524,42.0500,42.1400,41.0000,41.2300,6776600
20160525,42.4800,42.7300,42.1300,42.2900,4010700
20160526,43.0700,43.5400,42.6600,42.9700,3538700
20160527,43.2300,43.5400,42.8200,43.3000,3202500
