20150529,298.0300,301.2700,297.2900,299.4500,412000
20150601,297.1400,299.5500,296.0500,298.8300,350600
20150602,298.2200,299.7700,294.3700,297.0000,421000
20150603,299.0000,301.2600,296.8500,299.6100,526000
20150604,295.1900,299.1000,294.6700,297.4000,325500
20150605,295.4200,297.6700,294.0700,294.7100,204200
20150608,295.5100,297.2300,292.4400,295.8100,498800
20150609,293.5300,297.5800,290.8700,295.4700,480900
20150610,299.7100,301.6000,293.4800,294.2300,400400
20150611,300.6300,302.8200,299.4000,300.9800,285800
20150612,301.5500,303.0000,299.4700,300.0000,324300
20150615,299.4600,300.8100,295.6400,298.5900,271800
20150616,297.4200,301.0200,297.1600,299.6600,315300
20150617,297.7000,299.7500,296.6100,297.5400,281000
20150618,301.2700,301.9500,297.2800,298.8500,405600
20150619,302.7100,303.2700,298.8100,300.6200,422000
20150622,305.5000,307.1000,301.6800,303.9600,416600
20150623,304.1800,306.8700,302.6800,306.2600,324300
20150624,303.3900,305.5000,301.2400,304.2000,336800
20150625,303.9700,306.1000,302.4000,303.9500,459200
20150626,302.9500,304.2500,301.4900,304.2500,761700
20150629,291.4500,301.7500,291.3300,301.7500,483400
20150630,291.9400,294.7000,289.3800,294.0500,469500
20150701,292.8600,295.5000,291.2800,294.0700,328600
20150702,295.7200,296.2700,291.8700,294.8100,276800
20150706,295.9000,297.7100,291.1000,293.6800,373900
20150707,298.9600,299.7300,292.8000,296.0800,394000
20150708,293.6900,298.4800,293.1500,296.0300,480300
20150709,295.4400,298.1700,294.7900,296.7800,471800
20150710,301.9300,302.3900,296.5800,300.4600,407700
20150713,304.1600,305.5000,302.2100,304.9500,232100
20150714,304.9000,307.7800,303.3900,304.6000,236400
20150715,300.0300,305.2200,299.2200,305.2200,467400
20150716,302.1500,306.2600,300.4400,302.4200,476200
20150717,302.3700,304.3800,299.9300,301.7000,341300
20150720,302.6600,304.7600,301.8200,302.2400,275000
20150721,299.5700,304.9900,298.7100,303.9500,297100
20150722,301.6900,302.8600,298.7000,298.7000,456100
20150723,284.3400,298.9800,283.7200,298.6700,1409900
20150724,274.1100,285.0000,268.7100,284.6500,1558400
20150727,267.0000,273.6600,266.2800,273.0700,603600
20150728,270.8100,272.5700,264.9600,267.5200,656700
20150729,272.8500,275.2200,271.5000,272.0500,948500
20150730,272.5100,273.3400,267.1500,271.2000,472300
20150731,275.0400,275.2400,270.3100,273.3200,429700
20150803,273.4000,276.7200,271.3100,275.2800,420000
20150804,275.8000,276.0200,271.6500,273.5600,437900
20150805,275.5600,280.8000,275.2200,277.6700,265800
20150806,269.4700,275.6000,268.7100,275.6000,306000
20150807,270.1600,272.6100,267.1500,269.1400,372200
20150810,270.2400,274.1200,270.1100,272.7200,414700
20150811,267.9900,271.0300,265.0000,268.3900,639900
20150812,269.5300,270.3600,264.7500,267.0700,528400
20150813,268.9200,270.8800,268.0900,270.1200,298000
20150814,273.7800,275.2100,269.3000,270.5300,490000
20150817,271.3200,273.1900,269.4600,272.2400,455500
20150818,273.4900,275.1300,270.7600,270.9400,296400
20150819,268.5700,273.2900,268.1600,271.6100,294900
20150820,266.6300,270.8300,266.5400,268.5000,377800
20150821,259.2200,266.0800,258.9700,264.6300,548700
20150824,247.0500,255.0000,241.9100,245.5700,788400
20150825,247.4000,258.4800,247.0600,253.3000,671600
20150826,257.8100,258.1300,249.0300,253.1500,611700
20150827,263.8300,265.0000,259.0800,260.2000,620400
20150828,262.2500,263.6100,259.3600,262.7300,405500
20150831,257.1900,262.0000,257.0100,261.3900,479600
20150901,252.4000,257.1300,250.6200,251.1300,511400
20150902,255.5100,256.3000,252.1700,256.3000,430400
20150903,256.7600,259.9400,256.0000,256.9200,351900
20150904,250.5000,254.8900,249.4700,253.0900,436200
20150908,257.5200,257.6800,253.6900,255.6000,528400
20150909,251.7000,259.5000,251.2300,258.7300,345000
20150910,251.7400,253.9800,249.7200,250.0700,382800
20150911,253.6300,253.6500,249.0200,251.1600,365800
20150914,251.9100,255.4800,250.8300,253.7200,313900
20150915,256.4300,258.2900,251.1400,253.0600,352800
20150916,254.4000,257.5500,253.5900,256.6100,318200
20150917,255.3500,258.2900,251.4500,254.3500,377300
20150918,251.6600,254.9900,250.8900,254.9900,572900
20150921,255.9900,256.9800,252.0900,253.4700,283800
20150922,252.3800,254.6200,248.8300,253.1600,437600
20150923,254.8400,255.6700,250.4200,252.7700,296200
20150924,254.0200,254.5500,250.2200,252.3500,582600
20150925,259.3000,261.3600,255.2900,256.9400,605600
20150928,249.4700,256.9700,249.2700,256.5500,636800
20150929,251.2000,252.1100,247.5200,249.3100,552100
20150930,258.9800,259.8400,254.4400,254.4400,603800
20151001,262.3500,263.6900,258.4000,260.4500,635300
20151002,269.3500,269.7500,256.2400,258.7600,613000
20151005,275.7700,276.1800,270.0500,270.9700,483400
20151006,275.6100,277.2500,274.1000,274.9000,489000
20151007,278.2700,280.9900,275.7800,277.4700,457400
20151008,279.4100,280.4800,275.0900,277.2800,361000
20151009,280.1200,281.8500,278.0000,279.3700,238300
20151012,279.0000,280.9000,277.4100,279.8500,334200
20151013,275.8100,280.2700,275.5300,277.2800,318800
20151014,276.6600,280.1400,274.6900,275.9000,420300
20151015,278.1800,279.8100,274.9100,279.0000,324500
20151016,278.1600,279.3900,276.3000,279.0500,264600
20151019,280.0700,280.7200,276.0700,276.8300,316000
20151020,280.9900,281.6200,277.6900,280.1000,386100
20151021,275.9300,282.3600,273.7500,282.3600,545300
20151022,294.4900,298.0600,283.3500,285.1500,950300
20151023,295.8700,297.3700,291.9100,296.1100,758700
20151026,294.9200,296.6200,293.8600,295.0300,470800
20151027,293.5500,295.9900,292.0000,293.1300,297700
20151028,298.2700,298.3700,292.1900,294.0100,304200
20151029,297.8500,299.1100,295.6000,297.8900,415400
20151030,297.3100,300.5600,297.0200,298.5300,307800
20151102,298.4200,301.1100,296.1900,296.1900,332800
20151103,300.5900,302.2400,293.8700,297.6500,403700
20151104,301.8700,303.7500,299.6400,301.1400,448600
20151105,299.1100,301.8500,298.4600,300.8300,439200
20151106,297.9500,301.7800,295.0300,300.9600,347100
20151109,296.7300,298.9600,292.5200,297.0500,421700
20151110,297.5700,298.7300,294.7400,295.7700,342400
20151111,294.7300,298.9200,293.7500,298.9200,333900
20151112,290.8200,294.5500,290.8200,293.1300,423700
20151113,286.3500,290.6700,285.3100,290.0000,448700
20151116,287.1400,288.4400,284.7000,285.7000,438200
20151117,284.4900,288.5700,283.8000,287.7500,525000
20151118,287.7000,288.0400,284.1300,284.8400,303400
20151119,286.0700,288.7700,284.5000,287.2700,276100
20151120,286.6100,287.9500,285.2700,287.5100,249700
20151123,285.6600,287.1300,285.0000,286.7400,190800
20151124,285.4500,285.9300,281.0100,283.0200,240700
20151125,286.4000,288.5900,283.5900,288.3700,162900
20151127,285.5300,287.4400,284.0000,286.3300,94900
20151130,286.8500,287.7900,284.1900,286.7200,276000
20151201,289.1600,290.3000,286.3600,287.3800,273500
20151202,285.3700,289.7400,284.8100,288.1100,344800
20151203,281.2500,288.0800,279.8100,286.3900,302200
20151204,284.2200,284.4600,279.5200,281.2500,468500
20151207,282.8600,284.3900,281.0800,282.5900,282900
20151208,282.1500,283.6100,279.5400,280.3000,355700
20151209,280.0900,284.9600,278.0900,280.3800,322400
20151210,280.1600,283.0000,278.9100,281.0200,258500
20151211,268.1000,278.1600,266.3700,275.4300,711400
20151214,269.9900,270.2700,265.0800,267.8800,465800
20151215,267.9900,272.6700,266.1200,271.5500,471100
20151216,273.3000,273.9100,268.4500,270.4000,328000
20151217,269.0600,277.5900,268.7700,275.2300,333000
20151218,266.9400,270.0200,265.2600,267.9200,584000
20151221,270.5300,270.6500,267.2400,269.6100,264200
20151222,273.7000,275.9300,269.5800,270.6200,253700
20151223,278.3500,279.0600,274.4000,275.9100,349700
20151224,278.2000,279.9800,276.5000,278.2200,98500
20151228,278.1400,278.5300,275.4100,276.9800,134000
20151229,280.3000,280.9500,277.4000,280.0000,163100
20151230,276.7700,279.7300,276.1800,279.7300,196000
20151231,276.5700,279.8900,275.0000,275.4200,262100
20160104,271.7100,272.1500,268.9900,271.1600,475600
20160105,274.0500,275.9400,271.4000,272.4500,362000
20160106,270.1800,274.6000,269.1800,271.3200,514300
20160107,262.0300,269.9800,261.5400,266.9400,590500
20160108,257.0100,264.3700,256.7500,263.0200,583700
20160111,253.1200,258.0200,250.9800,257.2700,824800
20160112,257.2900,258.1900,251.6700,255.6400,447500
20160113,248.5900,258.6900,247.7100,258.6900,494500
20160114,256.2400,258.0300,247.2100,249.0500,824600
20160115,251.2800,256.2300,247.2100,247.2100,746700
20160119,251.9700,257.0500,248.4900,255.2100,740300
20160120,246.9700,249.0900,237.1000,247.2200,680600
20160121,248.8100,252.9600,245.7100,247.0100,509900
20160122,249.2200,254.4100,247.7000,252.6000,646700
20160125,245.3900,249.6700,244.6000,248.5800,487500
20160126,249.6000,250.8200,243.6200,246.0500,930900
20160127,246.8000,253.0700,245.6400,249.1400,681900
20160128,199.0000,231.4000,197.8300,226.1000,3378900
20160129,199.7900,215.7900,199.0900,199.5500,2644200
20160201,206.5600,209.3400,198.8600,200.0000,1502700
20160202,194.2900,203.8300,192.7800,203.7300,1656100
20160203,194.7000,196.8400,190.0700,196.2300,1429200
20160204,197.4100,198.9600,192.0000,193.4800,1160200
20160205,187.2200,198.7600,184.6700,196.9000,1842800
20160208,183.7400,185.0600,180.4100,181.4400,1748900
20160209,177.1200,182.8400,176.6300,181.2100,1591100
20160210,182.1000,185.4100,178.3500,178.9400,966600
20160211,180.4500,182.9100,177.2600,178.2200,775500
20160212,182.6500,184.7300,181.3300,183.1300,674300
20160216,187.4900,189.8800,183.5200,183.8400,1142400
20160217,192.4100,194.3900,187.8200,188.8500,788700
20160218,197.4300,201.6300,195.0000,195.0500,863900
20160219,204.3600,204.4900,195.0000,197.3400,1018400
20160222,210.8900,214.5000,205.5700,205.5700,968500
20160223,206.4600,213.7700,206.3700,209.0000,770000
20160224,210.7600,211.4600,203.0000,206.4100,561800
20160225,212.6000,212.7000,208.6900,211.3400,575500
20160226,212.6900,215.9400,211.9900,213.0500,616000
20160229,210.1300,214.5100,210.0100,213.3700,718700
20160301,213.5100,213.6600,209.0100,212.2300,986100
20160302,214.3500,215.2900,210.7500,212.5600,831300
20160303,216.8800,218.6900,213.7100,215.2200,596400
20160304,216.2200,218.8500,214.6500,218.1400,641200
20160307,219.9600,220.3100,214.4200,214.4200,898700
20160308,212.6400,219.7300,212.2900,218.2700,788900
20160309,213.1900,213.9500,209.8900,213.9500,645600
20160310,208.0600,214.6900,206.7300,213.2600,760800
20160311,211.6000,211.8700,208.0000,211.3100,940500
20160314,214.8700,216.6400,210.4800,215.6200,759200
20160315,210.7000,217.1100,208.7400,212.7200,820800
20160316,207.3400,209.8600,204.7500,208.9100,1219300
20160317,205.5600,208.8800,204.8600,207.9900,1361700
20160318,208.7000,209.3300,203.0400,206.0000,1748500
20160321,210.3000,212.0100,207.3200,209.0800,621500
20160322,210.3200,210.6200,207.4300,208.7000,657400
20160323,209.8000,213.1000,209.4500,210.5600,601400
20160324,211.7700,212.3500,207.1100,209.4200,550300
20160328,211.0400,213.1000,209.4500,212.6400,441400
20160329,212.7700,213.3600,209.2800,210.1000,623000
20160330,215.9600,218.0000,214.2500,214.4200,677500
20160331,220.0000,220.6300,213.8800,215.3200,893300
20160401,221.1200,221.8200,216.5000,218.6900,506800
20160404,214.7100,221.5800,214.5400,221.2000,610700
20160405,210.0000,212.1600,207.6400,212.0800,1002100
20160406,214.4600,214.6600,209.2800,210.9800,639800
20160407,212.4300,216.0000,210.5800,212.2300,811600
20160408,215.2700,215.7800,212.5000,213.4300,634000
20160411,206.7000,216.4200,206.3900,215.3000,836200
20160412,204.4000,209.1600,199.7800,207.0500,1158800
20160413,215.1400,215.5200,204.8400,206.1600,950300
20160414,214.4800,216.5100,212.3000,213.5000,887900
20160415,214.7700,215.9400,213.7200,215.1100,447000
20160418,215.0000,215.5800,212.6500,213.5000,593900
20160419,211.6200,216.4600,208.2300,215.0100,863600
20160420,217.9200,218.8400,211.3000,212.9600,1204600
20160421,202.6000,205.8700,197.9600,202.0900,2952900
20160422,205.9900,207.0700,201.6100,202.3300,1212600
20160425,203.9000,205.3000,202.5500,204.6600,805300
20160426,201.6800,204.2400,201.0200,202.4900,668400
20160427,202.9200,203.7800,200.7500,201.1800,1093300
20160428,201.2000,203.4400,200.0800,202.9200,1261000
20160429,203.3100,203.6500,200.1400,200.9500,774800
20160502,202.8200,204.4900,201.0400,203.6400,671000
20160503,201.1000,202.3000,200.4200,201.8100,783900
20160504,200.7500,201.1500,199.0600,200.0000,972300
20160505,200.2400,202.5200,199.9600,201.0000,634800
20160506,203.8600,204.0400,199.7800,199.8700,756100
20160509,203.3000,204.3500,202.4100,203.9200,711800
20160510,204.3900,206.7100,203.5600,203.5600,457200
20160511,204.6000,206.1100,203.0000,204.2600,960200
20160512,202.0800,205.5300,200.3700,205.1000,1217300
20160513,201.5700,204.2100,200.6600,202.5000,592500
20160516,205.0400,205.4800,200.8300,201.0800,481600
20160517,210.8400,213.0000,203.9700,204.9600,1130600
20160518,212.6300,214.7000,208.6500,210.8400,890100
20160519,205.4400,211.5200,205.2100,211.0200,885300
20160520,206.4100,207.2900,205.2400,206.7000,538300
20160523,205.2800,207.0700,203.6400,205.5400,427500
20160524,209.6800,209.9500,206.0400,206.1800,311600
20160525,212.8400,213.7900,210.1000,210.1000,530000
20160526,212.0500,214.1200,210.2300,212.6600,419700
20160527,215.0600,216.8600,211.5000,211.9800,418400
