20150529,54.1500,54.7500,54.1400,54.4400,3208900
20150601,54.3900,54.7000,53.7500,54.3900,2718000
20150602,54.3500,54.8800,53.9200,54.1800,1927700
20150603,54.9400,55.3300,54.4000,54.6800,2867900
20150604,53.7300,54.7600,53.6500,54.3500,2744700
20150605,54.6100,54.6400,53.4400,53.8200,2850800
20150608,54.2400,54.7700,54.2000,54.6100,2680900
20150609,53.9200,54.3000,53.8700,54.2100,2296300
20150610,54.9700,55.0200,54.0100,54.2400,2381000
20150611,54.4800,54.5600,53.9900,54.2000,1979900
20150612,54.0600,54.4100,53.9100,54.2900,1473600
20150615,53.5600,53.7200,52.6900,52.9600,1920100
20150616,53.4400,53.7700,53.1700,53.2300,1797700
20150617,53.5800,53.8400,53.1900,53.3600,1244000
20150618,54.1700,54.3100,53.5100,53.7300,1496300
20150619,53.5700,54.2500,53.4800,54.2000,2216200
20150622,54.5500,54.7700,53.8600,53.9000,2714900
20150623,54.0900,54.7000,53.8500,54.5400,1795200
20150624,53.9100,54.6500,53.7300,53.9900,1607400
20150625,53.3000,54.0900,53.2600,53.9900,1693000
20150626,52.2000,53.4400,51.8100,53.3900,3871100
20150629,50.4100,51.6200,50.3500,51.4300,2425300
20150630,50.0800,51.0900,49.8400,51.0900,3551600
20150701,50.3900,50.7300,50.1000,50.5900,2854700
20150702,50.8300,50.9400,50.3000,50.4300,2769600
20150706,50.9500,51.1000,50.2000,50.4100,2441600
20150707,53.2900,53.7700,51.2500,51.3500,6125600
20150708,52.4800,53.0700,52.2300,52.7200,3808100
20150709,52.4600,53.5300,52.4600,53.0700,2745700
20150710,52.5100,53.0100,51.6600,52.9900,6029000
20150713,52.8400,53.2600,52.5500,53.0000,1962400
20150714,53.3000,53.5600,52.6500,52.7900,1665800
20150715,52.5800,53.4800,52.4600,53.2000,2128500
20150716,52.5000,53.2400,52.4900,53.1000,1795100
20150717,52.1900,52.4000,51.8400,52.4000,1968900
20150720,51.8500,52.4100,51.8100,52.1900,1461500
20150721,52.1200,52.7700,51.9300,52.2400,1509000
20150722,52.0000,52.6800,51.8000,52.6800,1207700
20150723,52.3500,52.9500,51.8800,52.0000,1698400
20150724,51.7800,52.6100,51.5200,52.3200,1335900
20150727,51.0500,51.5000,50.9500,51.4400,1392900
20150728,50.8900,51.0600,49.8800,50.8300,2407500
20150729,50.0900,51.1100,49.8900,50.8500,2568300
20150730,50.6000,50.6800,49.5000,50.0400,1893400
20150731,50.5800,51.1000,50.3800,50.9200,1672000
20150803,53.3000,53.3300,51.7500,52.9900,4625700
20150804,54.1500,54.2600,53.2700,53.7200,3043000
20150805,54.1100,54.7300,53.8700,53.9900,1866900
20150806,52.9400,54.3000,52.8000,54.2000,1616300
20150807,53.0300,53.0900,52.1900,52.7800,1063800
20150810,54.3800,54.3800,53.3900,53.5900,1394400
20150811,54.0600,54.5600,53.6200,54.0400,1641000
20150812,54.8200,54.9600,53.0800,53.5700,2339200
20150813,54.6100,55.0600,54.0300,54.2400,1873700
20150814,54.8600,55.0000,54.3500,54.5500,1091200
20150817,55.4000,55.4100,54.3300,54.7900,1047600
20150818,54.5900,55.4100,54.4400,55.2800,1216000
20150819,54.3200,54.7200,53.7200,54.4700,1366100
20150820,53.1000,54.1000,53.1000,53.7100,2646400
20150821,51.7600,53.0700,51.7500,52.5500,3370900
20150824,49.3900,50.6500,46.7700,48.9400,5094300
20150825,48.1700,50.8900,48.1100,50.8900,4101900
20150826,49.1300,49.5700,48.2000,49.5100,4923400
20150827,50.0000,50.5800,49.0900,49.6200,7302100
20150828,47.5200,49.0000,46.2600,47.7600,12496800
20150831,46.7500,47.3300,46.4300,47.3300,5038300
20150901,45.4900,46.5400,45.3400,45.7200,4605900
20150902,45.9900,46.3100,44.4600,46.1100,6797400
20150903,45.9400,46.3500,45.6700,46.1900,4776600
20150904,45.3700,45.9400,45.1200,45.2000,2552700
20150908,46.8100,46.8500,46.0100,46.1200,3951100
20150909,46.1600,47.4500,46.0300,47.2100,9429500
20150910,46.2300,46.7200,45.8200,45.9700,6143500
20150911,46.3000,46.3800,45.7600,46.0100,1933900
20150914,46.1500,46.3500,45.3800,45.3900,2163900
20150915,46.6200,47.0200,46.1300,46.1600,2525500
20150916,46.9000,46.9900,46.5000,46.5700,2517400
20150917,46.7800,47.3900,46.4400,46.7900,2839400
20150918,46.4800,47.3000,46.0600,46.1700,3875400
20150921,47.4100,47.6000,46.5000,46.5800,3194800
20150922,46.9300,47.4500,46.3400,46.8900,3505800
20150923,46.9200,47.5700,46.6700,46.8500,2714200
20150924,47.0500,47.2900,46.2200,46.5900,2323700
20150925,46.9700,47.9300,46.7400,47.0900,2169100
20150928,46.1400,47.2700,45.9600,47.0500,2297900
20150929,45.2400,46.3700,45.0100,46.1300,3902000
20150930,44.1400,45.9800,43.9000,45.3900,6358000
20151001,43.1400,44.3500,42.7800,43.6800,7593800
20151002,44.0000,44.0400,42.0600,42.6000,4404500
20151005,44.2900,44.5700,43.9900,44.3000,2982100
20151006,44.8000,44.8400,43.7700,44.2100,4756400
20151007,45.9000,45.9600,44.8000,44.8300,3918600
20151008,47.3100,47.4100,45.8700,45.8800,3119500
20151009,51.5700,51.6700,47.3900,47.4100,9182500
20151012,51.5500,51.7700,50.7800,51.3800,4496100
20151013,52.0800,52.5300,51.0200,51.4200,4986400
20151014,51.3700,52.1500,51.2400,52.1000,2647900
20151015,52.1600,52.3900,51.5300,51.5300,1869000
20151016,52.0400,52.5400,51.5700,52.3700,3118100
20151019,52.4400,52.7400,51.6600,51.9100,3104100
20151020,52.0000,52.3400,51.6900,51.9900,2466600
20151021,51.1300,52.3900,51.0800,52.3400,1691900
20151022,52.5900,53.3200,51.5000,51.5000,2456500
20151023,52.3900,52.8500,51.8600,52.8000,2569100
20151026,53.6100,53.6700,52.9400,53.2400,3245600
20151027,54.1000,54.1300,53.1800,53.4400,3133700
20151028,55.5000,55.8200,53.9500,54.2400,3951400
20151029,55.0600,55.3100,54.8200,55.2100,2054900
20151030,55.1900,55.6000,53.0000,53.0700,3082000
20151102,56.8900,57.0300,55.1600,55.5100,3198000
20151103,57.9300,58.5600,56.6300,56.9000,2856400
20151104,57.8300,58.1100,57.4800,57.9000,2243400
20151105,63.4900,63.7200,60.1400,61.0000,12562200
20151106,63.8800,63.9200,62.2400,62.8000,4827500
20151109,63.5100,63.6300,62.3900,62.5400,3820200
20151110,63.3600,63.3700,61.8200,61.8800,3786600
20151111,62.1200,63.6400,62.1000,63.5100,4474200
20151112,61.7500,62.4200,61.3800,62.0000,3752600
20151113,60.4500,61.7100,60.1800,61.6000,3338000
20151116,60.9300,61.7200,60.0700,60.7800,4054700
20151117,61.2500,62.4000,60.8700,61.1700,2976600
20151118,61.2500,61.6100,60.1000,61.2800,3014400
20151119,62.3900,62.6500,61.0400,61.4700,3594300
20151120,60.5500,60.8800,58.5500,60.5500,7665500
20151123,62.7100,63.2700,60.4200,60.4200,2903700
20151124,63.0800,63.3600,62.0400,62.2400,1882600
20151125,62.9200,63.3000,62.7200,63.1700,1220500
20151127,63.0500,63.2600,62.6900,63.0400,673100
20151130,63.4700,63.8900,62.7800,63.0200,2065900
20151201,64.7200,64.7700,63.5800,63.5800,1926400
20151202,64.5500,64.9900,64.1700,64.5300,3217400
20151203,64.4100,64.9900,64.1900,64.8600,4276600
20151204,65.2900,65.7800,64.2600,64.6600,1876300
20151207,63.7500,65.7300,63.3700,65.5000,1984100
20151208,63.9600,64.2700,62.6400,63.2500,1487400
20151209,63.2500,64.5100,62.8000,63.8200,1363800
20151210,63.2400,63.9200,63.0300,63.2300,1210100
20151211,61.1000,63.1000,60.8300,62.7800,1837300
20151214,60.7400,61.2500,59.8400,60.8700,2307900
20151215,61.0900,62.2700,60.8200,61.2100,1723800
20151216,61.9300,62.0300,60.9500,61.3600,1663300
20151217,60.7400,62.1000,60.7400,61.9400,1694200
20151218,59.5200,60.9000,59.4800,60.4500,4138800
20151221,60.1600,60.6300,59.5300,59.6600,1546300
20151222,60.9900,61.2400,59.8400,60.6400,1107200
20151223,62.0400,62.1900,60.8400,61.2300,1044700
20151224,61.8500,62.3400,60.6500,62.0300,417300
20151228,61.8600,61.9600,61.2000,61.6800,989100
20151229,62.2200,62.8100,61.9500,62.1100,1004000
20151230,62.2500,63.1600,61.9300,62.2600,929900
20151231,60.9300,62.8500,60.9100,62.1300,1347600
20160104,60.3100,60.5400,59.2400,60.0100,2067200
20160105,60.3900,60.8000,60.0100,60.3900,1323600
20160106,59.5400,59.8000,58.9500,59.4600,3303500
20160107,55.9800,58.6900,55.9700,58.3600,3918200
20160108,55.0600,56.4600,54.6000,56.1700,2371900
20160111,55.2300,55.5500,54.0700,55.3000,2020700
20160112,54.7900,56.5000,54.5500,55.5100,2432700
20160113,50.8700,55.0700,49.8500,55.0700,9246100
20160114,52.6500,52.8600,50.1500,51.0400,4152600
20160115,49.4000,51.3600,48.9500,50.9900,5784800
20160119,47.5900,49.8900,47.0800,49.4000,3469000
20160120,47.9000,48.4500,45.1200,46.8100,3554800
20160121,47.8700,48.5500,46.9400,47.9800,2410500
20160122,49.0300,49.3400,48.3600,48.6400,1820100
20160125,47.9700,49.1900,47.8600,48.8100,1681100
20160126,48.4200,48.6700,47.3900,48.2900,2046400
20160127,46.4900,48.9000,46.2400,48.3400,3287200
20160128,45.2700,47.4000,45.0400,46.9500,3138800
20160129,46.8200,46.8300,45.3400,45.7200,2265300
20160201,47.6500,47.9800,46.0400,46.6500,2157500
20160202,45.8900,47.4700,45.6300,47.0000,1810200
20160203,49.5600,50.9000,47.4700,49.9000,6833700
20160204,49.5100,50.7400,48.6200,49.4600,2378600
20160205,46.1700,49.2400,45.8200,48.9800,3473800
20160208,43.4500,45.7600,42.2400,45.5800,3005400
20160209,42.6400,44.5500,41.6000,42.4500,3185100
20160210,43.7200,44.4400,42.8900,43.2700,2508800
20160211,43.2600,43.6900,41.8500,42.8000,2499400
20160212,44.9200,45.0400,43.0100,43.7300,1877500
20160216,44.8900,45.9200,44.2200,44.9800,2585700
20160217,46.6700,47.0700,45.3400,45.3400,1903900
20160218,47.7500,48.2000,46.7700,46.7900,2833700
20160219,49.9100,50.3400,47.4000,47.5800,3658400
20160222,50.3500,50.7700,49.4700,49.9000,2234200
20160223,49.6900,50.6300,49.2800,49.9200,1961900
20160224,49.1800,49.6500,48.2200,49.2500,6582900
20160225,49.4200,50.2800,48.7500,49.4900,8654200
20160226,51.1900,51.8800,49.2500,50.9300,10965100
20160229,51.7400,52.5800,50.9500,50.9800,3011200
20160301,54.3100,54.3700,52.1200,52.4000,2822900
20160302,54.4100,54.4300,53.6500,54.0200,1423700
20160303,54.7900,54.8200,53.5000,54.0900,1445700
20160304,56.2500,57.1200,55.0200,55.2500,2790900
20160307,58.1700,58.3400,55.4200,55.8700,2631800
20160308,56.8600,57.9500,56.0300,57.6700,2408700
20160309,56.6900,57.4200,55.8500,57.1300,2179600
20160310,55.9500,57.0000,54.5700,57.0000,2404900
20160311,56.6100,57.2000,56.3000,56.9000,3418400
20160314,56.7000,56.9500,55.9800,56.2100,2004500
20160315,56.3200,56.4600,55.5400,56.4500,1511100
20160316,56.9700,57.5000,55.9400,56.2200,2273700
20160317,57.0600,57.3400,56.3900,56.9200,1590200
20160318,57.8100,58.6100,57.3000,57.6900,2485800
20160321,58.1700,58.2300,57.0700,57.6900,1382800
20160322,57.9800,58.6000,57.0300,57.8000,1295100
20160323,57.2900,58.3700,57.1600,57.9000,1496600
20160324,57.3700,57.5300,56.1800,56.9600,1149800
20160328,57.1100,57.6000,56.3500,57.3100,1121300
20160329,58.2300,58.4100,56.2600,56.7400,986500
20160330,57.9000,59.3400,57.7900,58.5200,1349300
20160331,58.3100,58.6200,57.4700,57.8300,1340700
20160401,57.7700,57.8400,55.3400,56.5700,3741000
20160404,58.1900,58.5700,57.0100,57.8000,1314000
20160405,57.1100,57.9600,56.9900,57.6200,1138100
20160406,57.7800,57.8000,56.4700,57.0600,1626900
20160407,56.3900,57.5100,56.3200,57.3600,1435700
20160408,56.7600,57.3300,56.4600,56.8500,1161400
20160411,56.8700,57.8900,56.7700,57.0700,1298400
20160412,55.9200,57.1300,55.0700,56.9800,2392600
20160413,57.7100,57.8400,55.9700,56.2600,1562300
20160414,58.0800,58.4000,57.4100,57.7600,990500
20160415,58.4200,58.5200,57.4400,58.0000,1791300
20160418,59.1400,59.1900,58.1200,58.2200,1278400
20160419,59.1300,59.4400,58.6800,59.1800,1159700
20160420,59.3900,59.8400,58.8600,59.1700,1270000
20160421,60.0700,60.4900,59.4200,59.4400,1754900
20160422,59.5400,60.2900,59.1800,60.1300,1007900
20160425,59.9900,60.0000,59.3100,59.3600,1337700
20160426,61.0100,61.0200,59.9200,60.0000,1644400
20160427,61.4000,62.4200,60.8400,61.0000,2429800
20160428,61.3900,62.3400,60.7200,60.8100,2487700
20160429,59.8200,61.2400,59.1400,60.9300,1741500
20160502,61.3700,61.4200,59.4700,60.0000,1318500
20160503,60.3400,61.2000,59.7000,60.8700,1797100
20160504,58.7300,60.0200,58.3600,59.9300,2035400
20160505,58.4600,59.3900,58.3400,59.0700,1473800
20160506,58.6600,59.8200,58.0300,58.4400,2084400
20160509,58.7900,59.3400,58.4900,58.6700,1605700
20160510,59.5700,59.6600,58.8900,58.9100,2507100
20160511,59.0300,59.7300,59.0200,59.4200,1875900
20160512,58.0600,59.5800,57.2300,59.2600,1640500
20160513,57.8700,58.7800,57.6200,57.8600,1561300
20160516,59.0800,59.3600,57.7800,57.9400,2768200
20160517,57.9800,59.2900,57.8700,58.9300,1877200
20160518,57.7600,58.3500,57.3100,57.8400,2453700
20160519,57.5200,58.2400,56.8300,57.6900,2233400
20160520,56.1900,57.9800,55.3500,57.3000,4816200
20160523,56.9600,57.2500,55.8900,56.1800,3311000
20160524,58.4600,58.5500,57.1700,57.2500,1980800
20160525,58.9100,59.9400,58.7500,58.7500,2025500
20160526,58.1100,59.1200,57.9000,58.8700,1460700
20160527,59.3400,59.3700,58.2000,58.2000,1909700
