20150529,40.2300,40.5800,40.0400,40.4500,1189400
20150601,40.2200,40.4900,40.0800,40.2500,1027300
20150602,39.6200,40.0100,39.2600,40.0000,1480700
20150603,39.3100,39.7000,38.8600,39.5100,1605900
20150604,39.0900,39.5100,39.0200,39.1300,1146400
20150605,38.3700,38.7400,38.2800,38.7400,1390900
20150608,37.9300,38.1800,37.9000,38.0200,1106300
20150609,37.8700,38.1800,37.8300,37.8900,1342400
20150610,37.8100,38.3200,37.8000,37.9800,2190200
20150611,38.3000,38.3600,37.9900,38.0500,1215600
20150612,37.7700,38.2400,37.7500,38.0500,1020600
20150615,37.7300,37.9700,37.5900,37.7500,1210200
20150616,37.8100,37.8200,37.4000,37.6100,1262700
20150617,38.0900,38.2100,37.7000,37.8100,1068900
20150618,38.5400,38.7300,38.1300,38.1800,1154500
20150619,38.2600,38.7600,38.2500,38.5400,1249100
20150622,38.3100,38.5000,38.1000,38.1200,1123600
20150623,37.7600,38.3400,37.7500,38.2000,1107100
20150624,37.7800,37.9700,37.7400,37.7800,1865400
20150625,37.5100,37.9900,37.5000,37.9700,1398400
20150626,37.7300,37.7900,37.2600,37.4600,991300
20150629,37.5400,38.2100,37.5200,37.7200,1599100
20150630,37.6800,37.9700,37.5900,37.8400,2036600
20150701,37.9800,38.0100,37.5500,37.7500,1356900
20150702,38.5000,38.6700,38.1900,38.3100,1341500
20150706,38.5600,38.6500,38.1700,38.4100,1173100
20150707,39.6000,39.6700,38.7100,38.7700,1903500
20150708,39.2800,39.6800,39.1500,39.4000,1129000
20150709,38.6800,39.5300,38.5000,39.3400,1186800
20150710,39.0200,39.3300,38.5100,38.6700,1208200
20150713,38.9100,39.2600,38.6700,39.1500,1111700
20150714,38.8600,39.1200,38.7400,38.9400,961100
20150715,38.9900,39.0100,38.6200,38.8600,693000
20150716,39.6600,39.7800,38.9900,38.9900,1079800
20150717,39.3900,39.6900,39.2800,39.4900,1619400
20150720,39.1200,39.3300,38.8100,39.3300,980700
20150721,38.7000,39.1200,38.5000,39.0500,821100
20150722,38.6600,39.0400,38.6100,38.7300,1354700
20150723,38.2700,38.5900,37.9200,38.5500,1403700
20150724,38.5300,38.6100,38.1300,38.3100,1115000
20150727,39.0200,39.1700,38.4600,38.5900,851900
20150728,39.3400,39.4300,38.9800,39.3300,1824400
20150729,39.6500,39.6800,39.0100,39.2700,1241500
20150730,39.7700,39.9900,39.3500,39.5400,1336100
20150731,41.0800,41.3400,39.7800,40.1200,2768600
20150803,41.5900,41.9300,41.2300,41.2600,2296200
20150804,41.0100,41.4900,40.9300,41.4400,1840800
20150805,41.3600,41.5600,41.0200,41.1700,1315800
20150806,41.6900,41.7400,40.9900,41.3800,1087500
20150807,42.1200,42.3300,41.3500,41.6000,978300
20150810,41.8200,42.4000,41.7200,42.1300,1322200
20150811,42.1000,42.3000,41.6300,41.8100,2162700
20150812,42.6500,42.7200,41.8500,42.2100,3641100
20150813,42.6200,42.7400,40.9900,40.9900,1688200
20150814,42.7400,42.8200,42.3100,42.5200,2406000
20150817,43.4000,43.6100,42.6200,42.7800,1778400
20150818,43.2000,43.4600,43.0000,43.2400,1931100
20150819,43.5500,43.6500,42.7800,43.0200,1757300
20150820,43.3100,43.8500,43.1900,43.2200,1384100
20150821,42.5100,43.3600,42.5100,43.1900,2201100
20150824,40.6800,41.9800,40.4800,41.0700,3089700
20150825,39.7700,41.4500,39.7500,41.4500,2749600
20150826,40.5500,40.6500,39.6600,40.2900,2825400
20150827,41.0200,41.0400,40.2600,40.7500,2447600
20150828,41.0700,41.2100,40.5100,41.0100,1577100
20150831,40.2900,41.0100,39.8900,40.9400,2572400
20150901,39.1200,39.9600,38.8900,39.3900,2420200
20150902,39.0800,39.6000,38.6400,39.5600,1759300
20150903,39.2500,39.4100,39.0300,39.2300,1135000
20150904,38.5600,38.9100,38.3500,38.8600,1571700
20150908,38.9800,39.0100,38.4800,38.6900,1684700
20150909,38.4600,39.1200,38.3900,38.9800,1679100
20150910,38.4300,38.9100,38.1500,38.2900,1238300
20150911,38.8200,38.8200,38.2600,38.3400,1472200
20150914,38.9800,39.2200,38.7900,38.8400,1449100
20150915,39.2000,39.3400,38.7000,38.9800,1380000
20150916,39.6900,39.7400,39.1100,39.2200,1345900
20150917,40.5400,41.0700,39.6200,39.7000,2627200
20150918,40.3700,40.7300,40.1600,40.2300,2931900
20150921,40.8200,41.0600,40.3900,40.5200,1704100
20150922,40.5000,40.7900,40.4100,40.5200,1595600
20150923,40.8000,40.8800,40.3600,40.5000,1121800
20150924,41.0500,41.1900,40.4300,40.7000,1688800
20150925,41.3700,41.8300,40.8100,41.1700,1716700
20150928,41.5400,41.8100,41.2400,41.3900,1740100
20150929,41.6900,41.7900,41.2500,41.5500,1360100
20150930,42.2700,42.2900,41.6300,41.9000,1522200
20151001,41.7800,42.4400,41.4600,42.3100,1971900
20151002,42.3200,42.3200,41.6500,42.2000,1043200
20151005,42.6200,42.7400,42.0400,42.4500,1146500
20151006,42.3100,42.6700,42.0800,42.5400,917500
20151007,42.2100,42.5100,42.0700,42.4400,1025900
20151008,43.1200,43.2100,42.0000,42.1000,1970400
20151009,43.1200,43.2400,42.7800,43.1300,2145500
20151012,43.7200,43.7400,43.1400,43.2000,1436300
20151013,43.6500,43.8000,43.3200,43.6100,2276200
20151014,43.3900,43.9600,43.3400,43.7200,1508600
20151015,43.9400,44.0600,43.3900,43.6000,927400
20151016,44.1000,44.4400,43.9100,44.1700,1079300
20151019,44.2900,44.3000,43.7400,43.9700,1294600
20151020,44.3200,44.5200,43.9700,44.1500,1052200
20151021,44.1500,44.6500,44.0800,44.4500,944100
20151022,44.5000,44.6100,44.1900,44.2300,1422400
20151023,43.9900,44.5600,43.6800,44.4100,1303300
20151026,44.4100,44.4300,43.7200,44.0600,1542500
20151027,44.4900,44.6800,44.2500,44.2700,1326800
20151028,44.0300,44.7100,43.5100,44.4400,1519600
20151029,43.4100,43.8700,42.9500,43.8200,1850100
20151030,43.6800,43.8500,43.3400,43.5800,1428800
20151102,43.9200,44.0200,43.3900,43.7000,1430900
20151103,43.8700,43.9700,43.5500,43.7600,1174000
20151104,44.2100,44.3200,43.8900,43.8900,1063000
20151105,44.0200,44.4600,43.9400,44.1500,1781800
20151106,42.5500,44.4900,42.1800,43.7700,2444400
20151109,43.1400,43.2300,41.8800,42.3500,2139800
20151110,43.8100,43.8800,43.0900,43.0900,1639800
20151111,44.2200,44.4000,43.8800,43.9000,1545800
20151112,43.5000,44.5100,43.4100,44.2000,2065500
20151113,43.1300,44.0900,43.0100,43.6300,2072400
20151116,43.9300,43.9500,43.0200,43.2400,3025100
20151117,42.8600,44.3300,42.7400,43.8200,3251500
20151118,43.2200,43.2900,42.3700,42.8300,2386000
20151119,43.7000,43.9100,43.3700,43.4200,2279500
20151120,44.1100,44.3400,43.8800,43.9300,2942400
20151123,43.3400,44.1700,43.2600,44.0300,1591500
20151124,43.2200,43.3400,42.7500,43.1700,1455200
20151125,43.1600,43.3700,43.0500,43.2400,1157500
20151127,43.3100,43.4500,43.1100,43.2800,657500
20151130,43.7600,44.0700,43.4200,43.4500,2954200
20151201,43.8300,44.0900,43.4500,44.0000,1960700
20151202,42.8300,43.9400,42.7700,43.9400,1928000
20151203,42.2500,42.8200,41.9800,42.6400,3152100
20151204,43.3400,43.3800,42.4400,42.4800,2711000
20151207,42.9700,43.0200,42.6000,42.8000,1885100
20151208,42.7400,43.0700,42.4300,42.8900,2338800
20151209,42.5800,43.0000,42.3700,42.5200,2099800
20151210,41.7100,42.6600,41.5500,42.5800,1968100
20151211,41.7200,42.0800,41.3300,41.5200,1658400
20151214,41.8000,41.8900,41.4100,41.7000,2144700
20151215,41.9400,42.2700,41.8100,42.0000,1856000
20151216,43.0000,43.1200,42.0400,42.2600,1794000
20151217,44.0300,44.0600,43.0000,43.0600,3129800
20151218,43.2000,43.8500,43.0100,43.7900,3492100
20151221,42.8600,43.5300,42.6600,43.2800,1473900
20151222,43.2000,43.2900,42.4400,42.9800,1520800
20151223,43.8500,43.9500,43.3400,43.3600,1120200
20151224,43.6800,43.8100,43.5900,43.7600,345800
20151228,44.0400,44.0500,43.5700,43.6100,891000
20151229,44.1200,44.4400,44.0200,44.1500,1070900
20151230,44.0000,44.3700,43.9200,44.1800,994100
20151231,43.2300,44.0000,42.9200,43.9500,2080400
20160104,43.0300,43.2200,42.5800,43.1300,2664400
20160105,43.5400,43.5900,42.3500,43.0200,2295800
20160106,43.8200,43.9300,43.1500,43.2400,1974500
20160107,43.8500,44.0800,43.4000,43.4700,3190200
20160108,43.5100,44.0500,43.4300,43.8800,2139200
20160111,43.5200,43.8500,43.4100,43.5400,2237900
20160112,43.3800,43.6400,42.9800,43.6400,1797100
20160113,43.1400,43.7500,43.0500,43.5400,2263300
20160114,43.7100,43.9700,42.8600,43.0600,1493900
20160115,43.5100,43.7000,42.9100,43.1200,2010100
20160119,43.4500,44.0000,43.1400,44.0000,4015400
20160120,42.3300,43.5000,41.5000,43.3900,3700000
20160121,42.1300,42.5200,41.7600,42.3300,2107500
20160122,42.9500,43.0200,42.1000,42.3500,1872200
20160125,42.6700,43.0900,42.5400,43.0600,1783600
20160126,42.7600,43.4200,42.5500,42.7600,1621400
20160127,43.2000,43.4600,42.5400,42.7800,1851400
20160128,43.8500,44.1000,42.7500,43.1400,1537300
20160129,44.9200,44.9700,44.0800,44.3000,2402600
20160201,45.6600,45.8100,44.6900,44.7300,1843300
20160202,46.3800,46.5000,45.3300,45.5300,2622100
20160203,47.3300,47.9000,46.7300,46.7700,4515600
20160204,46.5300,47.3900,46.2600,47.1600,3032000
20160205,46.4900,46.7400,45.5400,46.1800,2971700
20160208,46.1700,46.9400,45.5500,46.6200,2379500
20160209,46.0800,46.5000,45.8400,45.9300,2285400
20160210,46.2000,46.4700,45.3400,46.0300,2547000
20160211,45.3700,46.4300,45.3400,46.1600,1552900
20160212,45.2500,45.7100,44.8400,45.3100,1134200
20160216,45.5800,45.6200,44.9100,45.3200,2170400
20160217,45.3100,45.5700,45.1900,45.5500,1640000
20160218,46.2800,46.5900,45.1600,45.2500,3893900
20160219,45.6000,46.6900,45.1000,45.8100,4164000
20160222,46.2300,46.3600,45.4600,45.5600,2395400
20160223,46.5200,46.6300,45.7600,45.9400,1557600
20160224,47.4800,47.5600,46.3200,46.5300,2839700
20160225,48.1300,48.2200,47.5300,47.6600,2108700
20160226,46.4900,47.9000,46.4700,47.8400,2665800
20160229,46.9500,47.4400,46.3100,46.4000,2610500
20160301,46.9300,47.5400,46.5300,47.1900,1916200
20160302,46.9600,46.9800,45.5600,46.6300,2047600
20160303,47.0000,47.0000,46.2300,46.9800,1490600
20160304,47.3500,47.6000,46.5200,46.7800,1856400
20160307,47.1300,47.4400,46.7000,46.8300,1461000
20160308,47.8500,47.8900,46.9400,47.1500,1732600
20160309,48.2700,48.4100,47.7700,47.8000,1318000
20160310,47.9400,48.3500,47.3900,48.2000,2972700
20160311,48.2200,48.5000,47.8700,47.9700,1666300
20160314,48.3200,48.4100,47.8900,48.0100,1371900
20160315,48.1800,48.5300,47.9600,48.1900,1667200
20160316,48.4300,48.5800,47.5400,48.0600,1744400
20160317,48.9000,49.0300,48.2300,48.3200,1438000
20160318,48.9800,49.4200,48.4200,49.0300,2856200
20160321,48.7800,49.0900,48.1600,48.8900,1285900
20160322,48.8700,49.1300,48.5200,48.8500,1713500
20160323,48.9900,49.1700,48.5100,48.7700,1511600
20160324,49.2500,49.2800,48.7200,48.8200,1179900
20160328,49.2000,49.6600,48.9200,49.4900,835400
20160329,49.8900,49.9000,49.1500,49.2000,1355200
20160330,49.7500,49.9000,49.3900,49.9000,1617100
20160331,50.1000,50.1600,49.3500,49.7200,2517500
20160401,50.5400,50.5800,49.7500,50.1000,1415700
20160404,50.8300,51.0600,50.3700,50.5700,2644900
20160405,49.5200,50.7900,49.4800,50.7400,2308800
20160406,49.5500,49.5800,49.1100,49.4600,1312500
20160407,49.1600,49.7500,49.0100,49.2800,1973400
20160408,48.7800,51.0000,48.7000,49.4000,4797900
20160411,48.6800,49.1300,48.5400,48.8600,2248000
20160412,48.7100,48.8600,48.4200,48.7800,1763800
20160413,48.3000,48.8000,48.1300,48.8000,1437800
20160414,48.3500,48.5100,48.0600,48.1900,962800
20160415,48.7300,48.8300,48.2600,48.5200,1052900
20160418,49.0800,49.1200,48.5100,48.7400,1227100
20160419,49.1200,49.2700,48.7800,49.1000,1215200
20160420,47.5900,49.1900,47.5400,49.0300,1435100
20160421,46.4700,47.5600,46.2900,47.4800,1420100
20160422,46.5500,46.9600,46.3900,46.6200,1482500
20160425,46.9700,46.9700,46.4000,46.4800,2184100
20160426,46.8100,47.1900,46.6300,47.0300,1727900
20160427,47.2600,47.4800,46.5700,46.9600,1827000
20160428,47.6900,47.7200,46.5500,46.8200,1513100
20160429,48.0000,48.0600,47.0800,47.4500,2097700
20160502,48.1400,48.5500,47.8000,48.0500,1888700
20160503,48.5500,48.7500,48.1900,48.1900,1579000
20160504,48.7300,49.2200,48.2400,48.4700,2485100
20160505,48.8800,49.2700,48.4300,48.6400,1676800
20160506,48.1900,48.8300,47.8200,48.8300,1598700
20160509,48.4300,48.5500,48.0500,48.2800,1437300
20160510,48.6600,48.8600,48.4000,48.5200,1366600
20160511,48.1500,49.0000,47.9400,48.6300,3285800
20160512,48.1200,48.7700,47.3500,48.1100,3852100
20160513,48.0700,48.3300,47.5800,48.1200,1576400
20160516,47.9000,48.1700,47.6200,47.9400,1575300
20160517,47.3200,47.9600,47.0000,47.8000,2719100
20160518,46.8200,47.7000,46.5900,47.1000,3257200
20160519,47.3500,47.3700,46.3000,46.6700,2160000
20160520,47.2400,47.6100,46.8500,47.4900,2855500
20160523,46.6900,47.3600,46.6500,47.2900,1427900
20160524,47.2400,47.3100,46.7200,46.7400,872000
20160525,47.1100,47.3200,46.8600,47.0700,1151200
20160526,47.8300,48.1400,47.0900,47.0900,1722700
20160527,48.1100,48.1300,47.6200,47.7800,1251800
