20150529,56.2900,56.4500,55.7900,56.2400,3676900
20150601,56.0100,56.4100,55.7500,56.0700,2128500
20150602,55.1700,55.6700,54.8200,55.6300,2221200
20150603,54.3800,55.2600,54.1000,55.1000,2655600
20150604,54.2900,54.6600,54.1200,54.1500,3265500
20150605,53.4400,53.7900,53.1200,53.7700,3394300
20150608,53.4600,53.5900,53.2000,53.5100,2791700
20150609,53.4600,53.9200,53.2500,53.4000,2862100
20150610,53.8900,54.8100,53.8700,54.5200,3021900
20150611,54.3100,54.5100,54.1200,54.3600,2495900
20150612,53.9300,54.2300,53.8600,54.0800,1884300
20150615,53.6500,54.0000,53.5700,53.8000,1814900
20150616,53.7300,53.8400,53.3400,53.5500,2673200
20150617,54.0600,54.1500,53.4500,53.6700,2032200
20150618,54.8300,54.9900,54.1100,54.1100,2069300
20150619,54.4700,54.9400,54.4500,54.8600,2629400
20150622,54.2400,54.5800,54.1000,54.5800,1568200
20150623,53.3400,54.3000,53.2800,54.2100,2565400
20150624,52.9600,53.5600,52.9200,53.3700,2866000
20150625,52.6200,53.2000,52.6200,52.9800,1958800
20150626,52.9100,53.0400,52.3200,52.5900,2194200
20150629,52.8000,53.6600,52.7700,52.9300,2368300
20150630,52.9700,53.2500,52.7600,52.9500,3239300
20150701,53.2900,53.3700,52.7600,53.0000,2664500
20150702,54.2300,54.3300,53.5100,53.5200,2125300
20150706,54.5300,54.5500,54.0200,54.0900,3266700
20150707,56.0800,56.5000,54.7400,54.8000,4446500
20150708,56.0300,56.3700,55.7500,55.8000,2975000
20150709,55.5200,56.3300,55.2300,56.1000,3339400
20150710,55.5600,55.9900,55.2100,55.4500,2806400
20150713,55.3400,55.9000,54.8800,55.6700,2215500
20150714,55.1900,55.6700,54.9900,55.3900,1929500
20150715,55.6800,55.6800,54.9900,55.2000,2418800
20150716,56.3600,56.4500,55.6200,55.7200,2497000
20150717,55.7200,56.3600,55.7100,56.1100,2824500
20150720,55.5400,55.7000,55.0500,55.5800,2747500
20150721,54.8900,55.5800,54.6500,55.5000,2201300
20150722,55.2100,55.5500,54.8900,54.9700,3186400
20150723,54.5900,55.3300,54.2200,55.3300,3534300
20150724,54.6000,54.7800,54.1700,54.5100,3025400
20150727,55.7400,56.0300,54.6200,54.6600,2789900
20150728,55.8900,56.0300,55.5200,55.6400,2687100
20150729,55.9400,56.0000,55.3800,55.7500,2497200
20150730,56.3200,56.6100,55.5700,55.6600,1994100
20150731,56.5700,57.2200,56.4800,56.7900,2414600
20150803,57.0600,57.2500,56.6500,56.7800,2458600
20150804,56.3900,57.1400,56.2800,57.0300,2200000
20150805,56.6500,56.8500,56.2400,56.5900,2305200
20150806,56.2600,56.3200,55.3400,56.0300,2204900
20150807,56.7700,57.0800,55.7800,56.1500,2038400
20150810,56.7100,57.0700,56.5400,56.8100,2511500
20150811,56.8500,57.3800,56.4600,56.7000,2383300
20150812,57.5700,57.7700,56.6000,56.8500,2444800
20150813,57.5500,57.7400,56.8800,57.3300,1887300
20150814,58.2000,58.2100,57.0900,57.5700,1933500
20150817,58.3500,58.6700,57.9900,58.1900,2194300
20150818,58.2700,58.3700,57.9600,58.2000,1954000
20150819,58.8000,58.9600,57.8200,58.0100,2580600
20150820,58.3700,59.1800,58.1200,58.4200,1856100
20150821,57.2900,58.3600,57.2200,57.9700,3934300
20150824,54.8300,56.7700,53.0300,55.2900,5660400
20150825,53.0200,55.6500,53.0000,55.0200,4974600
20150826,54.0100,54.2100,52.8000,53.5300,4407800
20150827,54.9100,54.9300,54.1100,54.5800,2909100
20150828,54.9000,55.3800,54.0700,54.8500,2105500
20150831,54.2900,54.6900,53.8200,54.5500,3588900
20150901,52.9900,53.9300,52.6500,53.7400,3281700
20150902,53.0100,53.4100,52.4600,53.3800,2460900
20150903,53.3500,53.5300,53.0000,53.0500,2339600
20150904,52.5400,53.0700,52.2900,52.9600,2595300
20150908,54.0800,54.0900,53.2300,53.2300,3149600
20150909,53.3700,54.4800,53.2700,54.3600,2602800
20150910,53.3900,53.8700,53.1800,53.4100,2172500
20150911,53.7800,53.8100,53.0400,53.2900,1804500
20150914,53.6800,54.2400,53.6000,53.8700,2063800
20150915,53.8500,54.0200,53.3900,53.7800,2423800
20150916,54.6300,54.7200,53.8400,53.9800,4547200
20150917,55.8700,56.4400,54.5400,54.6700,5244400
20150918,55.4800,56.3300,55.3400,55.5000,3832700
20150921,55.6000,55.9400,55.3500,55.7300,2823100
20150922,54.7200,55.6500,54.6000,55.3800,3559800
20150923,55.0200,55.1100,54.5100,54.8100,1878500
20150924,55.4600,55.6000,54.7400,54.8500,3829200
20150925,55.9900,56.5500,55.1900,55.5900,2718000
20150928,55.8600,56.5200,55.4600,55.9400,2413800
20150929,56.1300,56.3900,55.7400,55.9900,2659800
20150930,56.8600,56.9700,56.0100,56.3500,2785200
20151001,56.1400,57.0000,55.7900,56.9200,4215600
20151002,56.3200,56.7600,55.6900,56.7300,5169200
20151005,57.4600,57.5900,56.4400,56.6700,3007300
20151006,56.6200,57.4400,56.4300,57.2300,3101500
20151007,56.0400,56.8000,55.9500,56.7600,4452000
20151008,56.8700,56.9600,55.9400,56.0100,3397500
20151009,56.7400,57.0400,56.5100,56.9000,2043000
20151012,57.5600,57.7400,56.8000,56.8000,2270700
20151013,57.6500,57.8600,57.2600,57.4600,2143500
20151014,58.1500,58.4000,57.6000,57.6700,3887500
20151015,58.7200,58.8100,57.8900,58.3500,2754900
20151016,58.5400,59.0400,58.2700,59.0000,3033700
20151019,58.5900,58.6700,57.8300,58.4600,2892100
20151020,58.6600,59.2300,58.2200,58.5100,3125200
20151021,58.9400,59.5200,58.7200,58.9600,3320800
20151022,59.1700,59.2700,58.1900,58.5100,4104600
20151023,57.4800,59.0100,57.4100,58.9700,4884500
20151026,57.8200,57.8900,57.2700,57.7300,2861500
20151027,57.6700,58.0400,57.4300,57.8700,2129500
20151028,57.0700,57.9800,56.4000,57.7900,2053800
20151029,56.2100,57.0000,55.5200,56.7800,3446100
20151030,56.6500,56.9300,56.2100,56.4400,2763800
20151102,56.8900,57.0000,56.2600,56.6500,2726900
20151103,56.7500,57.0400,56.3500,56.7100,2139700
20151104,56.7100,57.1500,56.5800,56.7700,2573700
20151105,56.4900,56.9700,56.4200,56.7100,2383700
20151106,53.9600,55.2800,53.3000,55.2000,5150900
20151109,54.4300,54.5700,53.5300,53.7400,3673300
20151110,55.1000,55.1400,54.4800,54.4800,2383200
20151111,55.5600,55.6900,55.0200,55.1500,2710600
20151112,55.3200,56.0000,55.0300,55.3800,2637100
20151113,55.0600,55.8500,54.9500,55.3800,2247600
20151116,56.2100,56.2500,54.9600,55.0500,2207900
20151117,55.0500,56.5500,54.9100,56.0600,2422400
20151118,55.4100,55.5000,54.3100,55.0900,4675700
20151119,56.3200,56.5200,55.5300,55.5900,3748900
20151120,56.5400,56.9800,56.1100,56.5400,4264700
20151123,55.9900,56.8400,55.9100,56.5700,2302200
20151124,55.7900,55.9800,55.2700,55.6900,2254700
20151125,55.6100,55.8000,55.3000,55.5800,2346100
20151127,55.9400,56.1300,55.4800,55.6600,1423600
20151130,56.0100,56.5900,55.9500,55.9500,4406000
20151201,56.7300,56.8800,55.9600,56.3600,3523200
20151202,55.3300,56.6000,55.2700,56.4500,2574700
20151203,54.7000,55.3200,54.5000,55.0400,3463400
20151204,55.8400,55.8900,54.9200,54.9600,2328400
20151207,56.2500,56.3000,55.7600,56.2300,2687800
20151208,55.8800,56.2200,55.5600,56.1200,2301300
20151209,56.2500,56.9100,55.3800,55.7200,2798000
20151210,54.8800,56.3300,54.8100,56.2800,3723700
20151211,54.5600,55.1000,54.4000,54.6500,2962600
20151214,54.5400,54.9600,54.0800,54.5600,4001400
20151215,56.0400,56.3800,54.7900,55.1000,4347600
20151216,57.0100,57.1900,56.1100,56.1900,3424200
20151217,57.4200,58.0300,56.8500,56.9700,4305400
20151218,56.2800,57.2800,56.0300,57.2100,5469500
20151221,56.5500,56.9300,56.1800,56.6100,3552400
20151222,57.2100,57.3300,56.2200,56.7000,2862000
20151223,58.2500,58.4200,57.1700,57.3400,3181200
20151224,58.4000,58.5500,58.0500,58.1400,1337100
20151228,58.6000,58.7400,58.0500,58.1600,2432100
20151229,58.8900,59.0700,58.6600,58.8000,3158900
20151230,58.9000,59.1400,58.7300,58.9400,1754800
20151231,58.2700,59.4400,57.6900,58.8200,2457800
20160104,58.3300,58.3600,57.5300,57.8200,4087800
20160105,58.8100,58.9800,57.3100,58.2500,3434500
20160106,59.0300,59.3500,58.2100,58.4300,3528300
20160107,58.3500,58.9800,58.1700,58.4700,3847200
20160108,58.2600,58.9300,58.1300,58.3500,2795400
20160111,58.7700,59.0000,58.2100,58.3800,2763500
20160112,58.1700,58.9700,57.4600,58.8900,4252100
20160113,57.9500,58.5400,57.8200,58.2300,3531500
20160114,59.1400,59.5600,57.9000,58.2800,4091600
20160115,58.6900,59.0900,57.8800,58.3600,3577300
20160119,59.5700,59.7200,58.7000,59.0000,3620700
20160120,57.9200,59.4600,57.1700,59.2100,4403300
20160121,57.6400,58.3800,57.1000,57.3800,3990500
20160122,58.5300,58.5700,57.7200,58.4600,3707600
20160125,57.7500,58.5600,57.6700,58.5400,3639700
20160126,58.2000,58.9700,57.8700,58.0000,3176500
20160127,58.1900,58.8000,57.6800,58.1900,3125500
20160128,59.4500,59.8400,56.7500,57.1300,4542500
20160129,60.9700,61.0800,59.9600,60.0000,4726900
20160201,61.7900,62.5600,60.8200,61.0000,5033500
20160202,62.0000,62.3000,61.5000,61.6600,4599000
20160203,63.3100,63.6300,62.1800,62.3800,4944000
20160204,62.2900,63.3400,62.0300,63.1500,4114600
20160205,62.8400,63.2800,61.5500,62.1700,4123000
20160208,62.4900,63.0500,61.3800,62.2300,4545200
20160209,62.3700,62.9300,61.9500,62.4000,3166400
20160210,62.9000,63.3800,61.5500,62.0600,4180300
20160211,61.3100,63.0000,61.2800,62.5300,3288500
20160212,60.6000,61.8500,60.4100,61.3100,3847300
20160216,61.0900,61.5600,60.5000,60.9200,3925100
20160217,61.1000,61.2800,60.3300,61.1200,3400700
20160218,62.4500,62.7800,60.9200,61.2900,2926700
20160219,61.9100,62.4500,61.5900,62.4300,2445700
20160222,62.8500,62.8800,61.8500,62.0100,2213500
20160223,62.7600,62.9400,62.1000,62.4700,1943800
20160224,63.0100,63.3000,62.4000,62.7800,1800800
20160225,63.8900,63.9000,63.0200,63.1700,1763100
20160226,61.4700,63.7700,61.4200,63.2800,3320900
20160229,61.7500,62.3900,61.4400,61.4700,3225100
20160301,61.7300,62.2700,61.2500,62.0700,2059600
20160302,61.8900,61.9700,60.1500,61.5100,2801700
20160303,61.7700,61.8500,60.6600,61.7800,3879100
20160304,62.4300,62.7100,61.0200,61.4600,3857900
20160307,63.2400,63.4000,62.1700,62.4100,2929100
20160308,63.6100,63.9200,62.9100,63.2400,2701400
20160309,64.3000,64.6300,63.5500,63.6800,2323700
20160310,64.1300,64.4400,63.4800,64.3000,1951300
20160311,64.2300,64.6900,64.0900,64.5600,2094700
20160314,64.2200,64.3800,63.7200,63.8900,1540600
20160315,64.4100,64.7000,63.8700,64.2600,1599200
20160316,65.1300,65.2500,63.7300,64.3300,2908000
20160317,65.4300,65.6300,64.8500,65.2000,2374100
20160318,64.7900,65.6800,64.7800,65.6400,5079300
20160321,64.8000,65.0300,64.0200,64.3900,2291300
20160322,64.7700,65.3400,64.5700,65.0100,2772300
20160323,65.0800,65.3100,64.4000,64.6400,3702600
20160324,65.0600,65.4000,64.7200,65.0200,3984900
20160328,65.0000,65.7600,64.8800,65.3900,3282600
20160329,66.0300,66.0700,64.8200,65.1400,3495900
20160330,66.0200,66.3700,65.7000,66.0600,2277900
20160331,66.4000,66.4900,65.7700,66.0100,2924700
20160401,67.0100,67.1400,66.0900,66.1000,2097800
20160404,66.5800,67.1900,66.2100,67.0700,1795400
20160405,65.4000,66.6200,65.3600,66.5400,2580800
20160406,65.6300,65.6900,64.9800,65.3300,2024000
20160407,65.5000,65.9800,65.3700,65.4700,1523500
20160408,66.0100,66.3500,65.7400,65.8700,2137800
20160411,65.6800,66.4700,65.6000,66.0500,1679500
20160412,66.3100,66.3800,65.6200,65.7500,1773600
20160413,65.7900,66.4000,65.4100,66.4000,1943400
20160414,65.5900,65.9800,65.4600,65.6100,1122300
20160415,66.0500,66.1800,65.5800,65.7800,1960800
20160418,66.2400,66.3100,65.4900,66.0500,1757100
20160419,65.8400,66.4300,65.5200,66.3700,2621200
20160420,63.7000,66.1100,63.5600,65.8600,4650600
20160421,62.2600,63.6000,62.0100,63.6000,4528300
20160422,62.7400,62.9900,62.3400,62.5000,3059900
20160425,62.8100,62.8400,62.4600,62.6800,2469500
20160426,62.9000,63.2500,62.7300,62.9200,1977300
20160427,63.9300,64.4200,62.9000,63.0000,3967600
20160428,63.0600,63.4100,61.4200,61.8500,5010200
20160429,63.5000,63.6300,62.0900,62.7300,2992800
20160502,64.3600,64.4200,63.4100,63.6000,5028000
20160503,64.5000,64.7000,64.0700,64.3200,4468600
20160504,65.3900,65.7100,64.1700,64.3800,3535900
20160505,65.1500,65.9600,64.7800,65.1900,2817300
20160506,64.5600,64.7800,63.6500,64.5900,3185300
20160509,65.2900,65.3800,64.3200,64.6200,3918500
20160510,65.0500,65.5600,64.9200,65.5400,2538300
20160511,65.2100,65.3400,64.5300,65.0500,2082400
20160512,65.6600,65.8500,64.7800,65.1200,2144400
20160513,65.6100,65.8000,64.9200,65.5700,2708700
20160516,65.9300,65.9700,65.0200,65.4300,2335900
20160517,64.5100,65.8900,64.1800,65.8700,3407900
20160518,63.3000,64.5200,62.9700,64.0300,4390600
20160519,63.8500,63.8700,62.6100,63.1800,2868300
20160520,63.8000,64.1000,63.3500,64.0500,2217400
20160523,62.9500,63.8700,62.9100,63.8000,2508100
20160524,63.6300,63.8000,63.0400,63.2500,2283500
20160525,63.4300,63.7800,63.0000,63.2900,2407900
20160526,64.3300,64.3800,63.3200,63.3300,3266700
20160527,64.3100,64.5700,63.8600,64.2600,2129700
