20150529,117.9700,120.1500,114.4700,116.4700,5255400
20150601,119.6200,120.1900,117.9100,118.0600,3900700
20150602,117.3300,119.5000,116.8900,119.2400,2630000
20150603,116.9500,118.1400,115.7600,117.8700,3102200
20150604,115.9800,116.9500,115.4500,116.0100,1908800
20150605,116.8600,117.1600,115.0100,115.5800,1441400
20150608,116.0000,117.8000,115.9800,117.0000,1350100
20150609,117.2400,117.4900,115.9400,116.3500,2060400
20150610,117.9400,118.5300,116.9800,117.0800,1590200
20150611,117.9500,118.5900,117.7300,118.2100,1674900
20150612,115.8700,117.4500,115.7600,117.2300,1746000
20150615,121.0100,124.2000,114.7500,115.3100,6380900
20150616,124.9700,128.6500,123.1200,124.8800,6827900
20150617,123.8600,126.8400,123.4500,125.7700,2797600
20150618,124.5000,125.3900,124.0200,124.0600,2122900
20150619,124.0700,124.6700,123.8500,124.3700,2070300
20150622,128.0500,130.1700,127.6000,127.9100,7391400
20150623,128.2000,128.7500,126.4700,128.2900,6173300
20150624,127.5100,128.6400,125.9000,127.1000,8226400
20150625,132.6000,133.0500,126.7300,127.6600,8858700
20150626,130.0500,134.4000,130.0500,132.8300,5583300
20150629,127.2800,129.4800,127.0400,128.5900,3185600
20150630,127.4600,128.7100,127.2500,128.3200,2397500
20150701,128.9000,129.3600,127.2500,128.9500,2452300
20150702,125.5100,129.7400,125.4500,129.4100,3168500
20150706,117.4300,120.7600,115.5600,117.8100,16434100
20150707,115.3300,118.2000,112.6400,117.7200,9847000
20150708,112.6700,115.9300,112.6700,114.8800,5307900
20150709,112.6700,116.5100,112.5600,115.7300,5282400
20150710,114.6000,114.8000,112.5700,114.0200,4734700
20150713,114.0200,116.2700,112.3700,115.9000,5353900
20150714,115.7500,115.9700,113.2100,113.3000,3266700
20150715,115.4800,117.0100,114.9200,115.7900,2915600
20150716,112.9100,115.9600,112.8100,115.6600,4819400
20150717,112.9200,113.4800,111.2600,112.7600,4297700
20150720,111.6000,113.1400,111.0400,113.1300,2890400
20150721,111.5500,112.5600,109.1100,111.5000,3933700
20150722,113.8800,114.2300,111.0200,111.5000,4433900
20150723,112.0500,114.2400,111.5700,114.1600,2854000
20150724,110.0000,111.9500,109.7300,111.6200,3223400
20150727,110.2300,110.5500,107.9500,109.2700,3783600
20150728,112.3100,112.3700,109.9000,110.8100,3538700
20150729,112.6000,112.9400,111.1200,112.5200,2669500
20150730,114.1500,114.6400,112.3600,114.3600,2650200
20150731,112.9700,114.9800,112.6900,114.6300,2882300
20150803,113.7900,114.7200,112.5000,113.5500,3020000
20150804,115.1900,117.1000,112.2400,115.9900,4244400
20150805,118.0700,118.7600,115.4400,116.5900,4296500
20150806,116.4000,118.5900,115.9400,118.2000,2713500
20150807,116.3900,116.8100,115.0500,116.0800,1582400
20150810,117.0900,117.4900,116.2600,116.9100,1650400
20150811,118.3500,119.4900,116.1800,116.2500,3428000
20150812,117.3000,118.0000,115.4200,117.5000,2828500
20150813,118.2500,118.6700,117.0000,117.6200,1866500
20150814,120.6600,120.9600,117.8200,117.9300,3122000
20150817,123.0400,123.7900,119.8900,120.0600,3115400
20150818,124.2100,125.4700,122.8000,123.0300,2837300
20150819,122.1800,123.5000,120.8200,123.4300,3405800
20150820,118.5300,121.9100,118.1800,121.1400,3398400
20150821,115.5100,118.7800,115.4900,117.9500,3110900
20150824,110.5100,112.0000,93.5100,108.0300,4999700
20150825,110.5000,115.9500,110.5000,114.1900,4461200
20150826,115.4200,115.7400,112.3500,112.8800,4838400
20150827,117.7800,117.8900,114.4100,115.7500,3655100
20150828,116.8600,118.1100,116.0200,117.6100,1681700
20150831,114.5200,118.1600,114.3600,116.6700,2624400
20150901,111.5500,114.2100,110.8900,112.2000,2933900
20150902,113.5600,113.6000,111.1800,112.7500,2255400
20150903,115.1800,116.5500,113.7600,114.0800,2637400
20150904,113.4700,114.4200,112.7900,113.6000,2175400
20150908,118.1400,118.3700,115.4500,116.2400,3120500
20150909,117.2300,119.8500,116.8800,119.6000,2330200
20150910,116.1900,118.9800,115.8800,116.7300,2794800
20150911,117.8900,117.9300,115.2700,115.4100,1846400
20150914,116.3900,118.8600,115.9900,118.8100,1812400
20150915,117.5700,117.9300,115.8500,116.9000,1386700
20150916,117.5800,118.3600,116.1400,117.7900,1796400
20150917,117.7600,119.5400,116.7300,117.6500,1723900
20150918,116.1500,118.1800,115.9000,117.0200,2765500
20150921,118.8200,119.7500,116.3500,117.2100,2430500
20150922,118.1200,119.3700,116.0300,117.1400,2372800
20150923,118.8200,119.4900,117.2100,118.1000,1999700
20150924,116.4400,118.2500,114.4600,118.0800,2415300
20150925,112.0200,117.4600,111.1300,117.4600,3574900
20150928,105.3000,111.9200,104.3000,111.8900,5730100
20150929,106.3100,107.9300,103.7900,105.3600,3945500
20150930,109.4100,110.4800,107.5000,107.9800,3948900
20151001,109.9400,110.4200,107.0000,109.2100,2700200
20151002,113.1100,113.1800,107.6500,108.8100,2716600
20151005,113.0400,114.7300,111.7000,113.9600,1834700
20151006,108.8300,113.4700,107.8400,113.3600,3301900
20151007,109.5600,109.7900,107.0200,109.0500,2760400
20151008,109.6100,109.9300,107.9900,109.5400,1458900
20151009,109.1800,110.9600,108.8500,108.9700,1998100
20151012,110.6300,110.9100,109.0000,109.4300,1992700
20151013,113.2700,115.9800,110.5800,110.5800,4681400
20151014,111.1100,114.4200,110.0600,113.0500,2585800
20151015,112.1700,112.7200,108.3400,110.0000,3269600
20151016,112.9900,113.5600,111.8900,113.0700,2070200
20151019,114.2000,114.9300,112.6600,112.9400,2166700
20151020,111.8200,114.7900,111.0500,114.3200,2588200
20151021,108.2800,112.7000,103.6400,112.6300,5529900
20151022,103.3600,108.3800,100.6900,107.8800,7651400
20151023,105.8900,106.2400,102.9400,103.9300,4635800
20151026,107.8000,108.2200,104.6000,106.0900,3775400
20151027,110.6700,111.8600,107.0100,107.4800,4829000
20151028,111.1100,111.1800,107.0700,110.6700,4083600
20151029,114.8600,116.3300,110.6800,111.2500,4390700
20151030,114.7800,115.9900,114.0900,115.9200,4113100
20151102,115.3400,116.2200,114.1000,115.4200,2362400
20151103,111.8100,115.4800,111.3300,114.5900,2981700
20151104,108.6600,112.3900,107.3900,111.8000,4672400
20151105,111.2700,111.6500,108.4700,108.7700,2876900
20151106,107.5500,110.2200,106.3200,110.1600,4503300
20151109,108.0000,108.0600,105.6500,107.2200,3133500
20151110,108.7400,109.3900,107.8900,108.2500,2678100
20151111,105.0900,109.5600,104.8600,109.4300,2943000
20151112,103.1100,106.0200,103.0500,105.8000,4710200
20151113,102.2100,104.2500,101.5200,102.6500,3871200
20151116,105.0100,105.0900,102.2000,102.3900,2770300
20151117,105.2800,107.0400,104.0100,104.8200,1575000
20151118,106.8600,107.0600,104.4600,105.2800,1719900
20151119,99.8900,103.5800,98.6700,101.7000,11864400
20151120,104.4300,104.9800,100.5500,101.3500,4983900
20151123,105.7100,106.9200,104.3100,104.7800,2922500
20151124,106.0800,106.2800,104.3500,104.8400,2249700
20151125,103.9500,106.4800,103.8000,106.3100,2271000
20151127,104.0600,104.8000,103.4000,104.2500,958300
20151130,102.7500,104.9000,102.7500,104.4700,2789300
20151201,107.5000,107.8500,102.7800,103.1600,4370400
20151202,106.9300,109.4800,106.6200,107.6300,3974600
20151203,101.7200,107.5300,101.4200,106.7500,7098700
20151204,105.3200,106.1000,101.9100,102.4700,4784900
20151207,103.6200,105.4600,103.0600,105.4500,2945500
20151208,103.9300,104.2800,102.1000,102.8600,2957400
20151209,103.8700,104.5300,102.8300,103.1100,3409100
20151210,104.8200,105.5500,103.1600,103.5900,2162200
20151211,104.9100,106.3000,103.1700,103.9400,3556000
20151214,105.8000,106.5000,104.6900,105.2200,3799900
20151215,107.0200,108.4300,106.2500,106.5000,2712200
20151216,108.7600,108.9500,107.1300,108.0800,2823000
20151217,108.8600,109.4100,107.7100,108.7300,2826800
20151218,108.4700,109.9200,108.0200,108.7700,4296900
20151221,109.7200,110.5400,108.5900,108.9100,2730700
20151222,108.9100,110.4700,107.7600,110.4200,2659400
20151223,110.0800,110.4500,109.1300,109.1300,1776500
20151224,109.6300,110.5300,109.5100,110.0100,726800
20151228,108.9500,109.6700,108.2200,109.5300,1543900
20151229,110.2100,110.9000,109.3900,109.5200,1088000
20151230,108.9300,110.8400,108.6400,110.3900,1041400
20151231,108.1200,109.5400,108.0000,108.3500,1612700
20160104,109.2600,109.2600,106.0200,106.5900,4890500
20160105,110.7800,111.2000,109.2000,109.7300,3476400
20160106,110.2200,110.9800,109.0900,109.1600,6670200
20160107,110.2700,111.2300,108.2500,108.9200,6282200
20160108,107.0700,110.4600,106.2700,110.0000,7014700
20160111,105.3200,108.2700,104.1900,107.1400,4785300
20160112,109.1500,109.6000,104.5300,104.5300,4220800
20160113,104.8800,109.9700,104.7200,109.2500,4485700
20160114,108.2500,108.5400,104.4400,104.8600,4230300
20160115,105.0400,108.2400,103.1200,106.0800,4780900
20160119,104.8400,106.9500,104.3200,105.6700,6193200
20160120,104.0400,104.9800,100.2900,103.7700,5735500
20160121,105.2600,106.2200,103.7200,104.5900,3062300
20160122,107.5800,108.1300,105.7200,106.1600,2344700
20160125,105.4300,108.8400,105.2200,108.6800,1853000
20160126,104.9800,105.8400,103.9200,105.6500,2465900
20160127,101.6900,105.1100,100.5700,105.0800,4341900
20160128,98.7900,102.8700,98.4000,102.0000,3898900
20160129,101.8400,101.8400,99.0700,99.3700,3383800
20160201,103.3700,105.0000,102.5100,103.2500,4446300
20160202,101.8800,103.2500,100.9300,103.0500,2833700
20160203,101.1900,102.5000,99.2300,102.1100,2806400
20160204,102.1100,102.3100,99.9600,100.7200,2232600
20160205,99.2200,102.5100,98.9600,102.0400,2727300
20160208,94.3100,98.4100,93.2900,98.3400,3902100
20160209,97.2000,98.3600,92.4200,93.7400,4493500
20160210,99.7400,100.5600,98.2500,98.3100,3196800
20160211,97.8200,99.1000,97.0500,98.3300,2285800
20160212,99.3000,99.3500,97.1500,97.7400,2272000
20160216,102.1800,102.3100,99.6200,100.0600,2159800
20160217,105.4600,105.6000,102.1900,102.6000,3342900
20160218,104.3800,106.2500,104.0200,105.2200,2409300
20160219,103.4500,105.4000,102.5200,104.8000,2358600
20160222,106.5600,107.0000,102.8400,103.6700,3023200
20160223,107.3300,107.9900,106.3000,106.7800,1877500
20160224,106.6500,107.2900,105.2400,107.0200,2035000
20160225,109.4000,109.5300,105.9700,107.1200,2184900
20160226,109.9200,111.5300,109.3600,109.4700,2901700
20160229,108.6300,110.7200,108.6000,109.5200,2661900
20160301,110.5400,110.5800,108.0100,109.5400,2177300
20160302,110.1500,110.5400,109.1300,110.0500,1978300
20160303,109.6400,109.8400,107.8900,109.3200,2330800
20160304,108.0600,109.8000,107.8300,109.1400,3461200
20160307,109.7000,109.7000,107.0100,107.4300,1996300
20160308,106.9900,109.4000,106.9400,109.0500,2510300
20160309,109.2200,109.2400,107.2900,107.8600,3584100
20160310,110.8700,111.7300,109.3300,109.8100,2315600
20160311,113.4700,113.4800,111.1200,111.6300,2111300
20160314,114.1700,114.4800,112.4900,112.7400,2189200
20160315,112.8700,113.8400,111.2100,113.3200,2213900
20160316,113.3600,113.8300,111.5300,112.6800,1964900
20160317,110.5500,113.3900,109.0000,112.9600,3222400
20160318,112.6100,113.3700,109.4200,110.4400,2766000
20160321,111.4100,112.7800,110.8300,112.0700,1834100
20160322,112.5200,113.1700,111.0700,111.2100,1834300
20160323,111.7500,113.0000,111.3900,112.5600,2229900
20160324,112.4100,112.9600,111.2400,111.3700,2172800
20160328,112.1000,113.3600,111.9100,112.4100,1099300
20160329,113.2900,113.5300,111.8800,112.5000,2190400
20160330,114.1900,115.5200,113.3300,113.3300,2391900
20160331,112.3500,114.2600,112.3500,113.7300,3217000
20160401,113.7100,114.0000,111.6600,112.1200,2149700
20160404,114.5300,114.9600,112.6100,113.4800,2307100
20160405,111.1200,113.8500,110.4100,113.4100,3488000
20160406,112.1100,112.1500,110.8100,111.1900,3579600
20160407,110.2800,111.8600,109.6200,111.3600,3313000
20160408,108.8700,111.1000,108.6100,110.6600,2380300
20160411,108.2600,110.0500,108.0200,108.9100,2539700
20160412,109.2900,109.3800,107.5500,108.2800,1868700
20160413,110.5400,110.7800,109.0600,109.9900,1700700
20160414,109.6900,110.7400,109.5300,110.2100,1793900
20160415,109.8100,110.2500,108.5200,110.0700,1766100
20160418,110.4700,111.1200,109.1100,109.6700,1483000
20160419,111.4700,112.8900,110.9000,111.3800,1248100
20160420,113.2100,113.7600,111.1800,111.6500,1860100
20160421,113.0900,113.9200,112.7400,112.9600,1320600
20160422,114.8200,114.8200,113.0900,113.4400,2030300
20160425,114.3000,114.9000,113.4400,114.2000,1891100
20160426,115.7700,115.8200,114.0100,114.0100,1831700
20160427,113.8000,115.7100,113.2900,115.6100,2444100
20160428,114.6300,115.9600,113.6600,115.0500,2432400
20160429,112.2700,114.0000,111.6800,114.0000,3707900
20160502,113.8500,114.8400,112.9000,113.2600,2114100
20160503,114.0700,114.9300,113.3000,113.4600,1777600
20160504,113.0600,113.9700,112.3000,113.0500,1926400
20160505,113.8700,114.3200,112.5300,112.8900,1741700
20160506,112.8200,114.2600,111.7300,113.1900,3203000
20160509,113.9300,115.4400,112.8100,112.8100,1979800
20160510,114.4600,114.7900,113.5800,114.2400,1184300
20160511,112.2600,114.7200,112.2600,114.7200,1531400
20160512,108.6000,112.7800,107.7800,112.4500,3701700
20160513,107.9000,109.4900,106.3000,108.5400,3157900
20160516,110.5000,110.5500,107.5900,107.8100,2551700
20160517,110.2000,111.1200,109.4400,110.4000,1815500
20160518,110.6000,111.4800,109.6000,110.0400,1827500
20160519,109.7200,111.3300,108.6400,109.9100,1260200
20160520,110.6400,111.4300,110.2000,110.3800,1160100
20160523,110.0900,111.0000,109.5900,110.4200,1773100
20160524,111.6300,111.9400,110.2600,110.5400,2457100
20160525,113.6900,113.8500,111.8700,112.3100,2927700
20160526,113.0700,113.8200,112.6500,113.3300,1772800
20160527,113.2500,114.0300,112.8100,113.2900,1255100
