20150529,58.6100,59.4000,58.5500,59.3600,6817700
20150601,58.6800,59.0000,58.3300,58.9100,6587900
20150602,59.6800,60.0500,58.6400,58.9000,9026700
20150603,61.1100,61.2800,59.6400,59.8400,12437800
20150604,60.6100,61.0300,60.4700,60.6700,8335700
20150605,60.5000,61.3200,60.4200,61.1500,6376600
20150608,59.6600,60.5800,59.6300,60.5000,8482100
20150609,59.9900,60.3400,59.3200,59.5100,7227400
20150610,61.6800,61.7800,60.1200,60.2600,10914300
20150611,61.9900,62.2200,61.5700,61.6900,8332400
20150612,61.8900,62.0000,61.4800,61.8200,7039300
20150615,62.5700,63.7000,61.1500,61.3000,19861100
20150616,61.9800,62.5500,61.8000,62.2100,10864100
20150617,61.8600,62.3600,61.5700,62.2400,7206900
20150618,62.2900,62.3800,61.7700,62.2900,8908800
20150619,61.8300,62.2300,61.4900,62.0800,16095700
20150622,62.5800,62.7500,62.1500,62.3600,7189600
20150623,63.3200,63.4300,62.7700,63.1300,9146500
20150624,62.9200,63.3500,62.8100,63.1500,6063600
20150625,62.4300,63.2200,62.4300,62.8700,6887200
20150626,62.7300,62.9700,62.5000,62.7700,6816300
20150629,61.5900,62.5600,61.5200,61.7300,8763600
20150630,61.8200,62.4500,61.5200,62.2400,7569200
20150701,62.3500,62.9400,62.0400,62.7600,5953700
20150702,62.0800,62.5900,61.9100,62.4700,6474000
20150706,61.8500,62.1100,61.2200,61.4800,7065700
20150707,62.2100,62.2800,60.8500,61.8500,7555200
20150708,61.1600,62.0200,60.9300,61.8800,6048700
20150709,61.7600,62.1600,61.6300,61.8600,6035500
20150710,62.6200,63.1000,62.2700,62.6800,4203100
20150713,63.3800,63.4500,62.8800,63.0800,4538000
20150714,63.5700,63.8700,63.1600,63.4200,6658200
20150715,64.0300,64.3800,63.3800,63.8700,5538700
20150716,64.1600,64.5000,63.7900,64.5000,5180400
20150717,64.0500,64.2000,63.6300,64.0500,5324000
20150720,64.0400,64.2400,63.9000,64.2100,4926000
20150721,64.0000,64.2800,63.6900,64.0600,5539300
20150722,64.5400,64.6900,63.7400,63.9000,5161100
20150723,64.1400,64.9300,64.0400,64.6000,4911200
20150724,63.6400,64.3500,63.5700,64.1900,4468500
20150727,63.2400,63.4000,62.6500,63.2000,7066900
20150728,63.6600,63.9900,63.2400,63.6800,6750200
20150729,64.5400,64.7400,63.6700,63.7500,6189200
20150730,64.5300,64.6000,64.1500,64.4200,5295900
20150731,64.1200,64.7200,64.0800,64.6000,7267000
20150803,64.1500,64.5800,63.8100,64.2300,7659900
20150804,62.3400,63.7000,60.3200,63.7000,26677500
20150805,62.9600,63.2100,62.6000,62.7700,12882800
20150806,63.0200,63.6200,62.8700,62.9800,10480500
20150807,63.3900,63.4700,62.9700,63.0700,5793700
20150810,63.9900,64.7100,63.9400,63.9400,8456300
20150811,63.3100,63.5300,62.9900,63.0100,7045300
20150812,63.2600,63.5300,61.5200,62.6000,9679200
20150813,63.2400,63.8200,63.1500,63.1800,4305800
20150814,64.2500,64.2700,62.9300,63.0200,5744400
20150817,64.3000,64.5000,63.5600,63.8200,4965800
20150818,63.7100,64.3500,63.5400,64.1700,6745700
20150819,62.9200,63.4100,62.8100,63.3000,8928000
20150820,61.7100,62.6900,61.6900,62.3300,8398700
20150821,59.7300,61.3800,59.7000,61.0000,13055000
20150824,56.9400,58.8900,54.0000,54.2200,20043200
20150825,56.6400,59.0900,56.5600,58.7700,12353400
20150826,59.1600,59.6100,57.3100,59.1500,13602500
20150827,61.1100,61.1600,59.3800,59.8300,9805200
20150828,61.0000,61.0600,60.3000,60.4700,6323800
20150831,60.3400,60.8600,60.2300,60.7400,9390900
20150901,58.7300,59.4100,58.3100,58.9700,9687500
20150902,59.1000,59.5100,58.3400,59.4600,9612900
20150903,59.4500,60.0900,59.2700,59.3800,8618000
20150904,58.0800,58.8300,57.9000,58.5500,7993400
20150908,59.2400,59.3100,58.4000,58.9600,7092400
20150909,58.5300,59.8800,58.4100,59.8000,6253400
20150910,58.2200,58.5400,57.8800,58.0200,6943000
20150911,58.3300,58.3400,57.6500,57.6900,7287300
20150914,58.0000,58.2700,57.6000,58.2600,7156100
20150915,58.6500,58.8600,57.9800,58.2300,5617500
20150916,58.9000,59.1100,58.5200,58.6600,6100700
20150917,58.4300,59.4800,58.3300,59.0400,6416200
20150918,57.7800,58.0700,57.1100,57.5000,18147200
20150921,58.0300,58.5400,57.8400,58.1400,5228000
20150922,57.2800,57.5200,56.9000,57.2500,7859200
20150923,57.1000,57.5400,56.8400,57.1700,5068200
20150924,56.9000,57.0800,56.3000,56.4500,5835900
20150925,57.5400,57.9900,57.1900,57.8700,5296100
20150928,55.6600,57.2800,55.4500,57.2200,9804500
20150929,55.7200,56.1000,55.3000,55.8100,5711000
20150930,56.8200,56.8300,56.0500,56.5400,7412400
20151001,56.9200,57.2200,56.0600,57.1900,6889700
20151002,57.1900,57.2000,55.2400,55.3400,7886800
20151005,58.2800,58.3400,57.5300,57.5300,6616300
20151006,57.6800,58.3700,57.5900,58.0000,6542500
20151007,57.8200,58.5700,57.2800,58.0800,7826400
20151008,58.2400,58.2500,57.3100,57.6400,5913400
20151009,58.1900,58.4400,57.8000,58.2600,7764500
20151012,58.6800,58.6800,58.0400,58.1500,4963300
20151013,58.6900,59.1300,58.1500,58.1700,6678400
20151014,58.0300,58.8700,57.9700,58.5100,7002800
20151015,59.1900,59.2300,57.9700,58.4000,4713600
20151016,60.0000,60.0200,59.4000,59.5300,5255200
20151019,60.0000,60.0700,59.6100,59.9000,7767900
20151020,60.2700,60.4900,59.9100,60.1900,5194100
20151021,60.2300,60.9600,60.1600,60.4800,5210100
20151022,60.7500,61.1700,60.5100,60.5300,7528900
20151023,61.2800,61.4000,60.8500,61.2000,6666500
20151026,61.1600,61.3700,60.9400,61.2800,3203700
20151027,60.9200,60.9900,60.4100,60.6800,5744700
20151028,63.8900,63.9300,62.2800,62.9600,21707700
20151029,63.4900,64.0000,63.0300,63.8600,6965700
20151030,63.0600,63.7000,63.0600,63.4900,9077500
20151102,63.7400,64.2000,63.1800,63.4400,10960400
20151103,60.9600,61.4900,60.5000,61.1600,31974000
20151104,60.8000,61.0000,59.6500,60.6600,22499400
20151105,62.0000,62.1200,60.6200,60.6800,10943700
20151106,61.9300,63.3900,61.8100,63.3200,10570300
20151109,61.2100,61.9000,60.9600,61.8500,8069700
20151110,61.3500,61.4300,60.9000,61.0400,4889400
20151111,60.6700,61.6000,60.6500,61.5500,7060300
20151112,59.3800,60.5600,59.3700,60.4900,8065000
20151113,59.3100,60.0200,59.0400,59.2800,7948600
20151116,60.6600,60.6700,59.0500,59.1500,8283500
20151117,61.0000,61.4100,60.8500,60.9500,9765700
20151118,61.9600,62.1000,61.0100,61.2000,7439800
20151119,61.9800,62.2100,61.8000,61.9500,5991300
20151120,62.2100,62.5500,62.0600,62.2400,7346000
20151123,62.7600,63.4200,62.3100,62.4000,9325700
20151124,63.1200,63.3800,62.0100,62.0400,10487100
20151125,63.1500,63.4000,62.8700,63.3100,6068700
20151127,63.6800,63.8200,62.9100,63.0000,3941200
20151130,63.5800,63.9500,63.4400,63.6200,9431400
20151201,64.1200,64.2300,63.6200,63.8900,8033400
20151202,63.5000,64.3100,63.4000,63.9300,7469200
20151203,62.3600,63.5000,62.1500,63.4500,8101800
20151204,63.9900,64.2100,62.6000,62.6500,7589600
20151207,62.8000,63.9800,62.7000,63.8000,9302000
20151208,62.7500,62.9400,62.0400,62.4200,5507900
20151209,62.1800,63.2700,61.7800,62.3100,7548400
20151210,60.9800,62.2500,60.9000,62.0700,14235400
20151211,59.4600,60.4200,59.1800,59.9700,15175800
20151214,58.4200,59.7400,57.9400,59.7200,14957100
20151215,59.9400,60.4700,59.1800,59.6700,11843700
20151216,60.9300,61.0900,59.4700,60.4700,11524700
20151217,60.1300,61.4500,60.1100,61.1600,8258600
20151218,59.6000,59.9700,58.8100,59.9100,27107600
20151221,59.9700,60.4000,59.6000,59.9500,7421900
20151222,60.7300,60.9700,59.9200,60.3100,7288200
20151223,61.4100,61.5100,60.7500,60.9400,6075700
20151224,61.7000,62.0900,61.4100,61.4500,2560500
20151228,61.6000,61.7000,61.0100,61.2700,3574500
20151229,62.5400,62.7400,61.9800,62.0700,4246300
20151230,62.5100,63.0300,62.2500,62.5000,4753700
20151231,61.9700,62.7400,61.9600,62.3000,4909600
20160104,60.4300,61.0700,59.8200,60.6600,10538700
20160105,60.6400,60.9500,60.2800,60.4500,7863000
20160106,59.7500,59.9500,59.4600,59.8700,9598800
20160107,58.3200,59.5000,58.2300,58.5300,8951400
20160108,57.4500,59.0100,57.3000,58.8100,8282700
20160111,57.6900,58.0000,56.8400,57.8900,9637600
20160112,57.9600,58.3900,57.3000,58.2000,8550000
20160113,56.6700,59.3500,56.5000,59.1600,12610000
20160114,57.3000,57.8200,56.3800,56.7800,9118500
20160115,56.0900,56.3200,55.3100,55.4400,11694000
20160119,56.1600,57.0900,55.8400,56.5300,10187800
20160120,55.0500,55.7200,53.4900,54.5100,16217200
20160121,55.3100,56.1200,55.0500,55.1100,8286400
20160122,56.3500,56.9300,55.6600,56.3500,9544500
20160125,55.3600,56.4700,55.3200,56.1800,10235200
20160126,55.9100,56.6400,55.5900,56.2300,11816800
20160127,54.5400,56.0200,54.4700,55.5200,15174500
20160128,54.7100,55.3000,54.1800,55.0100,12172600
20160129,56.4800,56.4800,54.8900,55.0700,10818700
20160201,56.2900,56.8200,55.3800,55.8200,12280800
20160202,55.3300,55.7200,55.1600,55.4800,12799600
20160203,54.3100,55.3800,52.4700,55.3800,17506100
20160204,54.0200,54.7800,53.6900,54.1700,12286900
20160205,53.3700,54.0100,52.5000,53.9100,13321500
20160208,52.3000,52.6500,51.8500,52.5100,15839600
20160209,52.2500,52.8700,51.3000,51.4100,11267500
20160210,52.4500,53.4600,52.4200,52.7300,10241200
20160211,50.5200,51.4700,50.3800,51.0500,18848100
20160212,53.0000,54.2500,51.3300,51.7500,17512800
20160216,52.0600,53.4900,51.8000,53.0000,13233000
20160217,52.6700,53.4800,52.2500,52.7000,9892300
20160218,51.9200,52.2900,51.5500,51.9600,8637600
20160219,51.5300,51.9300,51.3000,51.9000,9108000
20160222,52.1000,52.2600,51.8200,52.0500,7219900
20160223,51.0600,52.0300,50.8000,52.0100,6899700
20160224,50.9200,51.1300,50.2300,50.4200,7576700
20160225,51.3700,51.4500,50.3900,50.8000,8151200
20160226,51.0900,51.9100,50.9700,51.8800,8815800
20160229,50.2000,51.1300,50.2000,51.1000,11746500
20160301,51.8800,51.9700,50.3900,50.6300,11592200
20160302,51.8300,52.1200,51.2600,51.8500,7627200
20160303,52.2700,52.3700,51.5300,51.8900,9462300
20160304,52.3000,53.0000,51.9900,52.4400,21713700
20160307,52.6600,52.7200,51.4800,51.8900,7662100
20160308,51.9300,52.6700,51.5700,52.1200,8138700
20160309,51.5900,52.2700,51.3900,52.2200,5944300
20160310,51.5400,52.0300,50.8300,51.3500,5359700
20160311,52.8900,52.9500,51.9100,52.0000,7275300
20160314,52.8700,53.2000,52.5600,52.5900,6447500
20160315,53.0200,53.0400,52.0400,52.5400,6866000
20160316,52.9100,53.2900,52.6100,52.7600,6420900
20160317,53.1800,53.4800,52.3700,52.9000,5760700
20160318,53.7100,53.9200,53.3200,53.3700,9702400
20160321,53.5700,54.0200,53.1700,53.4800,4557500
20160322,53.7200,54.0100,53.2100,53.5500,6084300
20160323,53.4400,54.0500,53.3400,53.7200,6392300
20160324,52.9800,53.0600,52.5400,52.9700,5604700
20160328,53.4100,53.6000,53.0300,53.1300,5137500
20160329,53.3900,53.7100,52.9900,53.2400,6842100
20160330,54.5200,54.9000,53.7700,54.1300,8362500
20160331,54.0500,54.8300,53.9500,54.5100,8231900
20160401,54.8900,54.9900,53.7100,53.8600,6454200
20160404,54.4000,54.9000,54.3200,54.8800,5303300
20160405,53.6800,54.2400,53.5800,53.9400,6576800
20160406,54.1100,54.2000,53.4700,53.5600,5518500
20160407,53.1100,53.8500,52.8100,53.6700,5610200
20160408,53.1600,53.6600,53.0500,53.4400,4991400
20160411,53.4100,53.7600,53.3000,53.4400,5175000
20160412,53.7900,53.8700,53.1500,53.4600,11774200
20160413,55.1400,55.1500,54.0800,54.0800,6451100
20160414,55.2600,55.5800,54.8200,55.0000,5894800
20160415,54.9500,55.5900,54.8600,55.5900,6909900
20160418,55.2800,55.3100,54.6200,54.9200,8689100
20160419,55.7200,56.0500,55.2800,55.3900,3936100
20160420,56.1200,56.3800,55.7500,55.8000,3623900
20160421,55.5200,56.2400,55.5000,55.9000,5276000
20160422,56.1900,56.2100,55.5400,55.6800,5952800
20160425,55.9500,56.0800,55.4100,55.8100,4244200
20160426,56.5500,56.6700,55.7800,55.9500,4961600
20160427,56.6300,56.9100,56.3400,56.5000,6243900
20160428,55.8300,56.6700,55.7400,56.2000,6729400
20160429,55.8200,56.0300,55.2800,55.6200,7759500
20160502,56.5900,56.8000,55.8900,56.3800,8857800
20160503,55.9400,56.0600,54.9600,55.0600,11849400
20160504,54.8500,55.4500,54.4500,55.3300,9021900
20160505,54.8100,55.0300,54.5500,54.8200,7760300
20160506,55.0400,55.0900,54.3800,54.4400,6870100
20160509,55.2500,55.4300,54.7500,54.9800,5848000
20160510,56.3500,56.9500,55.3300,55.3900,6074700
20160511,55.9600,56.6000,55.8900,56.2700,6757100
20160512,56.2900,56.4500,55.9000,56.2000,7705200
20160513,55.6600,56.7000,55.6100,56.2300,5919700
20160516,55.2800,55.9000,55.2400,55.4500,6403700
20160517,55.4000,55.8300,55.1200,55.4200,8348400
20160518,56.7100,56.7700,55.2100,55.3100,8409200
20160519,56.3600,56.6700,55.8300,56.3500,7508000
20160520,56.9700,57.5000,56.5400,56.6500,6130900
20160523,56.9000,57.0900,56.7000,56.8800,5401800
20160524,57.7000,57.9000,57.1300,57.2200,6459800
20160525,58.0500,58.3600,57.8200,57.8200,5139800
20160526,57.7500,57.9900,57.6400,57.8000,4484400
20160527,58.3200,58.3300,57.7800,57.8500,5549300
