20150529,37.9300,38.3400,37.7900,38.1800,2784800
20150601,38.6100,38.6600,37.6300,38.0000,1386200
20150602,38.0600,38.4700,37.9300,38.4600,1450500
20150603,37.2300,38.2900,37.2200,38.0400,1482100
20150604,37.2000,37.3600,37.0200,37.1800,799200
20150605,37.0800,37.3800,36.5200,36.7200,906600
20150608,37.0200,37.3200,36.9400,37.1600,585300
20150609,36.8000,37.2300,36.7300,37.0100,895500
20150610,36.9400,37.4000,36.5800,36.7600,991500
20150611,37.5000,37.6600,36.8700,37.2300,2150900
20150612,37.1800,37.5800,37.1500,37.4400,827900
20150615,36.9200,37.1900,36.8500,37.1500,589800
20150616,37.5800,37.5900,36.8500,36.9500,1086400
20150617,37.8900,37.9400,37.2000,37.5800,756700
20150618,38.4700,38.7500,37.9000,37.9300,1039500
20150619,38.1500,38.4700,38.0600,38.3800,1250400
20150622,38.0500,38.5100,38.0000,38.2500,1727200
20150623,37.3800,37.9800,37.3600,37.9200,988300
20150624,37.1800,37.6500,37.1400,37.4000,712500
20150625,37.1300,37.4400,37.0000,37.1800,645900
20150626,37.3000,37.4800,36.8800,37.0800,2003700
20150629,36.9300,37.5700,36.8900,37.2900,1199500
20150630,36.9300,37.3600,36.8700,37.2200,1104700
20150701,37.8000,37.8200,36.7900,37.0400,1218900
20150702,38.0300,38.5900,37.8600,38.1600,934900
20150706,38.3300,38.4200,37.7700,37.8500,1227300
20150707,39.0800,39.1000,38.3500,38.5800,1298400
20150708,38.6500,39.0500,38.6300,38.8800,1086400
20150709,38.6300,39.2100,38.4700,38.8400,986900
20150710,38.7700,39.1200,38.5900,38.7000,847500
20150713,38.6600,39.3700,38.4900,39.1100,875300
20150714,38.9100,38.9700,38.3400,38.7200,526800
20150715,39.0800,39.1100,38.6300,38.8400,866000
20150716,39.4100,39.7100,39.0500,39.2000,888100
20150717,39.4500,39.5500,39.2300,39.4000,990800
20150720,39.6900,39.7400,39.2700,39.3200,763500
20150721,39.8200,40.0400,39.6100,39.6100,1544000
20150722,39.9900,40.1200,39.6400,39.7900,968300
20150723,39.7900,40.1100,39.5700,39.8800,1361700
20150724,40.0100,40.2000,39.5400,39.7100,1289100
20150727,39.9900,40.4300,39.7600,39.9800,1853600
20150728,39.9100,40.0900,39.7600,40.0300,2627300
20150729,39.6300,39.9100,39.4300,39.9000,1774800
20150730,39.4200,39.6800,39.3400,39.5100,1379400
20150731,39.0800,40.1200,39.0400,39.8200,2020900
20150803,39.4300,39.4300,39.0600,39.2600,1036100
20150804,39.3700,39.8000,39.2800,39.4400,1003500
20150805,39.0100,39.4200,38.8200,39.4000,1275000
20150806,39.1400,39.1800,38.4500,38.9900,963300
20150807,39.3300,39.3600,38.6700,39.1400,878200
20150810,39.2200,39.4900,39.0200,39.4100,985700
20150811,39.9300,39.9700,39.0900,39.1600,1520200
20150812,39.9800,39.9900,39.4200,39.5500,1667200
20150813,39.6100,39.9800,39.3800,39.8000,1546800
20150814,39.8400,39.8500,39.3300,39.5800,688900
20150817,40.1500,40.1600,39.4700,39.8600,626100
20150818,40.3400,40.3600,40.0500,40.0900,460800
20150819,39.9800,40.2600,39.8600,40.1100,705700
20150820,39.4400,39.7900,39.3600,39.7300,719000
20150821,38.5000,39.2800,38.4900,39.2300,1466100
20150824,36.4100,38.5000,36.3100,37.3700,2048200
20150825,35.5400,37.0100,35.5200,37.0100,2035500
20150826,36.4500,36.5400,35.6700,36.3000,1767200
20150827,37.1600,37.3800,36.2000,36.9600,1671900
20150828,37.4200,37.5100,36.7900,37.1400,1593200
20150831,36.0300,37.4000,35.9800,37.4000,2789700
20150901,35.4300,35.9600,35.1900,35.3300,1465800
20150902,35.7100,35.9800,35.2300,35.8200,1355600
20150903,35.6500,35.9500,35.3100,35.8300,1084200
20150904,34.8500,35.4500,34.7100,35.3600,895700
20150908,35.2000,35.4600,34.8500,35.2900,1270500
20150909,34.9900,35.9200,34.9300,35.7500,1361400
20150910,35.2400,35.7300,34.8100,34.8100,1349300
20150911,36.1400,36.1400,34.9900,35.0900,1284900
20150914,36.0000,36.2300,35.7700,36.2300,774200
20150915,35.8500,36.0100,34.8200,35.3800,3239500
20150916,36.0800,36.2800,35.7500,35.8600,1921100
20150917,36.4100,37.0400,35.8900,36.1100,1733500
20150918,36.2600,36.8500,35.9000,36.0200,2023800
20150921,36.5700,36.7200,35.7100,36.2400,1535700
20150922,36.3100,36.6200,36.1400,36.4200,1100500
20150923,36.5900,36.6500,36.1300,36.4900,1239400
20150924,36.1800,36.6400,35.8700,36.5200,1003900
20150925,36.5100,36.7900,36.0300,36.2800,895600
20150928,35.8800,36.5700,35.6000,36.3500,1070200
20150929,36.6500,36.7900,35.8100,35.9400,1439200
20150930,37.0200,37.0900,36.7300,36.9500,1700800
20151001,37.5400,37.6000,36.9600,37.2100,1216100
20151002,37.8900,37.9000,36.3500,36.3500,1066500
20151005,38.3300,38.3700,37.7300,38.0000,1207100
20151006,38.0800,38.7400,38.0400,38.3900,1874400
20151007,38.6600,38.6600,37.9300,38.1100,1835900
20151008,39.0000,39.0800,38.3700,38.6200,1075800
20151009,39.2700,39.2800,38.7700,38.9300,853900
20151012,39.5100,39.6200,39.0700,39.3200,895200
20151013,39.1800,39.5100,38.9900,39.3100,582300
20151014,38.6900,39.2600,38.6000,39.2200,954400
20151015,39.4000,39.4000,38.6400,38.8100,657300
20151016,39.5800,39.7400,39.4000,39.5500,748100
20151019,40.3200,40.3300,39.3900,39.5000,845300
20151020,40.5100,40.7200,40.2600,40.6900,986300
20151021,40.2000,40.7500,40.2000,40.6100,1002600
20151022,40.2300,40.6100,40.1000,40.3000,1537200
20151023,39.9900,40.8300,39.6500,40.1900,937900
20151026,39.9800,40.2600,39.7500,40.0800,1162600
20151027,40.2300,40.3100,39.8200,39.9600,1231800
20151028,39.8100,40.4900,39.2200,40.2100,1059900
20151029,39.9600,40.1100,39.4000,39.5500,1156800
20151030,39.1900,40.1700,39.1600,40.0300,1764100
20151102,40.0100,40.0300,39.0000,39.1700,1519500
20151103,39.6700,40.0000,39.1900,39.8000,1103500
20151104,38.2600,39.3000,37.7300,38.8800,3030900
20151105,38.2700,38.4500,38.0000,38.2000,1540200
20151106,37.0900,37.9000,36.7500,37.8600,1419500
20151109,36.2200,37.0000,35.9000,36.5900,1673400
20151110,36.4700,36.8200,36.2100,36.2200,1824200
20151111,36.8400,37.1100,36.4300,36.5100,660600
20151112,36.5600,36.9700,36.5300,36.7700,931500
20151113,36.3500,36.8400,36.1100,36.4100,1474900
20151116,36.5300,36.5400,35.8800,36.1600,1090100
20151117,36.7200,37.0600,36.2700,36.4000,1084000
20151118,36.8200,36.9700,36.3400,36.8600,851900
20151119,36.9800,37.3000,36.7900,36.9300,974800
20151120,37.5600,37.6500,37.1800,37.2300,1260300
20151123,37.6600,37.9600,37.4800,37.5000,592500
20151124,37.3700,37.6300,37.0500,37.4800,967000
20151125,37.8500,37.9200,37.3400,37.4400,745000
20151127,38.4200,38.5000,37.8200,37.8200,573500
20151130,38.1100,38.7800,38.0500,38.4600,1526100
20151201,38.7700,38.7900,38.1700,38.2800,854400
20151202,38.1100,38.9000,38.0000,38.6500,1082600
20151203,37.4900,38.1300,37.4400,37.9400,1628100
20151204,38.7300,38.8100,37.4300,37.6300,1261400
20151207,38.3800,38.7700,38.2900,38.5600,1043800
20151208,38.4500,38.5500,38.0600,38.1900,1082500
20151209,38.2700,38.6300,37.9200,38.2000,1112100
20151210,37.6200,38.4000,37.6200,38.2500,985200
20151211,37.6200,37.9300,37.1700,37.3600,1480100
20151214,37.8500,37.9000,37.3400,37.5200,1034100
20151215,38.4900,38.9900,38.2400,38.4500,1556100
20151216,39.7800,39.9400,38.8500,38.9500,1450300
20151217,39.5300,39.8900,39.3300,39.7700,1472300
20151218,39.3900,39.8700,39.3700,39.4700,2652100
20151221,39.5200,39.8200,39.1800,39.6400,1203200
20151222,39.5200,39.9300,39.4700,39.5600,1097800
20151223,39.7000,39.7500,39.4900,39.5700,811700
20151224,39.6200,39.7500,39.4400,39.7100,275800
20151228,39.8200,39.8700,39.4700,39.6200,1023800
20151229,40.3600,40.3600,39.8400,40.0000,843500
20151230,40.3600,40.6800,40.1500,40.3200,709300
20151231,40.0300,40.4900,40.0100,40.4200,856400
20160104,39.6500,39.6600,39.1700,39.4700,1140000
20160105,40.6600,40.8400,39.6000,39.7800,1692400
20160106,40.2000,40.6900,40.0100,40.3700,1008900
20160107,39.9700,40.1000,39.6700,39.7600,1580200
20160108,39.2100,40.1700,39.1200,40.0200,849700
20160111,39.4600,39.7000,38.8200,39.2900,1167500
20160112,39.1800,39.7200,38.8600,39.6700,1286700
20160113,38.4400,39.4900,38.4000,39.2000,1693200
20160114,37.8100,38.8000,37.7600,38.5600,1858900
20160115,37.8100,37.9400,37.0100,37.2200,1780300
20160119,38.2400,40.2400,37.9800,38.1600,1805300
20160120,36.9600,38.4700,36.6200,38.0200,2282700
20160121,36.9500,37.4700,36.5100,37.1600,1603600
20160122,37.7600,37.9600,36.9500,37.2800,883800
20160125,37.6700,38.2400,37.4900,37.7200,1210800
20160126,38.7300,38.7300,37.7500,37.7800,1050200
20160127,38.2400,38.6900,37.9900,38.6900,1372200
20160128,38.1100,38.8600,37.5500,38.1000,1940200
20160129,39.1500,39.2300,38.2500,38.5200,2006400
20160201,39.6100,40.0500,38.6800,38.8700,1659600
20160202,39.1400,39.6900,38.9800,39.5800,1539200
20160203,39.6200,39.6500,38.8600,39.3100,1540700
20160204,39.6800,39.9700,39.0300,39.3700,1438100
20160205,37.0100,39.3600,36.8300,38.6900,3399500
20160208,35.6000,37.0900,34.9700,36.9500,2913500
20160209,35.4500,35.8200,35.0000,35.2400,2116700
20160210,36.3200,36.9700,35.6100,35.6800,1647500
20160211,35.7700,36.0400,35.4700,35.5100,1457300
20160212,36.0500,36.1200,35.4300,36.0100,1676000
20160216,36.6200,36.6500,35.8300,36.3600,1522600
20160217,36.2500,36.7800,36.0300,36.5200,2049800
20160218,36.3500,36.5000,36.0000,36.2300,1526400
20160219,36.1800,36.4900,35.9800,36.2800,2130900
20160222,36.4600,36.8800,36.2900,36.4200,1698600
20160223,36.1700,36.9700,36.0300,36.2700,1603000
20160224,36.0400,36.4300,35.4600,36.1200,1818400
20160225,36.6200,36.7700,36.2500,36.2500,1437900
20160226,36.4700,36.7800,36.3900,36.6500,1103200
20160229,36.6100,37.1500,36.3800,36.4000,1592000
20160301,37.8700,37.8900,36.7400,36.9100,1141300
20160302,38.3200,38.3300,37.1900,37.7000,945300
20160303,38.5800,38.5900,37.9500,38.4000,709100
20160304,38.5400,38.6200,38.1700,38.5400,665000
20160307,38.5900,38.6300,38.2100,38.2700,755800
20160308,38.3100,38.9400,38.2500,38.6100,859700
20160309,38.4900,38.8700,38.0500,38.3600,665900
20160310,38.4700,38.9100,38.0500,38.7600,685700
20160311,39.2700,39.3000,38.6000,38.9200,784600
20160314,39.1400,39.5600,38.8800,39.1700,541700
20160315,39.2700,39.3200,38.9100,38.9500,477100
20160316,39.6600,39.7100,38.8900,39.1000,542000
20160317,40.5300,40.6800,39.5500,39.8000,749300
20160318,40.2600,40.8600,40.2400,40.5500,1619200
20160321,40.2600,40.5300,40.1100,40.1900,1000900
20160322,40.4600,40.6600,39.9600,40.1300,1298600
20160323,40.3500,40.7100,40.2600,40.3800,895200
20160324,40.3700,40.4400,39.9400,40.2600,849700
20160328,40.6500,40.7000,40.2000,40.4700,659200
20160329,41.4300,41.5800,40.6800,40.6800,1201000
20160330,41.6700,41.9100,41.3300,41.5500,1060700
20160331,41.8200,41.9500,41.4700,41.6700,1269300
20160401,42.0300,42.1400,41.6200,41.6500,842100
20160404,42.1300,42.1900,41.8400,42.0200,1057500
20160405,41.7400,42.1600,41.6000,41.8500,1003400
20160406,42.0200,42.0500,41.6300,41.6700,1014800
20160407,41.8700,42.1300,41.5300,41.8600,901400
20160408,42.1900,42.4300,41.9300,42.0800,988300
20160411,41.3300,42.2500,41.2700,42.0600,1243800
20160412,41.6000,41.8300,41.2700,41.4200,990200
20160413,40.6200,41.5000,40.4900,41.4000,1431800
20160414,39.6000,40.5400,39.4500,40.5300,1776600
20160415,40.4800,40.6100,39.4900,39.6100,1313400
20160418,40.8700,40.9000,40.2300,40.4300,2075800
20160419,40.9000,41.0600,40.6500,40.8200,682700
20160420,40.0400,40.9100,40.0200,40.9100,678600
20160421,39.5700,40.2100,39.4500,40.0200,837900
20160422,40.1400,40.3100,39.5200,39.8100,872900
20160425,40.7000,40.7000,39.9300,40.0300,768300
20160426,40.6000,41.0700,40.3700,40.8300,1035300
20160427,40.2300,40.4200,39.6900,40.3500,1360800
20160428,40.0600,40.6000,39.8900,39.8900,966600
20160429,40.0600,40.3400,39.4100,39.8300,1556800
20160502,41.1100,41.2100,40.1100,40.1700,1226700
20160503,41.5500,41.6000,40.9900,41.1200,1140500
20160504,42.1700,42.2500,40.5400,41.1300,969400
20160505,42.3100,42.6500,41.9300,42.1200,1093600
20160506,42.8200,43.0000,42.0200,42.3200,913100
20160509,43.0300,43.1000,42.6600,42.9100,819100
20160510,43.1000,43.6200,42.8100,43.2000,1056200
20160511,42.4200,43.1500,42.0600,43.1500,944400
20160512,42.5000,42.5100,41.9000,42.4400,1177800
20160513,42.2600,42.5600,42.1400,42.4300,516400
20160516,42.6700,42.9600,42.1200,42.3700,506900
20160517,42.0100,42.5600,41.7600,42.5600,776300
20160518,41.6300,42.0000,41.1100,41.6800,988400
20160519,41.1800,41.4200,41.0300,41.1900,681300
20160520,41.5300,41.6500,41.1100,41.3900,837200
20160523,41.5900,41.7400,41.3400,41.6400,467700
20160524,42.1000,42.1800,41.1900,41.7100,1092200
20160525,42.3500,42.5500,41.8800,42.2600,1097200
20160526,42.6400,42.6900,42.0200,42.2200,1226900
20160527,42.7800,42.9800,42.4100,42.6600,816000
