20150529,67.3200,67.8200,67.3100,67.6900,1990200
20150601,66.9200,67.9800,66.9000,67.6500,2633200
20150602,67.1300,67.4200,66.8000,66.9200,2332700
20150603,67.7200,67.8100,67.1300,67.3400,1773200
20150604,67.0500,67.6800,66.9600,67.3800,2392400
20150605,66.4800,67.6500,66.4600,67.4100,1851300
20150608,65.8200,66.7900,65.8000,66.5500,1990900
20150609,65.7100,66.2500,65.6000,65.8200,2205900
20150610,66.9100,67.0200,65.9000,65.9200,2420000
20150611,67.4900,67.4900,66.9200,67.0500,2069600
20150612,67.3700,67.4900,67.0700,67.1800,1819800
20150615,66.6700,67.2200,66.6500,66.8600,1940400
20150616,67.3300,67.4400,66.4400,66.5700,1690100
20150617,67.1800,67.5700,66.9500,67.4600,1511200
20150618,68.3500,68.4700,67.3300,67.3800,2905900
20150619,66.4500,68.2900,66.4500,68.1500,5049100
20150622,66.2800,66.9000,66.0100,66.0100,4124700
20150623,66.3600,66.5200,66.1800,66.4100,2484200
20150624,65.9500,66.4100,65.9300,66.3600,2683700
20150625,65.0300,66.2800,65.0300,66.1900,3805800
20150626,65.8300,66.0700,65.2400,65.4200,3079300
20150629,64.6800,65.5400,64.6200,65.2500,2718300
20150630,64.8700,65.6100,64.8300,65.3500,3121200
20150701,65.4900,66.5300,65.2200,65.8000,4657600
20150702,64.9900,65.7000,64.8900,65.4800,2818100
20150706,64.8100,64.9100,64.2400,64.3000,2782900
20150707,65.7400,65.7700,64.4400,64.7900,2943300
20150708,64.9200,65.6400,64.8500,65.2500,2631900
20150709,65.4100,65.7700,65.2500,65.7600,2358900
20150710,66.1900,66.3500,65.7600,66.0500,2231400
20150713,67.2500,67.3500,66.7700,67.1800,2421400
20150714,67.5900,67.7200,66.9500,66.9500,2256700
20150715,68.0600,68.0700,67.4400,67.6000,2423900
20150716,67.9800,68.4900,67.6400,68.3400,1977800
20150717,67.5900,67.8700,67.1700,67.8400,2628500
20150720,67.7100,67.9400,67.1100,67.4700,2345500
20150721,67.7000,68.1100,67.3700,67.7600,1963300
20150722,68.3700,68.4600,67.5000,67.7000,2524300
20150723,68.3600,68.6600,68.2000,68.4000,2112800
20150724,68.3200,68.6400,68.1800,68.2500,1855800
20150727,68.4000,68.6300,67.9400,67.9600,2622800
20150728,68.5800,68.8100,68.2800,68.7900,1855500
20150729,69.0400,69.0600,68.4700,68.5000,2191600
20150730,69.1600,69.2800,68.7200,68.8500,1371900
20150731,68.9500,69.4800,68.8600,69.3100,1643700
20150803,69.3800,69.4000,68.7300,69.1200,2101100
20150804,62.3400,64.6700,61.0000,64.0600,13215000
20150805,62.5000,63.2800,62.3300,62.9000,6668700
20150806,61.9700,63.0700,61.5900,62.8600,3843300
20150807,62.5400,62.5900,61.6500,61.8000,3561000
20150810,63.1000,63.6000,62.8500,63.1300,3748300
20150811,63.4700,63.5400,62.7600,62.7600,2719500
20150812,63.6100,63.7800,62.7400,62.9300,2928600
20150813,63.4900,64.0400,63.4400,63.6200,2261500
20150814,63.8600,63.8700,63.2100,63.3200,2221600
20150817,63.8500,64.1200,63.4300,63.7500,2068100
20150818,63.5700,63.9300,63.4700,63.7400,2503500
20150819,63.6600,64.0300,63.0700,63.4100,2990400
20150820,62.7000,63.1400,62.6600,63.1400,2536500
20150821,61.2500,62.4800,61.2300,62.3100,3651500
20150824,58.3900,60.1100,54.1200,60.1100,4385000
20150825,56.9900,59.9200,56.9900,59.9200,4644300
20150826,57.4000,58.5900,56.6800,58.1600,7043400
20150827,58.7400,59.0200,57.5100,57.6400,4787100
20150828,58.6300,58.9500,58.2600,58.5500,2990600
20150831,58.2800,58.5000,58.0800,58.3300,2828100
20150901,57.1400,57.4600,56.8000,57.0100,3470800
20150902,57.9300,57.9400,57.3000,57.7200,2777900
20150903,57.9800,58.5500,57.8200,58.0100,2176700
20150904,57.0400,57.6900,56.7700,57.4500,2341900
20150908,58.2000,58.2400,57.6700,57.8400,2231600
20150909,57.3500,58.8400,57.2400,58.6600,2561900
20150910,57.6700,58.0400,57.0100,57.2400,2597500
20150911,58.1400,58.2100,57.3100,57.4100,2727000
20150914,58.2400,58.3100,58.0000,58.2900,2100300
20150915,58.9800,59.2600,58.2300,58.3900,3461700
20150916,59.2000,59.3400,58.8100,59.0400,3589900
20150917,58.9900,59.8100,58.8300,59.2500,4738400
20150918,57.5700,58.5300,57.4400,58.0400,5226700
20150921,58.5600,58.8800,57.9500,58.1500,2513600
20150922,58.1000,58.2100,57.6900,58.1600,2413500
20150923,58.5100,58.6700,58.0300,58.0400,2412600
20150924,58.5900,58.8100,57.7700,58.1200,2582500
20150925,58.9900,59.9200,58.8700,59.1200,3897100
20150928,57.7400,58.7700,57.4600,58.5300,3577400
20150929,58.3600,58.4400,57.4700,57.7300,3909600
20150930,58.2400,58.9700,57.7900,58.8700,3898000
20151001,57.9700,58.4400,57.3300,58.2500,3856200
20151002,59.1500,59.1500,56.9700,57.1400,3170700
20151005,59.9000,60.1400,59.4200,59.4600,2173200
20151006,59.8800,60.2700,59.5900,59.7400,2154800
20151007,60.0400,60.7000,59.8200,60.2000,2419300
20151008,61.1200,61.2300,59.7400,59.8800,2474000
20151009,60.4400,61.3300,60.3100,61.1700,2438200
20151012,60.9100,61.1400,60.4400,60.5400,1401800
20151013,60.6400,61.1400,60.6200,60.7300,1649800
20151014,59.8600,60.6000,59.7800,60.5000,2427000
20151015,61.5900,61.6900,60.2700,60.4300,2906600
20151016,61.2000,61.5100,60.6600,61.4400,3285000
20151019,61.5900,61.6500,60.8000,61.0300,2427200
20151020,61.4400,62.2200,61.3800,61.6400,3255900
20151021,60.6500,61.9700,60.5800,61.6400,4371300
20151022,61.5500,61.6400,60.6200,61.0000,2836200
20151023,61.6800,62.0000,61.4900,61.9200,3194400
20151026,61.8200,62.0900,61.5900,61.8300,2260400
20151027,60.2900,61.5900,60.2100,61.3900,4572700
20151028,62.3100,62.3100,60.4700,60.6100,3851200
20151029,62.7900,62.9300,62.0700,62.1600,2700800
20151030,61.8800,62.9400,61.8500,62.8400,3913500
20151102,61.8000,62.3300,61.4500,62.1000,5335900
20151103,63.1600,63.3600,61.6400,62.9200,6269100
20151104,62.8900,63.3100,62.2300,63.1000,3658200
20151105,63.5500,63.7200,62.9000,62.9600,3230800
20151106,64.0700,64.5000,63.4200,63.9900,3067600
20151109,63.5200,64.0500,63.2100,64.0300,2454000
20151110,63.3200,63.6400,63.1200,63.4900,1813000
20151111,63.1200,63.5400,63.0100,63.5200,1451000
20151112,62.5500,62.8800,62.2800,62.4300,3045900
20151113,62.4100,62.8300,62.2400,62.5400,2312100
20151116,63.1200,63.1200,62.0800,62.2300,2566900
20151117,62.7100,63.4800,62.6500,63.1300,2153600
20151118,63.5000,63.6200,62.7500,62.7500,2085900
20151119,63.3700,63.6200,63.2100,63.4900,1659600
20151120,63.3400,63.9200,63.1600,63.3000,3077700
20151123,63.1100,63.4000,62.9600,63.3500,2201000
20151124,62.9400,63.1600,62.5500,62.7900,1621900
20151125,62.4300,62.9400,62.3500,62.8200,1745400
20151127,62.8400,62.9100,62.4400,62.5400,821500
20151130,62.7600,63.1500,62.5500,62.9700,3012500
20151201,63.5000,64.2300,63.2600,63.3400,3411300
20151202,62.8900,63.6700,62.8100,63.5500,2680900
20151203,62.7700,63.2700,62.4900,62.9500,3197900
20151204,64.4900,64.5800,62.9600,62.9700,2647500
20151207,64.3900,64.6900,64.1900,64.3500,2675500
20151208,63.8600,64.3800,63.6700,64.3700,2433600
20151209,62.9000,64.0800,62.7300,63.5000,2561200
20151210,62.4800,63.0800,62.3000,62.9100,2417100
20151211,61.4700,62.1200,61.1800,61.6900,2120700
20151214,61.3900,62.1200,60.9200,61.5800,2356300
20151215,62.7000,63.0000,61.7200,61.7900,3012700
20151216,63.3800,63.5000,62.5300,63.2800,2177700
20151217,62.3700,63.4100,62.3700,63.4100,2161600
20151218,61.3300,62.1100,60.7600,62.1100,6688800
20151221,61.3000,61.9000,60.9400,61.5600,3117400
20151222,62.5000,62.6700,61.2500,61.7100,2203300
20151223,62.8900,63.0200,62.6800,62.6800,1916300
20151224,63.1400,63.4500,62.6800,62.8300,1298700
20151228,62.6400,63.0600,62.3300,63.0100,1833300
20151229,63.1900,63.4900,62.8600,63.0900,1495600
20151230,62.8100,63.3400,62.7700,63.1500,1523000
20151231,62.0900,62.7700,62.0700,62.6200,1573600
20160104,60.6700,60.9800,59.9200,60.8800,3339200
20160105,60.5300,60.9700,60.3900,60.7100,2808800
20160106,59.8500,60.2000,59.6000,59.7900,2868400
20160107,58.4400,59.6600,58.3100,58.7900,3982600
20160108,58.2300,58.9400,58.1400,58.8000,2883900
20160111,58.0200,58.6300,57.5900,58.3900,3037300
20160112,58.6500,58.7400,57.8100,58.4300,2957900
20160113,57.9100,59.3500,57.8200,58.8200,4225600
20160114,58.4200,59.1800,57.9700,57.9700,3193200
20160115,58.1300,58.5600,56.0300,56.9100,5060200
20160119,58.4400,59.3500,58.0600,59.0200,3082900
20160120,57.9900,58.4800,57.1400,57.5000,4685500
20160121,58.1500,58.6600,57.8200,58.2100,3858000
20160122,58.5300,59.0000,58.2000,58.9100,2699600
20160125,57.7000,58.4600,57.6200,58.3100,3852400
20160126,58.1800,58.6800,57.8800,58.0500,2184300
20160127,58.4100,59.3800,58.0300,58.1800,2891300
20160128,59.2200,59.5000,58.4200,58.8300,3191000
20160129,60.6000,60.6100,59.4300,59.6800,3799200
20160201,60.5300,60.8300,59.8200,60.1400,2667500
20160202,59.9700,60.5000,59.7600,60.0100,2540900
20160203,59.6400,60.2900,58.2900,60.2900,4765200
20160204,62.0500,62.2000,60.4800,60.4800,5520000
20160205,63.3700,63.5200,62.0900,62.0900,4617500
20160208,63.3300,63.5400,62.3600,62.8700,3008500
20160209,63.0100,63.2600,62.4500,62.8100,3743700
20160210,62.9800,63.9400,62.8900,63.2700,2987500
20160211,62.3200,62.6600,61.7000,61.9500,3020000
20160212,63.9100,64.3100,62.8600,63.0200,3615300
20160216,64.5700,64.7200,63.8500,64.4700,3502500
20160217,65.0200,65.2900,64.6900,64.6900,3342700
20160218,64.3000,65.0000,64.0700,64.9100,4086400
20160219,64.0000,64.4400,63.8000,63.8900,4300100
20160222,64.4400,64.6000,64.0000,64.0000,2513100
20160223,63.7300,64.3100,63.5600,64.3100,1973500
20160224,63.9500,64.1300,62.7800,63.3500,2366700
20160225,64.4100,64.4400,63.6700,63.9200,1936100
20160226,64.3200,64.7100,64.2100,64.5300,2391400
20160229,63.4600,64.3100,63.4500,64.1200,2285100
20160301,64.8100,64.8100,63.5900,63.8400,2167700
20160302,65.4100,65.4200,64.6400,64.7300,2215600
20160303,65.3100,65.4700,65.0000,65.4000,1985400
20160304,65.3800,65.5900,64.8500,65.3000,1629400
20160307,65.0300,65.3200,64.7500,64.8100,1609200
20160308,64.5800,65.0400,64.5300,64.7600,1797100
20160309,64.5300,64.9200,64.3300,64.7900,1496600
20160310,64.2600,65.0200,63.7300,64.5900,3071400
20160311,65.5200,65.7100,64.7100,64.9300,2235300
20160314,64.9500,65.4100,64.5300,65.1900,1744700
20160315,65.9200,66.0600,64.3800,64.5100,2367500
20160316,66.2800,66.5300,65.4700,65.7200,2163000
20160317,67.2000,67.4500,66.0700,66.3300,2338000
20160318,67.2300,67.7600,66.6600,67.4000,3777200
20160321,66.8400,67.1600,66.5900,66.9300,1258000
20160322,66.9200,67.2400,66.6700,66.9000,1551500
20160323,66.6600,67.0100,66.5200,66.9100,2080500
20160324,66.1900,66.4900,65.9400,66.4700,1396500
20160328,66.8200,66.9900,66.2100,66.3400,1730200
20160329,67.1600,67.2500,66.5300,66.8200,2484200
20160330,67.7200,67.9000,67.1500,67.2600,1802900
20160331,67.3700,67.9200,67.2500,67.7500,1692600
20160401,68.2300,68.3300,67.0200,67.2400,1479100
20160404,67.6400,68.2400,67.5200,68.1500,1323300
20160405,66.7000,67.4100,66.6400,67.3200,1712100
20160406,67.0300,67.1700,66.5000,66.6500,1624500
20160407,66.2800,66.8100,66.0300,66.4900,1603500
20160408,66.8400,67.4500,66.6800,66.8200,1694800
20160411,66.7900,67.4800,66.7800,66.8300,1683400
20160412,67.2100,67.4000,66.6200,66.7500,1571300
20160413,67.5300,67.8900,66.8200,67.5400,1687600
20160414,66.6700,67.4700,66.5800,67.1500,2457500
20160415,66.6000,67.1000,66.2500,66.6400,2779200
20160418,67.3000,67.3300,66.3000,66.4900,1968900
20160419,67.5300,67.9100,67.3700,67.5700,1471900
20160420,66.9200,67.6900,66.6200,67.6900,1446200
20160421,65.4500,66.5700,65.2400,65.4000,3295900
20160422,65.7400,66.0700,65.3600,65.4400,1743300
20160425,65.6100,65.7400,64.9800,65.7400,1529000
20160426,65.8700,66.0100,65.3900,65.7900,1775600
20160427,65.5100,65.9500,65.2800,65.8600,1540000
20160428,64.9500,65.5500,64.8000,65.0200,1464000
20160429,65.0500,65.2300,64.3600,64.8300,2173100
20160502,65.3600,65.5800,65.0100,65.5800,2004200
20160503,65.4100,65.5900,64.6700,64.8000,1861100
20160504,65.2800,65.5500,64.5900,64.8200,2925600
20160505,67.8700,69.2400,67.0500,68.0900,4521600
20160506,67.1000,67.5500,66.5800,67.5000,2213600
20160509,67.2100,67.6500,66.8700,67.1000,1824600
20160510,67.9800,68.0000,67.3500,67.5800,2248800
20160511,67.3500,67.9700,67.3200,67.6800,2041200
20160512,67.5400,67.7700,67.0800,67.5700,1600800
20160513,67.3800,67.7800,67.2800,67.6500,1729900
20160516,67.5500,67.7900,67.1300,67.1900,2015100
20160517,67.1000,67.7100,66.8900,67.5100,2011200
20160518,67.3600,67.5900,66.7600,66.8400,2431700
20160519,66.8400,67.2500,66.5900,66.9800,2158700
20160520,67.1500,67.7100,66.9600,67.1100,1889000
20160523,66.8800,67.2100,66.6800,67.0900,1331300
20160524,67.4400,67.7500,66.9900,67.2700,1840000
20160525,67.2800,67.8300,67.2100,67.6800,1715500
20160526,67.5100,67.5800,67.1500,67.2800,1211600
20160527,67.6800,67.8700,67.4600,67.5600,839800
