20150529,92.7900,94.7000,92.5800,94.7000,5166900
20150601,94.2300,94.4000,92.5900,92.7000,2590900
20150602,94.1500,94.6600,93.5400,94.0100,2294300
20150603,92.6800,94.0100,92.6400,93.8600,3080500
20150604,94.6700,95.6900,92.8300,92.9800,4211000
20150605,92.5200,94.3100,92.5000,94.2600,4130600
20150608,92.8300,93.3800,92.4500,92.6300,2936300
20150609,92.0700,93.0300,91.9900,92.8600,2406500
20150610,92.7000,93.4000,92.0000,92.1800,1377700
20150611,93.4200,93.8400,92.6700,93.0600,1744400
20150612,93.2000,93.5700,92.7100,93.1200,1422700
20150615,92.2600,92.7700,91.9900,92.2500,1616900
20150616,93.2600,93.3400,92.1600,92.2800,1676400
20150617,94.1200,94.4900,92.8700,93.2800,2347700
20150618,96.1800,96.2900,94.0100,94.3800,3393700
20150619,95.9700,97.0600,95.9700,96.2600,3612200
20150622,95.7900,96.6500,95.7000,96.2600,1574200
20150623,96.2500,96.3500,94.9900,95.0700,1848100
20150624,95.0800,96.3900,95.0800,96.2500,1692600
20150625,94.7400,96.9700,94.6500,95.3700,1299300
20150626,94.2400,94.8700,93.6700,94.8500,2707900
20150629,92.9400,94.7500,92.8700,94.1400,1569000
20150630,93.2900,93.8300,92.9700,93.6500,2034200
20150701,94.0100,94.0800,93.1800,93.8800,1805600
20150702,94.9100,95.1000,94.0400,94.6500,1856500
20150706,94.9800,95.1500,94.5000,94.5000,2076800
20150707,95.6300,95.8700,94.5000,95.5400,1601200
20150708,94.4800,95.6000,94.3200,95.1800,1167200
20150709,94.3900,95.7300,94.1000,95.3100,1350300
20150710,95.4200,95.9600,94.4200,94.8300,1973000
20150713,95.7000,96.5500,95.3100,96.0400,1684400
20150714,95.4800,96.2700,95.4300,95.8100,1469000
20150715,95.9500,96.0800,95.2600,95.7400,1683800
20150716,97.8200,98.0200,96.3700,96.5000,2632500
20150717,96.9500,97.8200,96.4400,97.7400,1588500
20150720,97.0600,97.1600,96.1000,96.6800,2229000
20150721,96.9500,97.7600,96.5800,96.8200,1652300
20150722,96.5400,97.2200,96.2900,96.8100,1393100
20150723,98.0000,98.1000,96.4800,96.4800,3172800
20150724,96.7900,98.3100,96.6400,98.2000,2360200
20150727,96.4800,97.4300,96.2300,96.7600,2057100
20150728,96.6800,97.0000,95.9400,96.5900,2563500
20150729,96.3200,97.4700,93.7700,95.6600,3657700
20150730,94.9500,96.0400,94.7500,96.0400,1746400
20150731,95.1100,95.9200,94.8500,95.0300,2710900
20150803,95.3600,95.5300,94.8500,95.2500,2229500
20150804,96.1200,96.6000,94.7600,95.1500,2261600
20150805,96.6400,96.9900,96.1000,96.4800,1888500
20150806,98.3600,98.5900,97.3600,97.3600,3543100
20150807,99.6500,99.7100,98.4700,98.5900,2977900
20150810,100.4900,100.5700,99.3700,99.7400,2724200
20150811,101.0000,101.1700,99.0100,100.1800,2468500
20150812,99.9700,100.7700,99.1500,100.3600,2788300
20150813,100.2500,101.0800,99.2700,99.9700,2157200
20150814,101.0800,101.2800,99.7500,100.3200,1574200
20150817,101.4500,101.5400,100.3000,100.8200,1865300
20150818,100.4900,101.5400,100.3400,101.2700,1827300
20150819,100.4000,101.0300,99.6800,100.2000,1994300
20150820,98.8500,100.2600,98.7200,100.1400,2195100
20150821,96.7000,99.1500,96.6200,98.5600,3397500
20150824,91.9400,93.8100,89.6700,91.7400,7386400
20150825,89.5100,93.7100,89.3900,93.2800,4352500
20150826,91.5300,91.7600,89.8000,91.1900,4163600
20150827,93.8700,94.5700,91.8100,92.3900,2877500
20150828,93.4500,94.4700,92.9700,93.8800,2286800
20150831,92.1900,93.5400,92.1200,93.2800,2198600
20150901,90.0300,91.0800,89.6600,90.3700,3258800
20150902,91.1700,91.4500,89.9800,91.0900,2047500
20150903,91.0200,92.0000,90.7900,91.3900,1979400
20150904,89.0200,90.4000,88.5900,89.9600,3065800
20150908,90.0500,90.7700,89.4400,90.3200,2199100
20150909,88.7000,91.3600,88.5200,91.0900,2050600
20150910,88.3200,88.9300,87.9500,88.5700,3131000
20150911,89.2600,89.2900,88.0900,88.5300,2080000
20150914,88.8300,89.4400,88.5200,89.2900,1681800
20150915,89.5500,89.8100,88.5400,89.0400,2037100
20150916,90.6000,90.8100,89.2500,89.2500,1788200
20150917,91.5200,93.0200,90.2800,90.6500,2441900
20150918,90.4900,91.4000,90.1600,90.1600,2946000
20150921,90.3900,90.7800,90.0400,90.5900,1360600
20150922,89.0500,89.9100,88.6400,89.7300,1470000
20150923,88.7100,89.2000,88.2200,88.8500,1224500
20150924,88.0300,88.4800,87.3700,88.2800,2001500
20150925,88.8400,89.6100,88.2300,88.4700,1843200
20150928,87.2100,88.6800,87.1100,88.5200,2178900
20150929,87.0100,87.7500,86.8300,87.3500,2015900
20150930,87.9800,88.0400,87.0800,87.9600,2234900
20151001,88.3800,88.9900,87.4700,87.9500,1704300
20151002,89.7400,89.8000,87.2300,87.4200,2474000
20151005,93.4600,93.6100,90.1300,90.1300,3042400
20151006,93.3700,93.7000,92.7800,93.4000,2794600
20151007,94.2400,94.2400,93.2800,93.7500,2502000
20151008,95.5700,95.7600,93.8500,93.8700,2268700
20151009,94.9400,95.6900,94.8300,95.3400,2183700
20151012,94.8000,95.2100,94.5500,94.9000,1157500
20151013,93.7000,94.7400,93.4900,94.1500,1742400
20151014,93.0600,93.9900,92.7000,93.9000,1964400
20151015,94.6500,94.7000,93.4200,93.5100,1612600
20151016,96.1300,96.2600,94.9000,95.1300,2337100
20151019,96.7900,96.8000,95.6800,95.6800,2177000
20151020,96.9100,97.1400,96.1500,96.7600,1808800
20151021,96.0600,97.1700,95.9200,97.0000,1474800
20151022,99.4700,99.6400,96.3200,96.3200,2415900
20151023,99.1700,99.9400,98.5200,99.5800,1546000
20151026,99.5300,99.6700,98.6700,99.1700,1044800
20151027,99.2700,99.4200,98.5500,99.1400,1107800
20151028,100.8700,100.9400,99.2700,99.5600,2922500
20151029,101.9600,102.1400,98.6100,99.8600,2736000
20151030,102.2300,102.6200,101.4200,102.1100,3364300
20151102,104.0600,104.1200,102.2900,102.8100,2757700
20151103,103.2800,103.9800,103.0500,103.8900,2064600
20151104,102.2300,103.8000,101.9400,103.2900,1732000
20151105,100.8700,101.9600,99.0500,101.7300,3137200
20151106,98.0300,100.2500,96.9900,100.2500,3114800
20151109,97.1100,97.9400,96.3900,97.8300,1839100
20151110,97.1300,97.6300,96.8600,97.1300,1753700
20151111,97.6200,97.9900,96.8900,97.4200,1110300
20151112,97.3500,98.2700,96.9500,97.3100,1683000
20151113,96.3800,98.0800,96.2000,97.6000,1623700
20151116,98.0500,98.0500,96.0000,96.4700,1336600
20151117,98.3500,98.9700,97.7300,98.2300,1381000
20151118,99.6600,99.8200,98.3200,98.6200,1668000
20151119,99.6300,100.2600,99.2200,99.8700,1537100
20151120,100.4900,100.8700,99.5300,100.2000,1325700
20151123,99.9400,100.6700,99.4500,100.4900,997400
20151124,99.2600,99.4500,98.3200,99.2800,1336900
20151125,99.0900,99.6000,98.9000,99.1500,965900
20151127,99.6800,100.0400,99.0900,99.0900,487000
20151130,99.3800,100.2100,99.2300,99.9500,1795400
20151201,101.1700,101.1900,99.5000,99.5000,1994100
20151202,99.4600,101.2400,99.2400,100.9600,1649900
20151203,97.8900,99.6800,97.4400,99.4300,2469600
20151204,97.5500,99.0100,97.1700,98.0700,3380500
20151207,97.6900,97.9800,97.0500,97.0600,2485600
20151208,96.8800,97.6100,96.2800,97.3400,2655000
20151209,95.5400,97.4400,94.8600,96.2900,2558800
20151210,95.0700,96.0400,94.9700,95.5400,1742600
20151211,93.6800,94.6000,93.2500,94.0400,3007700
20151214,94.0400,94.4100,92.8800,93.3800,2220200
20151215,95.6100,96.1500,94.7800,94.8700,1746800
20151216,97.5000,97.7700,95.6400,96.0100,1892100
20151217,96.0900,97.8800,96.0800,97.8300,1775700
20151218,94.6000,95.9000,94.5900,95.6100,3258400
20151221,95.5600,95.7400,94.7900,95.4200,1291400
20151222,96.4200,97.0000,95.8600,96.1500,1755500
20151223,98.5000,98.5400,96.6800,96.6800,1844600
20151224,98.1400,98.7000,97.9200,98.6300,668400
20151228,98.3700,98.5200,97.5000,97.7400,1028300
20151229,99.4100,99.5900,98.9200,98.9500,1198200
20151230,98.1000,99.5300,98.0200,99.3300,1039600
20151231,96.9500,97.9900,96.8800,97.9600,1523300
20160104,96.7000,96.7800,95.0900,96.2900,2819800
20160105,98.6100,98.7500,96.8000,96.9400,2518400
20160106,98.2600,98.6400,97.5200,98.0700,2132400
20160107,95.8100,97.3300,95.3700,96.9000,3203600
20160108,94.2300,96.4900,93.9000,95.9900,1959800
20160111,94.4800,95.0000,93.8400,94.7300,1545400
20160112,94.4800,95.1800,93.7800,95.1100,1859900
20160113,92.1500,95.0700,92.1000,94.8500,1989500
20160114,92.2100,93.0500,91.7000,92.7400,2524500
20160115,88.3900,91.6300,87.8500,90.5100,5386300
20160119,90.9100,93.5300,89.6000,89.7600,4084300
20160120,89.0000,90.1800,86.2100,90.0100,4293000
20160121,90.0200,91.1600,88.2100,88.8700,2994700
20160122,93.2500,93.5900,90.3300,90.9100,3258300
20160125,91.1200,93.3900,90.9300,93.2800,2895300
20160126,92.4700,93.6900,91.9000,92.0000,2795000
20160127,92.5100,93.4500,91.4200,92.0600,2024200
20160128,92.5100,93.4500,92.3400,92.6300,1950100
20160129,94.3400,94.5000,92.8700,93.6400,2744400
20160201,93.1000,93.9000,92.8300,93.6000,2621900
20160202,91.3500,92.8400,91.1500,92.4800,1908400
20160203,90.4900,91.7600,88.4000,91.7600,4310400
20160204,91.0900,91.8400,90.0100,90.3200,2385400
20160205,88.8400,90.9500,88.5600,90.7000,2046000
20160208,85.4100,88.4600,84.5500,88.4100,3025300
20160209,85.5700,85.8900,83.9100,84.5600,2638100
20160210,85.8400,87.1300,85.3600,85.8500,1595200
20160211,83.6600,84.6500,83.0700,84.6500,2891000
20160212,85.6700,85.8200,83.7500,85.0900,2188000
20160216,86.4500,87.4600,85.9800,87.0900,1880200
20160217,86.1900,87.3400,86.1100,86.9300,2491800
20160218,87.5000,88.0100,85.7800,86.0900,2799500
20160219,87.3200,87.9200,86.5100,87.4100,2750900
20160222,89.2400,89.8200,88.0200,88.0200,2633600
20160223,88.0200,89.3600,87.5800,88.8700,1967600
20160224,89.0300,89.4300,87.0100,87.5700,3775900
20160225,89.4200,90.1400,88.9600,89.2700,4584300
20160226,90.0100,91.8000,87.2900,88.8000,4730300
20160229,92.2000,93.2500,90.0100,90.1600,3879600
20160301,94.7000,94.7900,91.6500,92.7500,3240600
20160302,94.6200,94.7000,93.7400,94.3900,1645700
20160303,95.3000,95.3200,94.1300,94.8000,1879700
20160304,95.9400,96.3300,95.1000,95.1200,1987800
20160307,95.6000,96.2000,95.2100,95.4600,1987900
20160308,94.6000,95.5600,94.3700,95.0200,1719400
20160309,94.6000,95.1800,94.2600,94.9400,1872800
20160310,94.7100,95.8100,93.6900,95.3100,1748500
20160311,98.4600,98.5600,95.4200,95.5500,2680700
20160314,98.0600,98.3100,96.6900,97.6900,2026200
20160315,98.4100,98.6300,97.0200,97.0700,2124200
20160316,99.8100,99.9800,97.7900,98.1100,1817000
20160317,101.7500,102.9000,99.4700,99.7200,3535100
20160318,100.5100,102.2000,100.1500,102.2000,3566500
20160321,100.3400,100.6600,99.7600,100.0100,1718100
20160322,99.9300,100.3700,99.4600,100.0800,1435800
20160323,99.5800,100.9600,99.5700,100.0000,1343900
20160324,100.3500,100.6200,98.8700,99.4000,1576800
20160328,100.2400,100.8800,99.8900,100.4600,1077100
20160329,101.9200,102.0700,99.8000,100.3000,1824400
20160330,102.3100,102.9100,102.0800,102.3500,1568400
20160331,102.3700,102.9300,101.8800,102.0000,1588300
20160401,104.5000,104.8200,101.8700,101.9300,3108100
20160404,104.7000,104.8800,104.1200,104.7000,1877200
20160405,104.0000,104.3900,103.7400,104.0000,1661100
20160406,105.7000,105.8400,103.7500,104.0000,2331500
20160407,105.0000,105.5500,104.4300,105.2300,2133100
20160408,105.7100,106.0700,104.8200,105.0200,1380300
20160411,106.0100,106.5300,105.6700,106.2500,1423500
20160412,106.1700,106.4900,105.2600,105.9100,1495700
20160413,106.2300,106.7500,105.8100,106.7400,2271300
20160414,105.2000,106.3400,105.0800,106.1500,1628000
20160415,105.7800,106.0000,104.8700,105.2800,1325100
20160418,105.5400,105.7600,105.0000,105.2200,2031500
20160419,105.5000,105.5400,103.9500,105.0200,2433100
20160420,104.8200,105.8900,104.6400,105.5100,1707300
20160421,102.5700,104.5000,102.3800,104.5000,2442200
20160422,104.1900,105.1400,102.8500,102.9600,1709900
20160425,104.1800,104.5500,103.3100,104.0900,1296800
20160426,104.7700,105.0500,104.3800,104.4500,1247500
20160427,104.4900,105.2800,103.8000,104.5300,1611700
20160428,104.1300,105.3400,103.5200,103.8100,2377700
20160429,104.8800,105.2500,102.2900,103.9500,2668800
20160502,105.5100,105.7700,104.5000,105.0000,2096400
20160503,104.1600,104.9900,103.1500,104.4200,1897000
20160504,105.5100,105.7300,103.2600,103.6500,1917300
20160505,106.3100,106.7200,105.6100,105.6100,2109600
20160506,106.5700,106.6800,105.2400,106.0600,1305800
20160509,106.6500,107.1600,106.2400,106.6300,1152900
20160510,107.1800,107.2400,106.5500,106.8700,1152700
20160511,105.7300,107.1300,105.7000,106.9300,1005900
20160512,106.5600,106.7800,105.5900,106.2600,1184100
20160513,105.7000,106.6000,105.3700,106.3400,1216100
20160516,106.4800,106.7200,105.7000,105.7500,1609300
20160517,105.3600,106.6500,104.8200,106.6500,1207100
20160518,104.5500,105.4400,103.4100,105.1800,1658600
20160519,103.7700,104.0900,103.1100,103.5000,1142000
20160520,104.0100,104.4300,103.6300,104.2800,1630200
20160523,104.1600,104.4400,103.6300,104.2800,1035700
20160524,105.3000,105.3500,104.2000,104.4500,2147300
20160525,106.1700,106.4700,105.5200,106.0000,1311800
20160526,105.3000,106.2400,104.9100,106.0300,1502800
20160527,106.0600,106.5400,105.3600,105.4400,1119900
