20150529,59.8400,60.5500,59.7000,60.2000,4057800
20150601,58.8700,60.0300,58.6800,59.8900,4232600
20150602,59.6000,59.9100,58.6700,59.5000,3734400
20150603,58.9500,60.0100,58.8200,59.3500,2292600
20150604,58.2500,58.7500,58.0100,58.5600,3108700
20150605,59.3500,59.6700,57.8300,57.9200,3539700
20150608,58.2100,59.4000,57.7300,59.0100,2857700
20150609,58.5700,59.4000,58.5600,58.9500,3578200
20150610,58.9600,59.6100,58.5900,59.5100,3907100
20150611,58.1500,59.1300,57.7200,58.9100,2996900
20150612,58.1800,58.2700,57.4900,57.8000,3502000
20150615,57.9700,59.0300,57.4100,57.5600,2773800
20150616,59.0500,59.0900,57.7000,57.7800,2198300
20150617,57.6700,60.1300,57.5000,59.6700,3356400
20150618,57.2300,58.4000,57.1300,58.0300,2297300
20150619,56.5400,57.4400,56.0600,57.0700,4779200
20150622,57.5300,57.6300,56.2000,56.7500,3742800
20150623,58.8500,58.9300,57.5000,57.7100,3594300
20150624,58.7100,59.4000,58.5000,58.9000,2996600
20150625,57.8000,59.0000,57.6100,58.7800,2640700
20150626,58.4800,58.5300,57.2400,57.8300,3806900
20150629,57.2100,57.9700,56.9000,57.4300,3474200
20150630,57.6300,57.9600,57.1500,57.7900,2885600
20150701,56.0800,58.8500,55.8200,57.6400,3080500
20150702,56.7800,56.9900,56.1100,56.2000,2303100
20150706,55.5000,56.6900,55.1500,55.6600,2878600
20150707,55.7000,55.9900,53.7500,55.1600,3716200
20150708,53.4600,55.9400,53.1100,55.1600,2863900
20150709,53.8300,54.9700,53.8200,54.6000,2464600
20150710,52.9400,54.7400,52.7900,54.2200,3178700
20150713,53.2600,53.4400,52.5000,52.9000,2953400
20150714,54.3900,54.5300,52.8200,53.0000,3263100
20150715,53.4800,54.3500,53.1200,54.1200,3972400
20150716,52.6700,53.9000,52.5200,53.8500,2780900
20150717,50.6400,52.2500,50.5700,52.2500,4859200
20150720,48.6200,50.5400,48.5000,50.3000,5746700
20150721,47.5300,49.4400,47.3700,48.9000,5201800
20150722,47.3200,47.7000,46.6200,47.3200,4780900
20150723,47.3500,47.5000,46.3200,47.3400,4511100
20150724,45.0800,47.2500,45.0300,47.2000,4703400
20150727,44.5100,45.2900,43.8400,44.2800,5824100
20150728,46.4700,47.0700,44.2900,44.8000,7655300
20150729,46.7900,47.5900,46.0700,46.3400,6760600
20150730,46.4800,47.1800,45.9600,46.5800,4823200
20150731,45.8600,46.6400,45.7000,46.4700,5070100
20150803,45.2700,46.4200,44.3000,45.0500,6496800
20150804,45.3500,46.2300,45.0100,45.9200,5332600
20150805,44.4400,46.8000,44.3400,46.0200,5789800
20150806,46.6000,46.9000,43.0400,44.3900,6176500
20150807,46.1100,47.3100,45.5500,46.1400,6478300
20150810,48.4500,48.5400,46.3300,46.6000,10337000
20150811,47.6900,47.9300,46.4500,46.9900,6142400
20150812,49.2100,49.6800,47.2200,47.6400,6701800
20150813,47.9000,49.6600,47.8000,48.9100,6749200
20150814,47.0000,48.6900,46.9000,47.9500,5017500
20150817,47.8500,47.9300,46.3200,46.8100,2992600
20150818,48.0700,48.4300,47.3400,47.6500,2287100
20150819,45.8100,47.7800,45.4000,47.6000,4215200
20150820,44.5600,46.4900,44.5100,45.9300,5395500
20150821,43.2300,45.2100,43.1400,44.4100,5285700
20150824,40.4900,42.4400,39.0500,40.6700,7347900
20150825,38.9000,42.3100,38.9000,42.3100,6042700
20150826,39.5300,40.2100,38.4000,40.2100,8056400
20150827,42.7900,43.6700,40.4400,40.6800,7333200
20150828,44.8600,45.4000,42.4900,42.6700,6493800
20150831,45.2400,45.6700,41.9200,44.0900,6963300
20150901,43.1300,44.6900,42.5500,43.4100,5590800
20150902,43.2200,43.8600,41.2100,43.6300,5301200
20150903,43.2200,45.1100,42.7200,43.3700,4587800
20150904,42.5000,42.8000,41.7700,42.4100,5170700
20150908,43.2400,43.8000,42.0900,43.1100,4808300
20150909,41.2900,44.5400,41.1900,43.7200,6141300
20150910,40.8400,41.5600,40.1500,41.5000,7537000
20150911,40.2000,40.3100,39.2800,40.2800,6136700
20150914,40.2400,40.5200,39.1300,40.1000,5373200
20150915,40.4300,41.1400,40.1900,40.2900,5188300
20150916,43.0400,43.1700,40.7500,40.7900,9020400
20150917,41.9900,43.7800,41.8900,43.0700,7923700
20150918,39.6500,41.3800,39.3700,41.1000,9085400
20150921,39.3400,40.2300,39.2100,40.0200,4781100
20150922,38.6300,39.6700,38.3700,38.5700,5786700
20150923,37.2700,38.9100,37.1000,38.7400,4393100
20150924,37.8800,38.4100,36.5400,37.0300,5795200
20150925,38.2000,38.6200,37.6300,38.2800,4233300
20150928,36.2000,37.7300,36.1600,37.6300,5752900
20150929,37.1200,37.1600,35.7900,36.6200,5517200
20150930,39.1600,39.2900,37.3400,37.4700,6992900
20151001,39.7200,41.0200,39.3100,39.9200,7269000
20151002,42.6100,42.8100,39.1000,39.1900,5926300
20151005,43.9800,44.4000,42.8300,43.1000,4899700
20151006,46.1200,46.3100,43.9600,44.0900,6342200
20151007,45.9300,47.9800,44.4500,46.7600,6081400
20151008,47.1500,47.6300,45.6700,45.8500,5337000
20151009,46.4700,47.6000,45.9700,47.4600,4187700
20151012,44.9500,46.5600,44.3400,46.5600,4507300
20151013,44.5900,45.1400,43.6200,44.4200,5280300
20151014,45.6900,45.9600,44.1900,44.5100,3691100
20151015,46.7500,46.8500,45.2300,45.4600,4257300
20151016,46.5200,47.1000,45.9100,46.9700,3787600
20151019,45.3300,45.8800,45.0100,45.8200,4832500
20151020,45.9200,46.1900,44.8200,45.0700,2900200
20151021,45.0800,46.0700,44.9800,45.7000,4119000
20151022,45.9700,46.3400,44.9100,45.4100,3550900
20151023,46.4900,46.7900,45.1000,45.5300,3528500
20151026,45.3800,46.4500,45.1900,46.3500,3546100
20151027,44.1400,44.4100,42.6400,44.4100,6237900
20151028,46.0500,46.6200,43.7600,44.2200,3983300
20151029,46.5800,47.4500,45.5800,45.7100,3828500
20151030,47.1300,47.8000,46.2200,46.8500,4505400
20151102,47.9400,48.1400,46.5500,46.7400,4280000
20151103,49.8700,50.2000,48.2700,48.3700,5676600
20151104,49.3900,50.6600,48.6600,50.0700,6189800
20151105,49.2700,50.9400,48.0700,48.3300,5202300
20151106,47.6700,49.3300,46.8900,48.8900,5005200
20151109,53.9400,55.0200,52.0400,53.5000,15139900
20151110,53.3100,56.3100,51.8700,53.7800,10634900
20151111,49.4000,51.7900,48.8300,50.0000,7809000
20151112,48.9000,50.0600,47.3000,48.3100,6250100
20151113,48.9700,49.8500,47.9700,48.8100,4233300
20151116,50.4900,50.5000,48.2800,49.1000,3795000
20151117,49.7100,50.8100,49.2700,50.2200,3413500
20151118,50.1000,51.1100,48.6800,50.5000,3659400
20151119,49.5400,50.0000,48.4900,49.6500,2994500
20151120,49.1000,50.0000,48.8100,49.6400,2518500
20151123,48.8500,49.5700,48.3800,48.8500,3041600
20151124,50.9100,51.4400,49.0800,49.1500,4687400
20151125,50.3500,50.9400,49.9000,50.4200,2455800
20151127,49.4200,50.1900,49.2100,49.7000,1317300
20151130,49.1800,49.9900,48.8500,49.7600,3373900
20151201,49.1500,49.7300,48.6300,49.3400,2597300
20151202,47.3200,49.2800,47.0100,48.7700,3538300
20151203,45.7600,48.1000,45.5600,47.7400,5003100
20151204,45.7900,46.0400,43.7400,44.9600,4252800
20151207,44.2200,45.0900,43.6000,44.7300,7114000
20151208,44.8700,45.3200,42.9200,43.4200,5535500
20151209,44.9500,45.9900,44.5200,45.0200,4485200
20151210,46.1900,46.5400,44.3900,44.5900,4585800
20151211,42.9200,45.5100,42.6800,45.2500,6171300
20151214,43.4900,44.1800,41.6000,42.5000,5468200
20151215,45.2700,45.3700,43.7600,43.7600,5133800
20151216,44.8000,45.4400,44.2500,44.9100,5097800
20151217,42.9500,45.1800,42.7000,44.7000,8073500
20151218,42.6900,43.8000,42.5600,42.8000,5981100
20151221,42.5300,43.0700,41.9800,42.6700,4425600
20151222,42.7800,43.5400,42.3500,42.9100,5760900
20151223,45.7100,45.8100,43.5200,43.8700,4673000
20151224,45.8000,46.5600,45.1600,46.0600,1607600
20151228,44.9200,45.3000,44.3900,44.7100,3611300
20151229,45.4500,46.3400,45.0400,45.9100,2969200
20151230,44.8100,45.6400,44.5600,44.5900,3942600
20151231,44.4700,45.0900,44.3900,44.5000,2975600
20160104,44.4300,45.1100,43.7500,44.2500,4746800
20160105,43.5300,44.0300,42.1400,43.5000,5435300
20160106,38.5300,42.1200,38.4500,42.1000,7076700
20160107,36.5500,38.6300,36.2300,37.3700,7105900
20160108,36.6500,37.5900,35.0700,36.8600,10451900
20160111,35.0600,36.8600,34.3700,36.6700,8342700
20160112,35.4200,35.6900,34.1900,35.5500,9004500
20160113,35.6000,37.2200,35.3600,35.9400,8597000
20160114,37.0300,37.6400,35.2600,35.8800,6544400
20160115,35.3300,35.9100,33.5600,35.2400,10127400
20160119,34.4800,35.6900,33.8000,35.5000,8317500
20160120,34.6100,35.3500,32.2000,33.2700,8741800
20160121,37.2400,37.5900,34.1200,34.3300,7468000
20160122,39.3800,40.0600,37.6400,38.9900,7053600
20160125,37.4300,40.6400,37.3800,38.3600,5861400
20160126,38.0300,38.8100,37.0800,38.3500,7572500
20160127,38.6300,40.2600,37.4000,37.6700,5722700
20160128,40.6000,40.9800,38.9800,40.7600,4289500
20160129,42.5400,42.5400,40.9200,40.9800,5464400
20160201,40.8200,41.7500,40.2400,41.2700,5037400
20160202,38.5500,40.0700,38.4500,39.5000,6275000
20160203,41.2400,41.3000,37.7600,39.7300,5386100
20160204,40.7400,43.8000,40.4900,42.0600,7533600
20160205,39.0500,40.3100,38.4600,40.3000,6399300
20160208,37.5800,38.3600,36.8700,38.2000,6316300
20160209,35.5800,37.1300,34.2900,36.5300,7548000
20160210,35.3300,36.3300,35.0100,35.4100,5325100
20160211,34.3800,35.0400,33.2300,34.3500,5881100
20160212,36.5300,36.9400,34.6600,34.9700,5812300
20160216,37.4700,37.8800,36.6400,37.1900,4274300
20160217,40.0600,40.3400,37.9100,38.2200,5128700
20160218,38.8000,40.8900,37.9200,40.7700,6684200
20160219,37.3300,37.9700,36.2700,37.9000,5614400
20160222,39.6100,39.7500,38.3400,38.3400,4702700
20160223,37.8800,39.7800,37.8600,38.8900,5480500
20160224,38.6000,38.7200,36.2100,36.9500,7818000
20160225,37.7900,38.9300,36.0900,37.9300,7965100
20160226,39.4700,40.4800,38.4000,39.0900,5546300
20160229,38.2800,39.5000,37.6900,39.4900,5330300
20160301,38.6200,38.6800,36.2600,38.4700,5884700
20160302,41.9700,42.0100,38.1600,38.3300,6606500
20160303,45.0900,45.6000,41.7500,41.7500,10048500
20160304,48.0400,48.9400,45.1600,45.6300,8779100
20160307,51.0200,51.1100,47.6200,48.0300,10459600
20160308,46.1700,50.4200,46.1200,50.3200,8107600
20160309,46.2300,47.6900,45.0100,47.2500,6639800
20160310,46.2500,46.6500,44.7500,45.9000,5159900
20160311,48.9700,49.0400,47.3700,47.3800,6188200
20160314,48.1900,48.9000,47.4300,47.7200,4751900
20160315,47.9300,48.0200,46.8300,47.0300,5146800
20160316,49.2500,49.9800,48.1100,48.5100,5663700
20160317,50.4700,51.0200,49.4800,49.9500,4978500
20160318,49.6300,51.8100,48.5300,51.2700,7009600
20160321,49.8800,50.7500,48.7400,49.1400,3401800
20160322,50.2700,51.3200,49.0200,49.0600,3916500
20160323,47.8600,49.7300,47.6500,49.2800,5682500
20160324,48.8500,48.8600,46.5900,47.0100,4460600
20160328,48.4100,49.0800,47.6000,48.9800,3257300
20160329,48.5600,48.6300,47.0500,47.4800,3133300
20160330,48.6400,49.5100,48.0700,49.2500,3004400
20160331,48.8100,49.1800,48.0200,48.3500,3922700
20160401,47.5000,48.6300,47.0900,47.4600,5578600
20160404,46.8200,48.2900,46.6200,47.5400,2956500
20160405,47.3300,48.1800,46.1500,46.4000,2575400
20160406,49.7600,49.9000,47.3100,47.8100,3655000
20160407,49.1900,50.0100,48.3500,49.2100,2617000
20160408,50.6600,51.6400,50.1800,50.7500,4125500
20160411,49.9500,51.6600,49.9200,51.1800,3240300
20160412,53.2900,53.6900,50.1400,50.5900,5145000
20160413,52.4600,53.1100,51.5200,53.1000,3769300
20160414,52.9700,53.4500,52.3500,52.8400,1954500
20160415,52.0500,52.6400,51.5400,52.3100,2999000
20160418,53.4400,53.8700,50.0700,50.2700,3293800
20160419,55.0200,55.5000,53.2100,53.9800,4722700
20160420,54.6800,55.4400,53.5800,54.4800,3667100
20160421,54.7800,55.6200,54.3300,54.9400,3578700
20160422,56.2000,56.6600,55.1600,55.2700,2865100
20160425,54.4100,55.9800,53.9900,55.6600,3504800
20160426,55.8800,56.0100,53.9300,54.8900,3449700
20160427,57.5400,58.0600,56.3100,56.4300,4874200
20160428,55.4300,57.6300,55.2800,56.8800,2905500
20160429,54.4000,56.2700,53.2900,55.8900,4696500
20160502,54.2400,54.9700,53.1700,54.6100,4646700
20160503,52.1300,53.8200,51.4100,53.0500,5223300
20160504,50.7300,52.7300,50.0800,52.2500,4455100
20160505,54.8200,55.0000,51.5200,51.9100,6767200
20160506,53.8400,55.5700,53.5900,53.9500,6559000
20160509,52.1200,53.4500,51.6900,53.4500,4517000
20160510,53.0900,53.3400,52.0600,52.6100,4839700
20160511,54.0100,54.8200,51.7900,53.0800,5891200
20160512,54.3000,55.6000,54.2400,54.9700,5065300
20160513,53.0200,54.4900,52.4700,53.5800,2951800
20160516,54.8000,55.6000,54.3800,54.3800,4006200
20160517,55.1200,55.8100,54.1200,54.8600,4060700
20160518,56.6100,58.2100,55.2100,57.6800,12916000
20160519,56.9800,57.2100,54.2700,55.8200,6348100
20160520,57.1100,57.6100,56.2700,57.1700,3227800
20160523,57.6000,57.8400,56.4400,56.7600,3097200
20160524,58.2500,59.1300,57.0700,58.1400,4384700
20160525,57.9100,59.5900,57.8600,58.8100,3146400
20160526,58.0300,58.8200,57.4500,58.4900,2382500
20160527,58.2900,58.3700,57.0000,57.6600,2511500
