20150529,25.2600,25.9500,25.1900,25.8900,7912600
20150601,25.4000,25.6500,25.1500,25.4400,4281000
20150602,25.5300,25.7600,25.2700,25.3100,3872000
20150603,25.9600,26.0600,25.6700,25.7600,5347500
20150604,25.6900,26.0900,25.6100,25.7700,3883500
20150605,25.7700,25.8300,25.5500,25.6300,2612500
20150608,25.4400,25.7800,25.2300,25.7700,6261000
20150609,25.5200,25.8800,25.2000,25.4500,7873400
20150610,25.5000,25.6000,25.1500,25.5000,5329200
20150611,25.3000,25.3900,24.9300,25.0800,13168900
20150612,25.4000,25.4400,25.0600,25.2500,8228100
20150615,24.5400,25.2700,24.4800,25.2600,11421100
20150616,24.7400,24.9000,24.6500,24.7900,8906500
20150617,24.8700,24.9700,24.6800,24.8800,6207600
20150618,25.1400,25.2700,24.9000,24.9100,7218100
20150619,25.0100,25.2000,24.8800,25.1900,6717100
20150622,25.2300,25.2600,25.1100,25.1600,4433300
20150623,25.4200,25.4700,25.1600,25.2400,3777200
20150624,25.4400,25.5600,25.2400,25.3900,6549000
20150625,25.4000,25.6500,25.3400,25.4600,3254300
20150626,25.0400,25.6500,24.9600,25.5700,11468800
20150629,24.4900,24.8700,24.4400,24.7100,4749700
20150630,24.2100,24.6800,24.1500,24.6500,7165600
20150701,24.7300,24.9600,24.3200,24.4000,8808500
20150702,24.6300,24.7500,24.4700,24.7000,4763200
20150706,24.8200,25.0100,24.3700,24.4100,3735300
20150707,25.0500,25.2500,24.3700,25.0100,7117100
20150708,24.8000,25.1500,24.7500,24.8400,8784000
20150709,25.1300,25.2400,24.9000,25.0900,9879800
20150710,25.3600,25.6100,25.2300,25.3700,5420800
20150713,25.8900,25.8900,25.4800,25.5400,6138100
20150714,26.0600,26.2100,25.6800,25.8200,9132000
20150715,25.7700,26.0900,25.5600,25.9400,5554700
20150716,25.8500,26.0000,25.7400,25.8900,3601100
20150717,25.8100,26.0200,25.6400,25.9800,3550200
20150720,26.2500,26.4100,25.7600,25.8100,6105300
20150721,26.0900,26.4500,26.0800,26.2500,4711100
20150722,25.9500,26.0900,25.8400,25.9900,3259600
20150723,25.9400,26.2600,25.8100,25.9500,3524500
20150724,26.1800,26.2700,25.8400,26.0300,5567600
20150727,25.6100,26.1000,25.5000,26.0400,8092700
20150728,25.7100,25.8700,25.3800,25.8000,4401200
20150729,25.9800,26.0300,25.5000,25.6200,3334400
20150730,26.0600,26.1800,25.7100,25.8500,5150600
20150731,25.7900,26.1400,25.6600,26.0400,5169800
20150803,25.5200,25.9900,25.3300,25.8800,5906600
20150804,25.6700,25.8400,25.4400,25.5700,8484600
20150805,28.7100,29.2000,27.6800,27.7300,24987100
20150806,28.7100,29.0800,28.4900,28.8000,9293000
20150807,28.7800,28.8300,28.2400,28.6600,6945200
20150810,28.8100,29.1800,28.7900,28.8800,5999600
20150811,28.4600,28.8600,28.2700,28.6000,6280300
20150812,28.6600,28.7600,27.8200,28.2100,8297900
20150813,28.8500,29.0600,28.4200,28.5700,7351700
20150814,28.6800,28.8900,28.4700,28.7400,2596900
20150817,29.3000,29.4200,28.4400,28.6800,5885600
20150818,29.2200,29.7000,29.0900,29.5000,4312000
20150819,28.9800,29.3400,28.7600,29.2100,4980300
20150820,27.9800,28.7300,27.9300,28.6400,5904000
20150821,27.2200,27.7700,27.1700,27.5400,8386700
20150824,26.1600,27.0700,24.0400,25.0100,8461300
20150825,26.1800,27.3500,26.0300,27.3500,6895700
20150826,27.2900,27.4100,26.1600,26.8600,8077600
20150827,27.9300,28.3300,27.2500,27.5200,7476200
20150828,29.2200,30.0000,28.9100,29.6900,133082400
20150831,28.6300,29.3500,28.5400,29.3400,13981100
20150901,27.8600,28.2800,27.5100,27.8600,12062800
20150902,28.3700,28.7700,27.9900,28.7500,14410500
20150903,28.6000,29.0400,28.3800,28.3800,10380600
20150904,28.1000,28.7200,27.9700,28.2100,10456300
20150908,28.8700,28.8900,28.3500,28.6300,8110700
20150909,28.6900,29.2400,28.6200,29.1000,6723900
20150910,29.0600,29.2600,28.3500,28.5100,5553800
20150911,29.1500,29.1600,28.5100,28.8300,4479900
20150914,29.2100,29.2800,28.9800,29.1500,4787700
20150915,29.8000,30.0800,29.2700,29.3300,8044600
20150916,30.5200,30.5900,29.7900,29.8000,8173600
20150917,30.9700,31.4700,30.3700,30.3700,10016800
20150918,31.1000,31.2400,30.4700,30.6100,11173100
20150921,31.5200,31.6500,31.1100,31.1100,8410300
20150922,31.4100,31.4600,31.1000,31.2600,8119800
20150923,31.6200,31.6900,31.0000,31.3300,7788000
20150924,31.4900,31.7000,30.9700,31.3600,9845100
20150925,32.0600,32.5000,31.5900,31.7100,12107900
20150928,31.3100,32.4500,31.2000,32.2200,12049300
20150929,30.6600,31.2700,30.3100,31.2500,11385200
20150930,30.8900,31.2400,30.4300,31.0100,9411500
20151001,30.9000,31.4600,30.6200,31.3900,8515700
20151002,31.4600,31.4600,30.2500,30.5700,9430200
20151005,31.9700,32.0600,31.5500,31.8200,8559100
20151006,31.9100,32.2400,31.5100,31.8500,6647200
20151007,31.9400,32.2900,31.3800,32.0800,6744300
20151008,31.7300,31.8500,31.0100,31.7600,8725400
20151009,32.0700,32.0900,31.3300,31.6300,6321000
20151012,32.5800,32.9000,31.8100,31.8800,5199600
20151013,32.8800,33.1900,32.2000,32.5000,12662700
20151014,33.0200,33.4100,32.6800,32.7700,9086800
20151015,33.8000,33.8100,32.9700,33.1800,10559300
20151016,34.1700,34.3100,33.7900,34.0600,7476000
20151019,33.7500,34.1700,33.3400,33.9400,5443200
20151020,33.8200,33.8500,33.4900,33.7600,5393700
20151021,33.7800,34.1100,33.6700,34.0000,4699900
20151022,34.7500,35.1300,33.8800,33.8800,9641600
20151023,34.9000,35.4400,34.7500,35.2600,9147900
20151026,34.8800,35.0500,34.7600,35.0100,3783000
20151027,34.8800,35.1300,34.6900,34.9000,6001000
20151028,35.2800,35.4100,34.8000,35.0000,6129800
20151029,34.9900,35.3900,34.5200,35.2000,5697400
20151030,34.7600,35.2000,34.2000,34.8400,8679000
20151102,34.5700,34.8600,33.8300,34.2500,7385300
20151103,35.8200,37.8000,32.3900,33.3500,43548400
20151104,36.9900,37.5600,36.0100,36.1500,17829500
20151105,37.3600,37.8600,36.7600,37.4500,10398100
20151106,35.0000,37.7700,34.8500,37.7700,20663200
20151109,34.0500,35.8700,33.7100,35.3000,15949100
20151110,33.8600,33.9500,33.3200,33.8500,8898400
20151111,34.5700,34.8900,33.5800,34.3500,8541700
20151112,35.0100,35.5100,34.6100,34.6100,9767300
20151113,34.5900,35.0100,34.1800,34.7800,6818400
20151116,34.9500,35.1000,33.7800,34.4900,8677200
20151117,36.1200,36.2400,34.8500,34.9700,9977800
20151118,36.8700,36.9500,35.8200,36.2300,8259300
20151119,37.0100,37.5700,36.9200,37.0000,5263900
20151120,37.5100,38.0300,36.6100,37.1000,8262200
20151123,37.3500,37.5800,36.5300,37.3200,8400800
20151124,36.8400,37.2800,36.5100,37.1800,5809900
20151125,37.2300,37.4600,36.7500,37.0200,4218100
20151127,37.2400,37.4000,37.1500,37.2000,1369100
20151130,37.6600,37.6800,36.6900,37.4500,7971400
20151201,38.5700,38.7600,37.8500,37.8600,8410300
20151202,38.3800,39.0000,38.2800,38.5700,5560600
20151203,37.6200,38.9300,37.3600,38.6300,7660800
20151204,38.8900,38.9800,37.5400,37.5600,5040600
20151207,38.6900,39.0300,38.3900,38.9200,6738400
20151208,39.3600,39.4600,38.1300,38.3300,5634200
20151209,38.5900,39.3500,37.8600,39.2000,7247800
20151210,38.3800,38.8200,38.0800,38.7100,5210000
20151211,37.2200,38.2600,36.7600,37.7600,10795300
20151214,37.9600,38.0000,36.8900,37.2700,5666400
20151215,38.7100,39.5500,38.2400,38.3300,7900500
20151216,39.2100,39.4300,38.1400,38.9400,6277300
20151217,38.8700,39.8000,38.8500,39.3600,7383300
20151218,38.4700,39.1300,38.3100,38.4700,12539000
20151221,38.7400,39.2900,38.1000,38.8600,5771100
20151222,39.2100,39.7800,38.7900,39.5600,4134600
20151223,38.8400,39.4500,37.6000,39.3800,5419200
20151224,38.9200,39.1100,38.5300,38.9400,1927400
20151228,39.0300,39.0300,38.2600,38.7600,3299400
20151229,39.5800,39.9300,39.2300,39.3400,4996800
20151230,39.4300,39.7400,39.3500,39.5700,2852700
20151231,38.7100,39.3800,38.5200,39.2400,5023600
20160104,37.6200,38.0900,36.9800,38.0500,8926100
20160105,37.1400,37.8900,36.9400,37.7900,11150200
20160106,36.7900,36.8000,36.0800,36.3200,17867300
20160107,36.2700,37.0100,35.4300,35.7900,10489200
20160108,35.7100,36.7900,35.5400,36.7900,8412700
20160111,36.2100,36.6500,35.7900,35.9000,8151700
20160112,37.1200,37.8300,36.5300,36.6500,6984500
20160113,34.8600,37.4800,34.7000,37.4800,53119700
20160114,35.4000,35.6600,34.1700,34.9200,9527700
20160115,34.9100,35.3500,33.5100,34.3100,11935800
20160119,35.1500,35.6300,34.7000,35.5200,5843600
20160120,34.7100,35.0600,33.4600,34.5300,8084300
20160121,34.5600,35.4500,34.3800,34.7900,8859500
20160122,35.9200,36.2100,34.8200,35.0800,6601600
20160125,34.7300,35.8700,34.6300,35.7600,8582500
20160126,35.3000,35.4600,34.8300,34.8500,5501700
20160127,34.0700,35.4000,33.9200,35.2500,7862600
20160128,33.7900,34.9300,33.1700,34.5300,13813600
20160129,34.8200,34.8800,32.5500,33.6300,20543900
20160201,34.6700,35.2600,34.4300,34.6000,8915900
20160202,33.4200,34.5700,33.1200,34.2400,8704700
20160203,33.1200,33.8500,32.3300,33.8100,10319100
20160204,31.9400,33.2500,31.3300,33.1400,17559800
20160205,30.5300,31.8000,30.3900,31.7700,17261300
20160208,28.7200,29.8900,28.1300,29.6900,17084100
20160209,28.8100,29.7500,28.0500,28.4100,14216700
20160210,30.1500,30.5500,29.0500,29.0600,14315500
20160211,30.5200,30.7200,29.4900,29.6000,17176400
20160212,28.1200,29.0400,26.4900,28.6600,42849800
20160216,29.4200,29.6500,28.5500,28.5600,15564900
20160217,29.4500,30.0200,29.3200,29.7600,15154900
20160218,28.8800,30.0000,28.7900,29.8800,8244200
20160219,30.1900,30.3500,28.6500,28.8500,11537100
20160222,31.5200,31.8500,30.4800,30.5100,10579000
20160223,30.7300,31.9100,30.5500,31.3500,9504100
20160224,31.7100,31.7700,30.2400,30.4400,8306200
20160225,32.3200,32.6200,31.7500,31.9800,8611400
20160226,31.8900,32.6300,31.6500,32.3800,7114300
20160229,31.6700,32.2200,31.3200,31.7300,7479300
20160301,32.2100,32.4000,31.4500,31.9600,7543600
20160302,32.0100,32.2100,31.5100,32.0000,8292800
20160303,31.5200,31.9000,31.0200,31.8100,5454900
20160304,31.1900,31.8400,30.7100,31.8400,6125800
20160307,30.9800,31.4800,30.5100,31.0000,7751300
20160308,30.7800,31.1500,30.5100,30.7000,6958300
20160309,30.8600,31.0500,30.3700,30.8200,6527100
20160310,31.2500,31.5100,30.7000,30.9000,7588900
20160311,31.5200,32.0300,31.4800,31.5100,7747200
20160314,32.4100,32.6700,31.5700,31.6500,7123600
20160315,32.4800,32.8700,32.1800,32.3400,5373400
20160316,32.7900,32.9100,32.2000,32.4900,5080400
20160317,32.6000,33.0800,32.0200,32.6800,6275600
20160318,32.2000,32.6800,31.7700,32.6800,11477100
20160321,32.0400,32.3200,31.8100,32.2300,3060500
20160322,32.5400,32.5700,31.8600,31.8900,4683600
20160323,32.5800,32.8100,32.4200,32.4800,4115900
20160324,32.2100,32.5800,31.9100,32.4400,3764400
20160328,32.1400,32.3400,31.7100,32.1000,3263300
20160329,33.2400,33.3500,32.2500,32.2700,6150600
20160330,34.0700,34.2900,33.5100,33.6000,8354300
20160331,33.8400,34.5000,33.7000,33.9800,7040400
20160401,34.4200,34.5300,33.5500,33.8100,4998000
20160404,34.2300,34.6600,33.9600,34.4200,4823200
20160405,33.7100,34.3500,33.6000,33.9100,5672900
20160406,34.0000,34.1700,33.5400,33.8900,4550200
20160407,33.4200,33.9700,33.3100,33.8700,5796000
20160408,33.9700,34.1600,33.5200,33.7000,4591900
20160411,33.4100,34.3800,33.4100,34.3000,4487200
20160412,33.4800,33.6600,33.0300,33.4300,5235900
20160413,35.1600,35.3000,33.8500,33.9200,8358500
20160414,34.9100,35.2900,34.7800,35.2900,3898200
20160415,34.5700,35.0700,34.3400,35.0200,5357200
20160418,35.4400,35.4500,34.1300,34.5600,4526700
20160419,35.2100,35.6000,34.8000,35.4800,4159900
20160420,35.2500,35.4500,34.9300,35.3400,3502300
20160421,35.1900,35.4400,34.9600,35.1700,3113900
20160422,34.6500,35.4300,34.5200,34.8700,4673200
20160425,34.9200,34.9600,34.5600,34.6100,2743400
20160426,35.2100,35.4300,34.9900,35.0800,3563400
20160427,34.3700,35.1300,33.8300,34.9300,6866300
20160428,33.9000,34.8700,33.7800,34.2400,5248600
20160429,34.4700,34.5800,33.5500,33.6000,6439300
20160502,34.5800,34.7500,33.9400,34.7000,7452900
20160503,34.1100,34.5900,33.9400,34.1600,4282600
20160504,34.2800,34.3400,33.6100,33.8200,5762900
20160505,34.9100,35.2100,34.1700,34.3400,9853800
20160506,37.8700,38.0000,36.6600,36.9900,19054100
20160509,37.1500,37.8700,36.8200,37.7900,10814800
20160510,36.4100,37.2700,36.0600,37.2300,14271000
20160511,37.1100,37.3300,36.4600,36.6100,10236300
20160512,37.9100,37.9900,37.0500,37.1700,7601200
20160513,38.2900,38.9800,37.9900,38.0000,10198700
20160516,39.3900,39.4800,38.3100,38.4500,7783900
20160517,38.1200,39.3500,37.6300,39.1000,10667600
20160518,38.4700,38.7200,37.8600,37.9800,7676300
20160519,37.8000,38.3700,37.5400,38.2300,7493900
20160520,37.5300,37.9400,37.1600,37.8100,11640100
20160523,37.7300,37.9900,37.3100,37.6300,5624000
20160524,39.0200,39.0300,37.7800,37.9200,7618900
20160525,38.9500,39.5500,38.6000,39.1900,7680700
20160526,39.1000,39.4000,38.4700,38.9100,7995400
20160527,39.3400,39.9900,39.0700,39.1300,6265400
