20150529,166.5000,168.7300,165.5200,168.0900,1556100
20150601,168.2900,168.6300,165.9500,166.8000,673700
20150602,165.3500,167.8800,165.0300,167.6100,482500
20150603,161.4000,165.3200,160.9100,165.2500,728000
20150604,161.0100,162.0900,159.4600,159.4600,525200
20150605,161.0500,162.4700,158.7200,159.6800,864000
20150608,160.9500,161.9900,160.0700,161.2000,989500
20150609,160.6500,161.8800,159.8200,160.7800,677300
20150610,161.3400,162.7300,159.3900,160.3900,503600
20150611,162.9600,163.4800,162.2600,162.2900,729600
20150612,162.5400,163.4600,162.0700,162.9300,413000
20150615,162.7600,162.8700,161.2000,162.3500,1099200
20150616,164.5100,165.3400,161.3700,163.1400,605800
20150617,166.6200,166.8800,163.3000,164.5600,700400
20150618,168.2900,169.8100,166.9500,167.1000,748800
20150619,165.8600,168.0200,165.8600,167.7400,881900
20150622,164.9100,166.8300,164.8700,166.4100,1048600
20150623,162.7000,164.7900,162.7000,164.5500,691300
20150624,162.3200,164.0000,162.1400,162.9800,467700
20150625,161.5000,163.8300,161.3100,162.6000,535300
20150626,161.9200,162.1300,159.7700,160.8900,738400
20150629,159.0800,169.1200,159.0800,169.1200,721100
20150630,159.8700,161.0600,159.0000,160.5800,628900
20150701,162.9500,162.9500,158.9700,160.6100,775400
20150702,163.9800,165.9200,162.9600,164.3500,561400
20150706,164.9500,165.2100,163.1400,163.2300,526900
20150707,167.4300,168.3700,164.7500,165.6900,640300
20150708,166.6500,167.7800,165.6800,166.6800,566900
20150709,166.6800,170.7100,166.0000,167.7500,532000
20150710,167.3000,168.6600,166.2600,167.0100,635400
20150713,167.3600,169.5500,166.3200,168.7900,708600
20150714,168.1900,168.7700,165.4800,167.7800,667800
20150715,168.6200,169.3300,167.2000,168.1900,421800
20150716,169.8400,170.3500,168.7200,169.0100,401500
20150717,169.2100,170.0000,168.5300,169.3500,455600
20150720,169.4000,169.9400,168.0700,168.4100,535900
20150721,168.6100,171.5000,168.3500,170.0200,587200
20150722,170.0300,170.8400,168.6800,168.8400,459900
20150723,168.5700,170.0400,167.3000,169.6500,455700
20150724,169.2700,169.7900,167.4400,168.2000,437700
20150727,168.6100,171.1500,168.3600,169.4700,573000
20150728,169.8900,172.1500,168.6300,169.5300,767500
20150729,170.6200,171.0600,168.4700,170.1300,820900
20150730,171.2300,171.8200,169.3800,170.2300,605000
20150731,172.3400,174.1500,172.1800,172.8000,733300
20150803,173.9700,174.3100,172.0400,172.4400,636700
20150804,172.6500,174.7800,172.3100,173.6100,514800
20150805,172.3800,173.5700,171.5100,173.0400,467300
20150806,172.7700,173.0700,170.3000,172.1300,510300
20150807,173.8500,173.8500,171.1800,172.7000,476600
20150810,173.7600,174.8800,173.2000,174.3900,660900
20150811,175.2200,176.4100,173.2700,173.3500,795700
20150812,175.7000,175.9300,173.5800,174.7200,734500
20150813,176.0800,177.1000,174.4400,175.0100,600300
20150814,177.1200,177.4400,174.5200,176.1100,811100
20150817,178.5900,178.5900,176.2600,177.1300,778500
20150818,179.7000,180.2400,178.4800,178.4800,638700
20150819,178.1400,179.4200,177.4500,178.4400,584100
20150820,177.4000,180.0000,176.7000,178.3500,684100
20150821,173.4400,177.7600,173.4400,176.9100,872500
20150824,165.5500,172.4500,165.2500,172.4200,1307200
20150825,162.4800,168.8500,162.3100,168.8300,1102500
20150826,166.4900,167.1200,163.4700,166.1400,979500
20150827,168.6400,170.1700,166.3900,167.7400,898800
20150828,168.7100,169.2400,167.2500,168.6600,522100
20150831,165.0600,170.5000,164.9800,168.6000,1746500
20150901,161.8200,164.0500,160.5100,163.1100,739600
20150902,163.1300,164.4700,161.7500,163.5600,740500
20150903,163.1300,164.5400,162.5600,163.6000,449200
20150904,160.5300,162.4500,159.3000,161.4200,604500
20150908,162.7700,163.9100,161.2500,162.3700,678000
20150909,161.1300,166.3500,160.9300,163.9200,833200
20150910,161.8600,163.6600,160.9600,160.9700,905800
20150911,165.7700,165.7700,161.8400,161.8400,1249700
20150914,164.8500,167.0300,164.3100,166.5000,847000
20150915,167.0400,167.7100,164.2600,165.1600,486900
20150916,168.5800,169.3700,166.8900,166.8900,527000
20150917,169.8500,173.1100,167.2900,168.4200,894300
20150918,170.8300,173.4200,168.1500,168.8600,1119000
20150921,172.3200,173.3800,170.8000,170.8100,426700
20150922,170.5200,172.1600,169.8400,171.7200,591200
20150923,171.4100,171.9600,169.8000,170.4600,533300
20150924,169.3400,171.7300,167.9600,170.8400,788400
20150925,170.6500,172.3400,167.6600,171.3300,557500
20150928,167.2400,170.6700,166.1800,169.2300,927600
20150929,172.8100,173.2100,167.0800,167.6600,1233700
20150930,174.8200,174.8500,172.8100,174.3100,1099400
20151001,175.2500,176.1000,172.7300,175.6000,1064900
20151002,175.8000,177.4400,173.1800,174.8000,598400
20151005,177.0400,177.5700,175.4700,176.1400,640600
20151006,175.5700,177.6000,174.5300,176.6000,842300
20151007,176.7800,176.7800,174.3700,175.5500,785600
20151008,178.2300,178.5700,175.0600,176.7700,689200
20151009,178.9400,179.0200,176.9700,177.8800,558000
20151012,180.1900,180.9500,178.1700,179.3800,609600
20151013,179.7300,181.2600,178.7000,179.5600,771200
20151014,177.7300,180.4900,177.2100,180.3100,564600
20151015,180.7700,180.7700,177.9000,178.1500,513400
20151016,183.4200,184.0400,180.0100,181.8400,929100
20151019,185.2600,185.4300,182.7600,183.2400,639500
20151020,184.6900,186.5400,183.5900,184.8700,593400
20151021,184.2300,185.9300,184.0000,185.4800,662000
20151022,184.7900,185.8100,183.5100,185.2100,820700
20151023,182.8500,186.8900,181.2300,184.1600,665400
20151026,182.0000,185.4400,181.0400,183.6600,822800
20151027,178.9100,181.8500,177.3900,179.0000,1185300
20151028,177.0600,180.3400,174.4700,179.5800,968400
20151029,177.9500,178.1800,175.3000,176.4600,822200
20151030,174.8300,178.5100,174.2400,178.2800,891100
20151102,180.1500,180.2500,174.5500,174.8300,974400
20151103,177.7100,180.3800,176.5300,179.1400,659000
20151104,178.1000,178.8800,176.7100,178.2800,663600
20151105,177.4200,178.9900,176.1500,177.5600,518600
20151106,172.9500,178.5500,171.3200,178.5500,656300
20151109,170.2100,172.8700,168.8300,172.4800,788900
20151110,172.4900,174.2000,169.1700,169.2100,722600
20151111,173.9400,174.9900,172.2900,172.6700,391400
20151112,173.8200,175.8400,172.2700,173.7900,703100
20151113,172.6400,175.1000,172.4200,174.6200,496000
20151116,174.4200,174.6800,169.0200,172.6500,700400
20151117,175.1600,176.6300,173.3100,174.0100,556600
20151118,176.4000,176.7200,173.7900,175.6700,581300
20151119,177.4000,178.2800,175.5700,176.4000,410500
20151120,180.0200,180.3300,177.7000,177.9500,509600
20151123,181.5000,181.6800,179.7100,180.1900,552100
20151124,179.4500,180.8500,177.8100,180.2400,1004100
20151125,181.0400,182.2200,178.6100,179.7400,577500
20151127,182.3500,183.4000,179.8600,180.8000,536800
20151130,181.7900,185.0100,181.1500,182.7900,2307600
20151201,184.8900,184.8900,182.1000,182.6500,865800
20151202,180.8600,185.3200,180.6100,184.4700,826500
20151203,176.2100,182.6500,175.3600,180.0000,1099800
20151204,182.1100,182.2300,176.7500,177.4000,804200
20151207,179.0300,182.8800,178.1800,180.2900,811200
20151208,179.3600,179.9400,178.1400,178.8200,954600
20151209,177.1200,179.8100,176.1900,178.1200,774000
20151210,173.7800,177.8100,173.7800,177.6700,1054100
20151211,174.9200,175.5700,172.4400,173.6100,1227700
20151214,174.3200,176.0800,171.7000,174.6700,1026500
20151215,176.8700,178.5200,175.2700,175.9000,739000
20151216,180.9200,181.4300,176.9700,177.6700,910300
20151217,178.9800,181.7300,177.8100,181.0200,696200
20151218,178.2100,179.9000,177.2200,178.1500,3487700
20151221,179.9500,181.0500,178.8300,179.4200,552600
20151222,180.8200,182.9900,180.6600,180.7100,626100
20151223,183.0700,183.1600,180.9200,181.1300,528100
20151224,182.7300,183.6200,181.3900,182.7600,489300
20151228,183.9000,184.0800,181.7600,182.1000,509700
20151229,185.5400,185.5700,182.8500,183.9400,553900
20151230,185.3200,186.3800,184.9900,185.2400,441200
20151231,184.1300,186.3100,183.8900,185.3700,492500
20160104,180.7200,182.7000,179.2500,182.3500,807000
20160105,184.8800,185.1200,180.7700,181.4300,904300
20160106,183.5000,184.2200,182.4000,183.2300,822600
20160107,182.6600,184.4600,180.8700,181.4500,894900
20160108,179.4200,184.4000,179.3400,183.1300,799200
20160111,180.5400,181.7700,179.1800,179.6600,836900
20160112,179.5100,181.1000,178.6100,181.1000,927600
20160113,177.0000,182.0700,176.9500,179.5800,819000
20160114,176.1800,179.2900,175.8000,177.7100,876200
20160115,175.7000,179.0000,171.4800,174.4400,1019000
20160119,178.3500,179.1300,175.4900,177.0300,1134800
20160120,171.5200,178.2500,169.2900,178.0000,1135100
20160121,171.3000,173.6700,170.3400,172.6600,827700
20160122,174.3300,174.8500,172.1600,173.1600,693900
20160125,174.2700,177.4800,173.3100,174.8800,850200
20160126,178.0000,178.5000,174.7300,174.7300,881900
20160127,175.5900,178.0300,174.5100,177.5600,625300
20160128,170.7400,176.0600,170.0200,175.1500,1013900
20160129,171.4900,173.5900,166.2000,172.4600,1897200
20160201,171.9700,173.8200,170.0200,170.8700,829900
20160202,168.4200,173.4700,168.2200,172.4300,953100
20160203,169.0900,170.4800,166.1600,169.7600,1290900
20160204,171.1200,173.0800,167.1800,169.7900,837200
20160205,166.2700,171.4600,165.9200,169.9800,927200
20160208,163.5500,167.2900,161.3600,166.1300,1077900
20160209,161.1100,164.2800,160.6600,162.1700,932300
20160210,164.5300,166.0200,161.5100,162.2000,794200
20160211,161.5600,163.1500,160.8100,161.7700,910700
20160212,164.4200,164.8200,162.0000,163.2900,873400
20160216,165.3700,165.8700,162.7900,165.8500,1455300
20160217,167.7600,168.9300,164.9000,166.0600,710800
20160218,168.3600,169.8200,167.1000,167.3500,504500
20160219,170.1100,171.4700,166.1900,167.8600,664900
20160222,171.0700,172.5400,170.5500,170.9300,564900
20160223,170.4700,173.0400,168.1200,170.5700,443000
20160224,169.7300,172.3600,168.1600,169.8700,865800
20160225,172.7100,172.9800,169.9400,171.0000,541900
20160226,171.4200,172.8900,170.8500,172.6700,636300
20160229,171.6400,174.0200,171.0500,171.4200,1075000
20160301,177.6300,177.6300,171.8400,172.7300,1027100
20160302,178.5300,179.4000,174.6000,177.2500,688000
20160303,179.7900,179.8500,176.7400,178.5200,683900
20160304,180.0200,180.3000,178.1100,179.5700,886300
20160307,180.2100,180.4800,177.5400,178.4000,545800
20160308,179.3500,181.2100,179.0300,180.1800,701300
20160309,180.4500,181.9400,178.4500,179.0000,461500
20160310,179.4400,181.9700,177.6700,181.5000,475000
20160311,183.2100,183.2100,179.8000,181.3400,875200
20160314,183.3000,183.7400,181.6300,183.3800,680400
20160315,184.0300,184.3700,181.9500,182.5500,464500
20160316,185.1800,185.4700,182.4200,183.4300,508800
20160317,188.9500,189.2800,184.7900,185.6000,856400
20160318,187.0400,190.4200,187.0400,189.0700,1372600
20160321,185.0300,187.6600,184.2700,187.0400,654000
20160322,185.8500,186.8000,184.8800,185.1000,543900
20160323,185.5100,186.5900,184.9600,186.0400,543300
20160324,185.0900,185.5800,183.8400,185.1000,493500
20160328,186.9300,187.4500,185.2000,186.0500,639300
20160329,189.6100,189.6500,185.6000,185.7000,860600
20160330,188.8300,190.4900,188.7200,190.3500,650400
20160331,190.2000,190.2000,188.2200,189.2100,924300
20160401,189.8700,190.5000,188.7200,189.8700,550800
20160404,189.7000,190.8300,188.1800,190.1000,498500
20160405,189.6800,190.0600,188.5700,188.8200,577200
20160406,189.4500,189.8900,188.1700,189.3500,463900
20160407,187.9400,189.4800,186.6500,188.5600,502900
20160408,189.2000,190.4200,188.3700,189.0900,485600
20160411,185.5400,188.1400,185.2700,187.8300,717300
20160412,185.6100,186.2000,183.8100,186.1100,750200
20160413,183.0900,186.5000,182.0900,186.1200,970700
20160414,178.2800,182.7200,178.0000,182.6200,1099000
20160415,181.4200,182.2300,177.2000,177.9300,706500
20160418,183.1100,183.1100,180.3000,181.7800,752900
20160419,183.6200,183.6400,182.3100,182.9800,607900
20160420,179.4100,184.3900,179.3500,183.9200,702000
20160421,177.6200,181.1200,176.7600,179.0000,861800
20160422,180.1700,180.7300,177.9800,178.7700,571700
20160425,181.6500,181.6700,179.6800,179.6800,478000
20160426,181.7500,184.2300,180.9000,182.0100,487500
20160427,179.5200,180.4700,175.6800,180.4600,1205700
20160428,179.5600,183.5600,177.4600,178.1900,617800
20160429,176.7900,179.0900,174.6800,178.5700,891700
20160502,180.8300,181.2500,177.6300,177.6300,569400
20160503,181.3800,181.5200,179.5700,180.2300,615400
20160504,185.1500,185.2300,178.9800,179.5200,1061700
20160505,186.5300,187.2200,184.5600,184.8100,735200
20160506,187.7100,188.0500,184.2500,186.3300,645700
20160509,188.9800,189.0200,187.1100,188.0000,514600
20160510,191.0000,192.2900,188.1000,189.3500,833500
20160511,187.0800,191.1000,185.9000,190.8300,675400
20160512,187.6500,187.9500,184.9600,187.0300,557100
20160513,186.0900,187.5200,185.5500,187.5200,484700
20160516,187.6600,188.3300,185.5900,186.0000,419500
20160517,184.3500,187.0400,183.4000,186.9800,1074700
20160518,181.8600,184.3400,179.8100,184.3400,838900
20160519,179.3100,180.5400,178.2400,179.6400,674500
20160520,180.4400,180.8900,179.0000,179.9100,887300
20160523,180.2100,181.0600,179.5700,181.0500,369900
20160524,180.0900,183.0200,179.2800,181.7600,992500
20160525,180.8100,181.3100,178.7500,180.7300,919400
20160526,179.9400,180.9100,179.2400,180.8600,926500
20160527,180.1500,182.2000,178.9000,180.3800,854500
