20150529,148.0700,149.2400,144.1100,144.1200,11824400
20150601,146.6200,150.5000,145.1500,148.2400,8357900
20150602,144.1600,146.6700,143.1400,146.4100,4126400
20150603,143.0600,146.0000,142.8100,146.0000,3045000
20150604,141.2000,143.4400,140.4800,142.4900,2801700
20150605,143.8100,144.0400,139.3100,140.9700,3859300
20150608,138.6300,143.7700,137.5300,143.5700,5442200
20150609,140.2100,140.7300,136.5100,138.9500,4407100
20150610,142.8600,143.9800,139.8400,139.9300,4261700
20150611,141.9900,143.2600,141.0200,142.1800,3151700
20150612,140.4700,141.4800,139.8800,141.2900,1914500
20150615,143.1200,144.0200,139.0100,139.1600,3456500
20150616,141.9900,143.4900,141.3800,142.7000,2099800
20150617,140.6900,142.5000,139.4600,141.5000,2542900
20150618,143.0000,143.7500,140.7300,140.7300,2529800
20150619,142.8900,143.9100,141.6000,143.0100,2688100
20150622,143.2800,145.1400,142.0000,144.1600,2284600
20150623,141.6400,143.9600,140.8600,143.9600,2149700
20150624,139.9700,142.2200,139.8300,142.0600,2240200
20150625,139.2300,141.0500,138.8300,140.1300,1753800
20150626,135.1500,139.0400,134.7500,138.8500,7179800
20150629,132.0100,135.2100,131.0400,132.8500,4047300
20150630,132.9300,134.3800,132.1200,133.8000,2869500
20150701,135.5000,137.7000,134.3200,134.4100,4305900
20150702,137.6400,137.7500,135.3500,135.6000,3279700
20150706,134.2000,137.6100,133.8700,136.1600,3018800
20150707,132.8400,134.4500,126.1600,133.9500,5926800
20150708,128.0500,131.3400,126.8600,130.1000,5137100
20150709,124.6800,131.3600,123.7200,130.1800,7346900
20150710,129.8400,130.8200,126.5000,126.6100,5094800
20150713,129.1800,131.3800,128.4600,131.3800,2530400
20150714,132.3000,132.4800,128.5100,129.3500,2628900
20150715,131.7200,133.4900,130.8200,131.6700,2310000
20150716,134.7000,134.7700,130.8900,133.6300,3397700
20150717,133.6600,135.0000,131.9600,134.9600,2900000
20150720,134.6400,135.6200,133.7500,134.5500,2356300
20150721,134.5100,136.3800,134.1400,135.1000,3153200
20150722,129.5900,130.0000,125.3800,127.0400,6134600
20150723,131.9700,135.0000,130.5000,131.1800,3060800
20150724,128.4800,133.8500,128.3400,133.5100,3631100
20150727,124.6500,127.5000,124.1000,127.3500,3489300
20150728,128.4200,129.5500,123.5200,125.5800,2786900
20150729,128.5800,129.1200,125.4500,128.3700,3340700
20150730,127.6500,128.7900,125.0700,125.7400,3916900
20150731,125.1400,128.3400,124.9600,128.3400,3059300
20150803,125.8000,127.4900,124.2400,126.4200,2727300
20150804,123.4700,125.5500,118.7600,125.5500,4746700
20150805,124.7500,125.6900,121.0000,123.0000,3415800
20150806,123.2700,125.4000,120.6000,125.0400,4605200
20150807,122.5500,123.9800,120.8200,121.0200,3052700
20150810,127.2800,127.4000,123.0000,123.4900,2890700
20150811,124.2100,126.2300,122.9200,125.6400,2674400
20150812,125.7300,126.6800,120.6200,121.5900,2720500
20150813,124.1900,126.8200,124.0100,125.6200,1457100
20150814,121.9600,124.5000,121.1700,124.0000,2649600
20150817,125.5200,125.5200,120.8000,121.3200,2129300
20150818,122.2400,125.7700,121.7800,125.7700,1950200
20150819,121.4500,122.7800,119.3000,121.5800,3089100
20150820,115.0300,120.6400,115.0300,120.0800,4175600
20150821,111.4500,115.4900,111.3300,112.7500,5647200
20150824,109.9400,115.0100,100.0000,101.0900,6904000
20150825,108.5100,115.0000,108.2000,114.1300,4392100
20150826,116.2000,116.7400,111.1800,112.6000,5935400
20150827,126.2600,127.0000,120.3800,120.5000,9188200
20150828,127.6200,127.7200,124.6900,125.5300,3632200
20150831,125.9700,128.0400,125.0000,126.6400,3008700
20150901,119.3700,125.0200,118.1000,121.5200,4974900
20150902,124.0400,124.0700,120.1600,122.1500,3670000
20150903,123.7700,126.9000,123.2100,125.4000,2995400
20150904,121.1500,123.8100,120.6500,121.2400,2492300
20150908,129.1600,129.3300,124.8200,125.4000,3547700
20150909,127.1700,131.7900,126.3000,130.1800,3150200
20150910,128.7200,129.1600,124.8000,128.5400,3622400
20150911,131.0800,131.2200,126.9400,128.1600,3960600
20150914,131.1900,133.7300,130.6000,132.5000,3464300
20150915,134.3800,134.9500,131.0000,132.1300,3080400
20150916,131.4900,133.8900,130.2600,133.8900,2731700
20150917,130.6100,133.0600,130.2000,131.5100,1991800
20150918,127.5900,129.4900,126.6000,128.5400,4402100
20150921,127.2600,129.3800,126.2200,128.3700,1651500
20150922,124.7000,125.8400,123.7000,124.9900,2248300
20150923,125.5400,127.8000,123.8100,124.8200,2187900
20150924,124.1000,125.3500,119.4500,124.1000,4499500
20150925,126.7400,128.9300,125.2000,125.9600,3508700
20150928,120.8500,128.1700,120.8100,125.9600,3988700
20150929,119.6700,122.4800,118.0600,121.9100,4799100
20150930,125.0100,125.2300,121.0000,121.7900,4395500
20151001,122.1400,124.9000,119.5000,123.1100,4567400
20151002,123.3300,123.3600,118.2100,119.9900,3520700
20151005,121.2200,124.8700,120.9600,123.9600,3908500
20151006,117.1100,121.0100,111.5300,120.7600,11599900
20151007,118.6400,119.5400,115.8200,118.6500,3728400
20151008,116.6900,117.9600,113.7900,117.5200,4140900
20151009,116.9100,118.0800,115.5400,116.5600,3447900
20151012,117.6800,117.9800,115.7600,117.5900,2418400
20151013,113.4200,116.6700,113.2100,116.3400,3247500
20151014,117.4600,117.7600,112.3800,113.0000,3353000
20151015,121.8700,121.9900,117.6900,118.0000,4931600
20151016,121.0700,121.9800,119.9000,121.9000,1975300
20151019,118.9600,121.2600,117.3700,121.0000,1859300
20151020,119.8900,120.0700,117.6000,118.4700,2192000
20151021,120.5000,122.6800,120.1100,121.7600,2819700
20151022,125.3400,125.6200,121.2100,121.6200,3434400
20151023,129.5800,129.8400,124.0600,127.4700,3549800
20151026,123.6100,128.0600,122.7400,128.0600,5812900
20151027,121.4900,125.1500,120.9400,123.0900,3228000
20151028,127.0900,127.8500,123.7000,124.7900,3096600
20151029,120.0900,124.1600,118.7200,121.0000,6158200
20151030,123.1300,124.0200,120.1700,120.8500,2551600
20151102,123.8000,125.2100,122.4600,123.6600,2606800
20151103,122.1400,124.9500,121.4800,121.4800,2622200
20151104,124.1100,124.8600,120.0600,122.5000,4309800
20151105,121.0600,125.0000,120.6000,124.9100,2830800
20151106,129.6700,129.7900,123.2300,123.2500,4528700
20151109,126.5000,128.9400,125.7100,128.3700,2825000
20151110,119.8600,124.0800,119.7700,123.1100,4475900
20151111,119.9500,122.7000,119.8200,120.2100,2595300
20151112,119.8500,121.4100,118.9200,120.2100,2658800
20151113,117.5400,119.8900,115.2100,119.0000,3982400
20151116,121.4700,121.7700,117.0800,117.4700,2779600
20151117,122.0600,123.6800,121.0000,121.4600,1986800
20151118,125.9200,126.1000,121.6000,121.9200,2027000
20151119,125.2100,126.1300,123.0100,126.1000,3278000
20151120,126.4000,126.6700,123.7300,126.2100,2805700
20151123,124.4100,126.7500,124.2100,126.7500,1600300
20151124,128.3400,128.5900,123.4100,123.4100,3565900
20151125,128.3900,129.1700,127.6600,129.0000,2139600
20151127,130.0400,130.4500,127.8600,128.6300,1326200
20151130,130.4500,130.7000,127.1200,129.4300,3261500
20151201,132.8900,133.7700,130.9100,131.1700,4325500
20151202,132.2100,135.0000,131.5400,133.0700,5436400
20151203,144.7800,146.8600,142.8800,144.8600,12066100
20151204,147.5600,147.8900,143.2400,144.8000,6032900
20151207,148.8300,149.7200,145.5500,146.6900,4476900
20151208,147.7800,148.5900,145.7700,146.8400,3456000
20151209,145.6500,148.0000,144.4200,147.1400,3080300
20151210,147.3300,149.4400,145.1900,146.1100,3307800
20151211,144.4200,147.7200,144.3000,144.6200,2777700
20151214,142.5100,145.3600,141.2400,144.1400,3699300
20151215,143.2700,144.2300,141.3100,142.6800,3525000
20151216,143.8800,144.2800,140.4000,143.1700,2964400
20151217,140.4800,145.5000,140.4100,144.9300,2437800
20151218,140.2000,141.9100,138.5500,140.2300,5196400
20151221,145.8000,146.0000,141.8600,143.1000,2662700
20151222,145.1000,147.2300,142.7600,147.2300,2168400
20151223,146.5100,146.6600,144.3900,146.0200,1617000
20151224,146.3200,147.2900,145.7200,146.4100,743600
20151228,146.3500,146.4000,143.9300,145.9000,1387300
20151229,147.9400,148.7800,145.0100,147.0000,2253300
20151230,147.3700,148.8900,147.1200,147.5100,1739600
20151231,145.1500,147.5000,145.1200,146.5800,1967300
20160104,142.2800,142.3500,139.8800,142.0700,3097000
20160105,137.5200,143.3000,137.2100,143.1400,3817300
20160106,133.2900,136.0600,132.2800,134.5700,5082400
20160107,129.0500,133.7700,128.1900,131.3100,5005600
20160108,128.2000,133.4600,128.0600,130.0300,6464100
20160111,128.0400,129.9700,125.4200,129.5000,3894100
20160112,129.9200,131.6700,126.8600,129.8600,4111200
20160113,123.3100,129.9800,123.0800,127.7500,4847000
20160114,125.1900,126.6800,120.2900,124.1900,6394200
20160115,119.9700,123.7900,119.3000,120.2100,7591600
20160119,120.0700,124.8000,119.0100,122.7600,5477300
20160120,123.8300,125.5800,117.1700,117.8300,10398800
20160121,124.5300,126.0000,123.3500,124.8000,4847500
20160122,124.5100,126.4800,124.2300,126.4800,5842800
20160125,124.4900,124.9800,124.0000,124.4300,6135900
20160126,124.3900,126.5100,124.0000,125.0000,11913400
20160127,122.3500,125.4100,120.0900,123.6500,5815600
20160128,126.3700,126.5500,122.0000,122.9400,4996900
20160129,133.7100,134.3400,128.1100,129.4400,25944900
20160201,137.6800,138.6900,132.9600,133.3400,4561900
20160202,133.2400,137.5900,131.7000,135.0100,5900500
20160203,131.3600,137.6100,130.2900,137.2500,5623400
20160204,136.1200,137.2700,130.5000,131.4000,6083300
20160205,128.3600,137.0000,126.9800,137.0000,7095300
20160208,121.8600,126.9900,119.2200,126.9900,9124200
20160209,119.7100,125.7200,118.7700,119.8300,6340000
20160210,119.2000,123.6700,118.6500,122.4900,4547300
20160211,116.3100,117.6400,114.2500,116.5000,6667300
20160212,121.6600,122.3300,115.7300,117.7600,3996500
20160216,126.2400,126.7900,122.9500,123.2700,3852100
20160217,130.6800,130.8200,126.7300,127.0000,3274200
20160218,127.0700,131.9900,126.0800,131.7600,3920200
20160219,128.6700,128.7900,125.0000,127.0500,3111800
20160222,130.6400,132.4300,129.4900,130.0000,2420400
20160223,128.1600,130.5000,128.0600,130.1600,2235200
20160224,130.3400,131.2500,125.4100,126.5100,2568000
20160225,132.4700,132.4900,128.6900,130.7800,2565200
20160226,133.1100,134.9700,132.2500,134.2000,2714200
20160229,133.9700,137.9200,132.9000,133.3400,3591100
20160301,138.4300,138.6400,134.6200,135.3700,4490600
20160302,136.9700,138.2400,135.0500,137.8500,4383400
20160303,137.3300,138.8500,134.3000,137.7500,5943700
20160304,146.0600,147.8600,141.7200,146.0000,7239900
20160307,143.5100,146.2300,140.5700,144.7600,4136300
20160308,139.6300,142.8200,139.4100,142.2900,3321600
20160309,141.9600,142.5300,140.4700,140.7500,3115200
20160310,144.4200,145.8000,142.0000,143.4600,5454600
20160311,148.8200,150.0200,145.7500,145.9900,5582200
20160314,148.1400,149.1900,147.0000,147.1100,2844400
20160315,148.4700,149.9800,146.0800,148.5000,3089100
20160316,148.6300,149.2700,146.8500,147.4600,3490600
20160317,151.5500,151.7200,147.3700,147.3700,4470800
20160318,152.4900,153.0000,150.8700,151.9400,7056800
20160321,152.8900,153.0000,150.8300,152.5900,2820700
20160322,154.7600,155.6100,151.5500,152.4000,3394500
20160323,152.9900,155.3200,152.3400,154.8200,2757700
20160324,153.0000,153.2900,151.1200,151.7600,2565100
20160328,153.1000,153.5000,152.0700,153.2800,1722400
20160329,154.1300,154.9300,152.1800,153.2700,2676500
20160330,156.9300,157.2800,154.5400,155.0000,2679400
20160331,154.5000,157.3700,154.4500,157.0200,2496800
20160401,157.8000,157.9200,151.1600,154.0400,2567100
20160404,156.0100,158.3300,155.6600,158.0000,1776000
20160405,155.0300,157.0500,154.4500,154.4500,5691500
20160406,157.5400,157.7700,153.7100,154.7000,2814900
20160407,154.9700,157.9500,154.6900,157.4800,2297500
20160408,156.1500,156.9000,154.6400,156.2800,1852600
20160411,155.6100,157.8000,155.6000,157.4300,1856800
20160412,155.4300,156.3700,153.0000,156.0100,1653700
20160413,159.4800,159.6500,155.6100,156.4700,2173000
20160414,158.8200,159.1100,156.0000,157.2900,2754900
20160415,155.4900,158.3400,154.5200,158.1300,2768500
20160418,155.9000,156.4000,153.8100,155.3500,1529700
20160419,151.0700,156.7700,150.7900,156.4500,2456000
20160420,153.2300,154.1000,150.4000,151.4600,1943500
20160421,151.3500,153.2800,150.4500,152.9000,1611700
20160422,150.3300,152.9400,148.7300,150.4000,2569900
20160425,149.1000,150.8600,148.7700,150.2500,1087000
20160426,150.7600,154.1100,150.0400,151.4900,2563300
20160427,151.5300,153.3600,146.5000,147.2100,3893000
20160428,147.9900,154.0200,147.3300,150.3900,2548200
20160429,145.7500,147.7900,143.2500,146.3100,3493600
20160502,146.0800,146.8300,144.5000,146.1600,1948800
20160503,143.2000,145.9900,142.3300,145.1000,2389600
20160504,142.0700,144.4200,141.2700,142.5100,2080700
20160505,142.5800,144.9000,142.0900,143.8200,1679600
20160506,141.8900,142.5000,139.1800,141.7600,3000600
20160509,142.4000,143.9200,141.2600,142.0000,1726300
20160510,144.6100,145.1400,141.5000,142.5000,1841000
20160511,143.8500,146.2200,143.5100,144.0900,1662200
20160512,141.0400,144.7300,139.5200,144.0700,2637200
20160513,140.0500,143.1300,139.6200,140.9400,2161900
20160516,142.6500,143.6200,140.6900,140.8700,2032900
20160517,141.1700,142.9900,139.8800,142.5100,2122000
20160518,143.8800,145.0500,140.3300,140.5300,2259400
20160519,142.7400,144.6600,141.1200,143.0300,1744800
20160520,146.7300,147.6700,143.7100,144.1300,2588900
20160523,148.1000,150.3400,147.8800,148.1900,1753100
20160524,151.4200,151.6800,148.3500,148.6000,1970500
20160525,153.5700,154.0000,150.4900,151.8400,2173700
20160526,153.0200,154.2500,151.8200,153.7700,1841600
20160527,153.3000,153.9300,152.4600,153.0000,1867100
