20150529,52.8700,53.1400,52.6200,52.6700,1205800
20150601,52.8500,53.2200,52.6400,52.9000,635000
20150602,52.2800,52.7900,52.0000,52.6200,819000
20150603,51.6800,52.4300,51.4700,52.2900,821900
20150604,51.7200,51.9100,51.5000,51.5300,824200
20150605,50.7900,51.2200,50.5600,51.1500,836200
20150608,51.0800,51.4300,50.8900,51.1800,1019000
20150609,51.0000,51.5900,50.8700,51.1400,995000
20150610,50.7600,51.4100,50.7300,51.0600,1060700
20150611,50.9300,51.1000,50.6200,50.8600,990800
20150612,50.5000,50.8800,50.4200,50.7500,647300
20150615,49.7200,50.5700,49.4000,50.4200,1319800
20150616,49.3500,49.9400,49.1500,49.5700,1710900
20150617,49.5700,49.9100,49.3100,49.4400,1254700
20150618,50.4500,50.6200,49.5600,49.6400,1191300
20150619,50.3100,50.8900,50.3000,50.8600,1358000
20150622,50.2800,50.7900,50.0300,50.5300,1012300
20150623,50.0200,50.5000,49.7500,50.4200,1008400
20150624,49.7000,50.0800,49.5700,49.8200,798800
20150625,49.3700,49.9200,49.2900,49.8900,672200
20150626,49.7000,49.7300,49.1500,49.4000,675000
20150629,48.9300,49.7300,48.9000,49.2700,781900
20150630,48.6300,49.4200,48.3600,49.2400,1375700
20150701,49.1700,49.2800,48.5200,48.7700,812600
20150702,49.8500,49.8700,49.5100,49.5400,698700
20150706,50.2100,50.2100,49.6800,49.7800,1562700
20150707,51.0800,51.2400,50.2300,50.2500,1176000
20150708,51.1800,51.2800,50.5700,50.9000,922700
20150709,50.1800,51.4400,50.0100,51.4300,1437500
20150710,50.7900,51.0600,50.0100,50.2900,834300
20150713,50.9900,51.3200,50.7100,51.0700,595500
20150714,51.1900,51.4400,50.9700,51.2300,710700
20150715,51.2500,51.2800,50.9200,51.2200,597900
20150716,51.7800,51.9400,51.2000,51.4400,560500
20150717,51.3100,51.9100,51.3100,51.8400,695300
20150720,51.3600,51.6000,51.0000,51.3100,617700
20150721,50.7600,51.4100,50.6300,51.2900,592600
20150722,51.1400,51.3400,50.6300,50.6300,550500
20150723,50.4400,51.3400,50.2400,51.1100,643400
20150724,50.9400,51.0400,50.4300,50.4600,603400
20150727,51.6100,51.7200,50.7800,50.8900,794700
20150728,51.4800,51.7400,51.0800,51.5100,747000
20150729,51.7100,51.7400,51.1400,51.3700,518200
20150730,51.5900,51.9700,51.4400,51.5700,537400
20150731,51.9100,52.4400,51.6300,51.9600,523900
20150803,52.0800,52.4300,51.8400,51.9200,684700
20150804,51.2300,52.1500,51.1700,52.0700,603900
20150805,51.6000,52.1000,51.3500,51.5200,666800
20150806,51.7700,51.8500,50.5800,50.9100,1016500
20150807,52.3100,52.5500,51.3700,51.6500,689700
20150810,52.2600,52.7000,52.1000,52.3100,529000
20150811,53.1200,53.1300,52.1400,52.3800,839700
20150812,53.7400,53.8400,52.6000,52.7400,934800
20150813,54.1800,54.4500,53.5600,53.6400,956300
20150814,54.2900,54.3100,53.8400,53.9700,635900
20150817,54.6800,54.8100,54.2600,54.4000,697900
20150818,54.6300,54.7900,54.0800,54.5000,590300
20150819,54.8000,54.8700,54.1500,54.3500,557600
20150820,54.1900,54.8500,53.9000,54.4200,1029300
20150821,54.0200,54.4400,53.5900,53.5900,1036200
20150824,51.9300,52.9800,50.1600,52.2200,1924800
20150825,51.3500,53.0400,51.3500,52.7400,1783400
20150826,52.1400,52.2900,50.5400,51.8800,1448100
20150827,53.1400,53.1800,52.2100,52.6700,1016000
20150828,53.0100,53.2700,52.5500,53.0200,1142700
20150831,51.9400,52.7400,51.6100,52.7400,827800
20150901,51.0600,51.9300,50.8200,51.7600,895600
20150902,51.4100,51.7500,50.8800,51.5800,1063400
20150903,52.2100,52.4200,51.4400,51.4600,1256300
20150904,51.1100,51.8600,50.9100,51.6700,1210200
20150908,51.6900,52.0400,51.4100,51.5800,889200
20150909,51.2100,52.0100,51.1400,51.9800,983400
20150910,51.1100,51.6700,50.9500,51.3200,994100
20150911,51.9600,51.9800,50.7400,50.8900,662500
20150914,52.2400,52.4300,51.8800,52.0000,967400
20150915,52.4800,52.6100,52.0900,52.3600,467400
20150916,52.8400,52.9500,52.4700,52.4900,568800
20150917,53.3200,53.7700,52.7500,52.7700,911500
20150918,53.5000,53.9500,52.8000,52.9500,1000600
20150921,53.6800,54.0700,53.5400,53.6000,699400
20150922,53.5800,53.7100,53.2000,53.3000,786400
20150923,53.9000,54.1400,53.4400,53.5200,908800
20150924,54.3700,54.6800,53.5800,53.6400,793500
20150925,54.8900,55.6300,54.3800,54.5000,1542900
20150928,54.0900,54.9900,53.9900,54.8600,962400
20150929,54.1900,54.2700,53.6700,53.8700,874900
20150930,55.0800,55.1000,54.3800,54.5500,1109500
20151001,55.2700,55.3100,54.6200,55.0200,925200
20151002,55.6300,55.6700,54.6800,55.3300,1192000
20151005,56.0700,56.2200,55.5500,55.6900,1180100
20151006,55.6200,56.1400,55.5600,56.0800,625000
20151007,55.3500,55.8600,55.1900,55.7400,778500
20151008,56.8400,56.8400,55.1400,55.3700,1143500
20151009,56.8700,57.1200,56.5100,56.8200,964100
20151012,57.4500,57.7700,56.8300,56.9400,639900
20151013,57.6900,57.7700,57.1800,57.3300,1022500
20151014,57.1400,58.1500,56.9700,57.6700,1206800
20151015,58.2100,58.2100,56.0300,56.2800,1159700
20151016,58.3800,58.6300,57.9300,58.2500,951600
20151019,58.9500,58.9700,58.3000,58.3600,1093300
20151020,58.6000,59.2000,58.5800,58.7800,820000
20151021,57.9400,59.0700,57.8800,58.8400,1188400
20151022,58.4600,58.7100,58.0800,58.0800,1042200
20151023,57.6300,58.5100,57.4500,58.4600,829500
20151026,58.2000,58.2700,57.5200,57.7500,492300
20151027,57.9300,58.2900,57.7800,58.0900,692500
20151028,57.7300,58.4000,57.0400,57.9600,719100
20151029,57.0800,57.7300,56.3400,57.3700,1025400
20151030,57.3600,57.8900,57.0100,57.1900,737200
20151102,57.3100,57.9100,56.9600,57.5800,697500
20151103,57.7300,57.9800,56.9200,57.2300,1000100
20151104,57.9800,57.9800,57.3500,57.7100,1076500
20151105,58.1900,58.3800,57.2800,58.0400,965900
20151106,55.4400,58.2200,55.1300,57.9300,1153400
20151109,55.7900,55.8900,55.1600,55.3300,907800
20151110,56.6300,56.6600,55.5900,55.7200,636000
20151111,56.8900,57.1700,56.5300,56.6600,555900
20151112,56.4700,57.5400,56.3400,56.7500,479000
20151113,56.0100,56.8300,55.9400,56.3700,450000
20151116,56.8300,56.8500,55.7700,56.0000,470500
20151117,56.0500,56.9200,55.9900,56.7600,643800
20151118,57.0600,57.1200,56.0000,56.1400,579400
20151119,57.2700,57.4900,57.0200,57.0800,519400
20151120,57.4000,57.9000,57.2100,57.3100,457500
20151123,57.4700,57.8700,57.3400,57.5000,623000
20151124,56.8800,57.3600,56.5000,57.1600,1067700
20151125,57.0200,57.1800,56.7400,56.9800,617600
20151127,58.0500,58.0500,57.1300,57.1600,556600
20151130,57.7600,58.4000,57.5000,57.9700,1444800
20151201,57.8700,58.4400,57.3800,57.7300,942400
20151202,57.1500,57.8700,56.9600,57.6400,659900
20151203,57.4100,57.4600,56.9600,57.2300,688300
20151204,58.0100,58.0400,57.4200,57.4400,702900
20151207,58.4000,58.4100,57.5900,57.7500,783000
20151208,58.4500,58.7000,57.8800,58.0300,962900
20151209,57.9100,58.7600,57.8600,57.9600,917900
20151210,56.7700,58.0600,56.6300,58.0200,1043300
20151211,56.7200,57.1700,56.4000,56.7400,751800
20151214,56.7200,57.1300,56.4900,56.7000,1170700
20151215,57.1900,57.4800,56.7400,56.7400,1119900
20151216,58.7900,58.9200,57.5300,57.5300,1195600
20151217,59.2900,59.7800,58.6200,58.8200,1886000
20151218,59.5500,59.9500,58.2400,59.1700,2238900
20151221,58.2700,59.6200,58.0600,59.6100,1134600
20151222,59.0300,59.1200,57.9700,58.5800,1020300
20151223,59.5700,59.7500,59.1600,59.2400,782200
20151224,59.8300,60.0800,59.4200,59.4200,383300
20151228,60.6100,60.6500,59.7000,59.7200,908800
20151229,60.6000,61.2000,60.5700,60.7500,724700
20151230,60.4500,60.9500,60.3200,60.8400,476600
20151231,59.7500,60.5300,59.5800,60.3800,538500
20160104,60.3200,60.5900,59.6800,59.6800,1518500
20160105,60.1500,60.4600,59.3800,60.3500,1317700
20160106,59.8900,60.3200,59.4700,59.6600,824000
20160107,59.4400,59.7000,58.9000,59.1700,1016700
20160108,59.6700,60.2800,59.5200,59.6300,689900
20160111,60.2500,60.5600,59.7800,60.0800,730600
20160112,60.1900,60.5100,59.2500,60.4100,915300
20160113,60.0900,60.7000,59.8600,60.5100,782700
20160114,60.8800,61.2400,59.9900,60.0300,946700
20160115,60.4800,60.8100,59.0100,60.4600,968300
20160119,61.0100,61.3600,60.4700,60.6100,1087200
20160120,60.6200,61.3000,59.4100,61.0100,1884500
20160121,60.2500,60.8900,60.0300,60.6900,1275600
20160122,62.4400,62.9500,60.3600,60.7500,1272100
20160125,61.4400,62.9500,61.3100,62.7600,1055900
20160126,62.3500,62.5100,61.5100,61.7400,999900
20160127,62.4400,62.9100,61.9600,62.3500,874900
20160128,63.4500,63.9300,62.4700,62.7500,869500
20160129,64.9100,65.0400,63.6100,64.0100,1391600
20160201,65.0300,65.6300,64.6900,64.6900,1292400
20160202,65.3600,65.5300,64.2100,65.1300,1031700
20160203,65.8800,66.4600,65.5000,65.8300,1164500
20160204,63.9300,65.3400,63.7100,65.3100,1964200
20160205,63.7200,63.9700,63.1600,63.6100,1306400
20160208,64.2900,64.3300,63.2500,63.7200,1005700
20160209,65.7200,66.0100,64.1400,64.1400,1752500
20160210,66.6800,66.7400,65.6700,66.0000,1556800
20160211,66.0800,66.7800,65.4500,66.3900,1898200
20160212,65.0800,66.3700,64.9300,66.0800,1489100
20160216,65.1500,65.5900,63.6300,65.5900,1709200
20160217,64.7100,65.5100,64.4100,65.5100,1837100
20160218,65.8100,66.3200,64.6500,64.7400,1649200
20160219,65.7700,66.3600,65.3100,65.4300,996100
20160222,66.2700,66.4300,65.8600,66.2100,668900
20160223,66.6700,66.8600,66.1100,66.1100,865900
20160224,66.6900,66.9500,66.0700,66.7600,1178900
20160225,68.0500,68.4900,67.1300,67.6000,1350600
20160226,64.8100,67.6600,64.6600,67.6600,2436800
20160229,64.8200,66.0300,64.6500,64.7100,1427100
20160301,65.3000,65.8400,64.9300,65.1000,1120500
20160302,68.7600,69.0300,67.0600,68.2500,13574700
20160303,67.9000,68.6300,67.4100,68.5700,33567100
20160304,67.8700,67.9000,66.6300,67.5500,3304500
20160307,67.3400,67.8400,67.0200,67.7300,2151500
20160308,68.3700,68.6300,67.1000,67.3400,2352600
20160309,68.6900,68.9800,68.0800,68.2700,1495500
20160310,68.2300,68.9800,67.8700,68.7000,1711900
20160311,68.1100,68.9900,67.8400,68.7500,2025700
20160314,68.0000,68.3500,67.6400,67.9600,1498700
20160315,68.5900,68.9700,67.6800,67.6800,1430400
20160316,68.9000,69.0000,67.5500,68.4000,1543700
20160317,69.9700,70.1000,68.6000,68.8900,1990300
20160318,68.0100,70.0200,68.0000,69.9900,3278800
20160321,67.5500,68.3500,67.4500,68.0100,2150400
20160322,67.6100,67.9000,67.3600,67.5500,1692700
20160323,67.5500,67.9000,67.3200,67.8200,1038500
20160324,67.6300,67.9800,67.3300,67.6800,1575900
20160328,67.1400,68.1800,67.0200,67.4900,1208300
20160329,68.7200,68.8500,67.1700,67.1700,1528900
20160330,68.6100,68.9200,68.1500,68.6500,1000200
20160331,68.9300,69.4000,68.4700,68.7500,1404200
20160401,69.5000,69.6900,68.7900,68.8400,1313900
20160404,69.6200,69.8300,68.9500,69.5000,1231900
20160405,69.0500,69.8200,68.9900,69.5700,1655700
20160406,69.5000,69.5100,68.6600,69.0000,1379800
20160407,69.8000,70.1800,69.2300,69.4000,1664100
20160408,70.3800,70.6200,69.7500,69.7500,1079000
20160411,70.1000,70.8200,70.0200,70.6900,923400
20160412,70.3900,70.4500,69.6600,70.1000,870700
20160413,70.3900,70.7700,69.6200,70.7700,871100
20160414,70.4400,70.5100,70.0500,70.1700,835300
20160415,71.2600,71.4300,70.3000,70.3000,1438400
20160418,71.7000,71.7200,70.7100,71.2300,940400
20160419,72.2000,72.2100,71.2900,71.7000,876800
20160420,70.8800,72.4000,70.8300,72.3000,1171200
20160421,68.2600,70.5900,68.0900,70.5800,2645300
20160422,69.2400,69.4400,68.4000,68.4000,1524500
20160425,70.8000,70.8000,69.7600,70.2000,1618600
20160426,71.4100,71.7500,70.8200,70.8900,1280300
20160427,72.1700,72.3700,71.1200,71.6300,1141700
20160428,72.3900,72.6600,71.5100,71.6500,956000
20160429,72.7600,72.8800,71.5000,72.0800,1439200
20160502,74.1900,74.2700,72.6600,73.1000,1578500
20160503,73.9300,74.5900,73.5400,74.2400,1372900
20160504,74.4500,74.8900,73.2700,73.8000,1407400
20160505,73.2000,74.8800,72.8600,73.8900,1578600
20160506,74.0200,74.1000,72.5500,73.1800,1583700
20160509,74.2900,74.4900,73.9400,74.1900,1271200
20160510,74.5100,74.6700,74.0700,74.4100,935800
20160511,74.5200,74.7200,73.8700,74.6000,968200
20160512,74.9400,75.1000,74.1700,74.5400,1093900
20160513,74.7100,75.0300,74.1900,74.6400,710400
20160516,75.2000,75.2500,74.2500,74.3900,860000
20160517,73.3300,75.2000,72.8300,75.0500,1467700
20160518,72.6400,73.9900,71.9300,72.9100,1459700
20160519,73.4000,73.4100,72.1500,72.5800,908000
20160520,73.4100,73.8700,72.9600,73.6000,3491900
20160523,73.1500,73.8800,73.0900,73.6300,881300
20160524,73.9800,74.0400,73.0200,73.4500,1232200
20160525,73.2800,74.5400,73.0800,74.1000,1289600
20160526,73.9800,74.1000,73.0000,73.4300,1145100
20160527,74.1200,74.2200,73.4800,73.9700,956800
