20150529,140.5200,142.2600,140.3200,142.2600,6199200
20150601,141.2500,142.0500,140.2700,141.4500,3897000
20150602,143.2500,144.4600,140.6300,141.4400,4986500
20150603,143.8100,145.0600,142.8900,143.7800,3755800
20150604,141.1900,143.2300,140.9500,143.2200,3239500
20150605,140.7300,141.3700,140.0500,141.0400,3215600
20150608,140.6400,141.3500,140.2000,140.2400,2756600
20150609,140.1000,140.9900,139.9000,140.5000,2647600
20150610,141.6200,142.6000,140.2900,140.6800,2784400
20150611,142.9600,143.9800,141.7500,142.0100,2924500
20150612,142.8000,142.8600,141.0900,142.6200,2395200
20150615,142.2900,142.5900,141.2800,142.0400,2631400
20150616,142.3400,143.5800,141.4200,141.4200,2450600
20150617,143.4300,144.0000,141.9000,142.8700,2775400
20150618,145.3800,146.5300,143.9100,143.9100,3728900
20150619,145.1300,146.1000,144.9500,145.1900,4837300
20150622,145.7000,146.2100,145.0900,146.0700,2086100
20150623,144.4300,146.4500,143.8000,146.3300,2864400
20150624,143.0000,144.8000,142.5100,143.7600,3989100
20150625,142.4500,143.7600,142.3400,143.2700,2153800
20150626,142.4800,143.0400,141.8900,143.0300,3153300
20150629,138.7300,141.3200,138.5800,140.9600,3755500
20150630,138.7200,140.0600,138.4400,140.0600,3434800
20150701,140.7300,141.1400,140.0200,140.4800,3260900
20150702,140.2100,141.5200,139.8800,141.2900,2116500
20150706,140.5200,140.7300,139.0000,139.0200,2093400
20150707,143.1500,143.4400,140.1400,140.8000,3712000
20150708,141.9200,143.1500,141.5200,142.5000,3386500
20150709,142.8000,144.2000,142.7300,143.8900,2486800
20150710,144.4800,145.1900,143.8700,144.1400,2192100
20150713,146.6200,146.7500,145.6000,145.9600,2194200
20150714,147.7500,148.3000,146.4500,146.7600,3388800
20150715,146.8900,147.7500,146.4800,147.7500,2653900
20150716,148.4900,148.8000,147.7700,147.7900,2509600
20150717,146.8400,147.4400,146.0200,147.2500,3127100
20150720,146.7200,147.2000,145.9100,147.1100,3016100
20150721,145.0000,146.5900,144.2200,146.5900,4452600
20150722,146.4700,149.1800,145.1100,148.9000,6238400
20150723,146.1100,147.9500,145.7900,147.0000,4116000
20150724,144.0600,146.4700,143.9800,145.8100,2455000
20150727,141.0300,143.3500,140.8000,143.2200,3532100
20150728,141.8100,142.1700,139.5100,141.6100,4138200
20150729,144.1400,144.6100,142.3700,142.4800,3260400
20150730,143.0100,143.9200,142.2100,143.3500,2644000
20150731,144.1700,144.9200,143.2900,143.7600,3163500
20150803,143.6900,144.7500,142.5900,144.4400,3088000
20150804,143.5400,144.8700,143.0400,143.5500,1973000
20150805,144.9500,145.6000,143.7700,143.9000,2926100
20150806,143.8200,145.2500,143.4200,144.7000,2457000
20150807,142.4200,143.8400,141.7000,143.2200,2953200
20150810,145.8600,146.7700,143.7800,143.7900,3432600
20150811,144.0500,144.9300,143.2800,144.1400,2816700
20150812,142.4300,143.0100,139.8600,142.5500,4355800
20150813,144.8100,145.4500,141.5300,142.0300,5129500
20150814,145.0900,145.4700,143.7600,144.6100,2927100
20150817,144.4400,144.8600,142.9300,144.6000,3746000
20150818,144.6000,145.2100,143.8200,144.3900,1955500
20150819,142.7200,144.4800,142.3200,143.4200,2967700
20150820,137.0200,141.9000,136.9000,141.6200,6601400
20150821,131.7100,135.0900,131.4600,134.8800,7957600
20150824,127.1900,135.5000,115.1400,123.6400,9425800
20150825,125.4900,130.7200,125.4300,130.0000,7159100
20150826,129.3400,129.7600,125.2300,129.3400,6428400
20150827,131.8700,132.3600,129.4600,131.0800,5754600
20150828,133.2400,133.7200,130.8600,131.4300,4508800
20150831,130.6800,132.7000,130.3900,132.3700,4231700
20150901,127.4400,128.9900,126.9400,128.1600,5772700
20150902,130.6300,130.6700,127.7400,128.7100,4809300
20150903,131.0200,132.3500,130.4800,132.3100,3379500
20150904,129.7600,130.4900,128.6600,129.5500,3746700
20150908,133.8200,133.9900,132.0000,132.2700,3505800
20150909,132.6500,136.2500,132.2100,135.5900,4713900
20150910,133.5500,134.5700,132.2700,132.3400,2932200
20150911,134.6700,134.8600,132.8900,133.1600,2628200
20150914,134.4300,135.1300,133.7300,134.7200,2389600
20150915,136.3000,137.0000,134.5200,134.5200,3761800
20150916,137.2000,137.4300,136.0100,136.2600,2505000
20150917,137.4500,139.9100,136.9400,137.3600,3405600
20150918,136.0900,137.6900,134.4000,135.7500,7302700
20150921,136.0200,137.4500,134.9400,136.4200,2460900
20150922,133.9900,134.4900,132.5200,134.4900,3465000
20150923,131.6700,135.0000,131.6100,134.6600,4907500
20150924,129.7500,130.7700,127.1800,130.7200,5297800
20150925,131.0100,131.7300,129.2800,131.5700,4149900
20150928,128.1300,130.4800,128.0300,130.4400,4160000
20150929,128.7500,129.1500,127.4700,128.1100,2935100
20150930,130.9500,131.4100,129.6200,130.2700,3062500
20151001,130.6100,131.7900,128.9800,131.3200,2878400
20151002,132.5600,132.5900,128.5600,129.0000,3020500
20151005,134.0200,134.1500,131.3500,132.2800,4587500
20151006,134.6300,135.5400,133.6700,134.1000,3059600
20151007,137.0200,137.7300,135.2600,135.6900,3263800
20151008,139.0400,139.3500,136.0700,136.6600,2835700
20151009,139.7000,140.2400,138.3600,139.0400,3065700
20151012,140.6800,141.0700,139.3200,139.9300,1942200
20151013,140.2900,140.5000,139.4300,139.4400,2339700
20151014,134.2200,140.8900,133.5800,139.7500,8752300
20151015,137.3900,137.6700,135.0000,135.1600,6368300
20151016,137.6000,138.7300,136.5200,137.4300,3143000
20151019,138.4200,138.6100,136.3900,137.6000,4022000
20151020,138.8800,139.9300,137.5800,137.9400,4202600
20151021,141.1900,142.1500,136.6100,141.7000,8927200
20151022,146.3100,147.3600,141.9300,142.0000,6976300
20151023,146.7000,147.7500,144.9100,147.3700,4691200
20151026,146.7000,147.2300,145.5500,146.2100,3143400
20151027,148.4600,148.9900,146.0100,146.2200,3411300
20151028,147.8800,148.8100,145.1400,147.9900,4408300
20151029,147.1800,147.8700,145.8300,147.5400,3072100
20151030,148.0700,149.6000,147.0900,147.4000,3938000
20151102,148.4000,149.4700,147.5600,148.3800,2516700
20151103,148.0900,148.4600,147.1400,148.0300,2470000
20151104,148.1900,148.7600,147.1800,147.2600,2771500
20151105,147.9700,148.8400,146.4900,148.1900,2545400
20151106,147.9400,148.1700,146.0100,146.5800,2294100
20151109,145.9800,147.4800,145.1800,146.9000,2980800
20151110,145.1500,146.1400,144.0300,145.2800,2524100
20151111,144.9900,145.8300,144.5200,145.2000,1579600
20151112,142.5400,144.4000,141.5900,143.0000,3796800
20151113,142.5900,143.8900,141.8600,142.3300,3063800
20151116,144.4200,144.5000,142.3300,142.5800,2378300
20151117,146.0800,146.5900,144.6400,145.2900,3038300
20151118,148.2800,148.3900,146.2300,146.2400,3101100
20151119,149.2400,149.4800,148.2600,148.7900,2492600
20151120,149.4000,150.5900,149.1200,149.8400,3210200
20151123,148.3400,149.7000,147.7100,149.3900,3183700
20151124,148.6500,149.5900,147.2200,147.4900,2626600
20151125,147.4300,149.1500,147.3800,149.0400,1852200
20151127,146.9500,147.9700,146.6800,147.5000,1282100
20151130,145.4500,147.2600,145.3600,146.9700,3176700
20151201,147.7400,149.4000,146.4700,146.5400,3444300
20151202,146.9600,148.0300,146.3800,147.5500,2648800
20151203,145.5600,147.6300,144.2800,147.0500,3008700
20151204,148.5000,148.7800,146.0900,146.3500,3892900
20151207,148.4500,149.5000,147.3200,148.3000,3417700
20151208,144.9900,147.2300,144.6500,146.8200,5021100
20151209,144.2400,145.6900,142.2700,144.6000,5124600
20151210,146.4100,147.4600,144.1600,144.6200,3278500
20151211,144.6200,145.7000,143.7200,145.0000,3684700
20151214,143.0000,144.5000,141.4600,144.5000,4845000
20151215,146.5300,147.1000,144.1200,145.6600,4664600
20151216,148.1100,148.6100,146.2300,147.9800,3316000
20151217,145.5600,149.8000,145.5000,148.8500,3448800
20151218,139.5800,144.4100,138.8900,144.4100,9952000
20151221,140.9000,141.9400,139.7000,140.2100,3746400
20151222,142.3800,142.7900,140.5000,141.7200,2791700
20151223,144.0600,144.0700,142.8100,143.0800,3353900
20151224,143.5300,143.9300,143.3600,143.6000,1185000
20151228,144.5400,144.6700,142.8500,143.2600,1980000
20151229,147.3500,147.5600,145.0000,145.0600,3133600
20151230,146.4100,148.0000,146.0100,147.2200,1619000
20151231,144.5900,145.9600,144.5000,145.9600,2105200
20160104,140.5000,141.7000,139.4300,141.3800,5719500
20160105,141.0700,141.7000,139.7700,140.9900,3357000
20160106,138.8300,139.3500,137.2600,138.8300,4254100
20160107,133.0100,136.6700,132.5100,136.3800,7013700
20160108,129.9900,135.1000,129.8000,133.7000,5776900
20160111,130.2100,131.0000,128.9200,130.8500,5551500
20160112,131.9200,132.1700,129.6400,131.5800,4171500
20160113,128.1200,132.8800,127.7500,132.7000,5073100
20160114,129.2000,130.0700,125.8100,129.5900,6517800
20160115,125.6300,127.1400,124.5100,125.8000,6678400
20160119,126.0600,127.2200,125.1100,127.0600,5478900
20160120,122.1400,124.9400,119.8200,124.0000,7636600
20160121,123.4000,125.9800,121.5400,122.7700,5546200
20160122,124.6100,125.6800,123.3200,124.4200,5259900
20160125,124.0100,125.2400,123.4000,124.6000,4551600
20160126,128.0100,128.1500,124.5000,124.9800,5432600
20160127,116.5800,120.1100,115.0200,119.9000,27945900
20160128,118.0100,118.0300,115.0600,117.1000,10708400
20160129,120.1300,120.1800,118.0200,118.1400,9195700
20160201,121.5600,122.2900,118.6500,119.6400,6812800
20160202,117.5200,120.2800,117.3700,119.6900,8646700
20160203,121.8700,122.1300,117.1500,118.8000,7361900
20160204,123.6100,124.9100,121.1200,121.1200,5837000
20160205,122.5600,124.1700,121.0300,123.6300,6186700
20160208,119.4700,121.3300,117.2500,120.6700,6453600
20160209,118.8800,119.9800,117.4300,117.9800,4137600
20160210,116.3600,119.4600,116.2700,118.1600,4888600
20160211,108.4400,113.4000,102.1000,113.1800,33735600
20160212,108.6300,109.8400,105.0000,105.1200,12973400
20160216,112.6000,112.7600,109.0000,109.7300,7587700
20160217,116.3400,116.8300,113.9900,114.0300,6619600
20160218,117.5700,118.2300,116.6800,116.9100,6489000
20160219,115.1600,117.3300,114.4200,117.3100,6920600
20160222,117.3900,118.9700,115.1600,115.1600,4930300
20160223,116.9000,118.5000,115.9300,116.9700,3762300
20160224,115.5900,115.9600,112.5100,115.3700,6859300
20160225,116.8200,117.6000,115.7800,116.3500,4667100
20160226,118.1600,119.4500,117.5000,117.7500,3757800
20160229,118.1800,119.4700,117.5000,118.1200,4569700
20160301,119.9600,120.9900,118.2500,119.0100,4595400
20160302,119.6500,120.7500,118.5000,119.6300,4292500
20160303,119.6100,119.7300,118.2500,118.8400,3404600
20160304,121.0700,122.2300,119.8500,120.1700,4421500
20160307,122.9000,123.3200,120.5700,120.8000,4504700
20160308,122.3500,122.9700,121.3100,121.9800,5257300
20160309,122.8600,123.2600,122.0300,122.3800,3380300
20160310,122.9400,123.8200,121.4300,123.1400,4111300
20160311,124.6300,125.5000,123.8600,124.1300,3260100
20160314,126.3400,127.0000,123.8600,123.9300,4283400
20160315,126.3600,126.3700,124.2100,125.5500,3717500
20160316,127.5700,128.1300,125.7500,126.2400,5154700
20160317,130.7000,131.6000,127.4200,128.0700,5801000
20160318,133.9600,134.6800,131.0100,131.2400,9108400
20160321,135.8600,136.7800,133.3900,133.4600,5671400
20160322,135.1200,136.1000,134.7800,135.1400,4989000
20160323,132.8600,135.0000,132.7400,134.9900,4361200
20160324,132.1200,132.2300,130.0300,131.6100,4573100
20160328,131.2900,132.6200,130.5500,132.5300,3352200
20160329,130.8800,130.9300,128.1800,129.8300,4910200
20160330,128.5800,132.7300,128.0200,131.4800,5949000
20160331,126.9400,128.3800,125.2500,128.0900,8758300
20160401,126.9600,127.0900,125.1100,126.2300,5328000
20160404,126.3400,127.9700,125.8800,126.5400,5036500
20160405,127.0300,128.5900,125.5800,126.1500,4660100
20160406,127.9300,128.0400,125.7500,127.1600,3998000
20160407,127.0000,128.9400,126.5600,127.0000,4596300
20160408,127.8800,130.0200,127.6100,128.0400,3939800
20160411,127.9100,129.9000,127.6800,128.2500,3611700
20160412,129.4700,130.3800,126.6800,127.6200,4239200
20160413,131.1400,131.5000,129.8100,130.4900,3514800
20160414,130.8500,131.9500,130.5300,131.5000,4527600
20160415,131.1300,131.6000,130.6800,130.9500,5008700
20160418,131.9700,132.2500,130.3200,131.1300,3056000
20160419,132.6800,133.8500,132.2100,132.5700,2931000
20160420,130.5700,131.3600,128.4900,128.5500,6799000
20160421,130.7400,132.6400,130.3000,130.9800,4799600
20160422,131.0500,131.8300,130.5000,131.0900,3858100
20160425,130.7500,131.0000,129.3100,130.4500,4600100
20160426,133.2400,133.2700,131.0600,131.2500,6103400
20160427,137.0800,137.8900,131.9500,133.2000,6930800
20160428,134.8000,137.7200,134.5000,136.2900,4938800
20160429,134.8000,135.2300,132.8100,134.4200,3716700
20160502,134.0100,135.0000,133.2300,134.3800,3703800
20160503,132.4900,133.3100,131.4600,132.7000,4028700
20160504,130.8900,132.3100,130.5300,131.5900,3340500
20160505,132.0800,132.6400,131.1200,131.7300,4199200
20160506,133.2600,133.6300,131.7600,132.1100,2466000
20160509,132.1000,133.8100,131.8200,132.8000,3431100
20160510,134.7200,135.2400,132.7900,133.1800,3382700
20160511,133.0000,134.9900,132.9400,133.8100,3284100
20160512,134.4200,135.0400,133.4900,133.4900,4591300
20160513,132.1200,134.9400,131.9100,133.7400,3965900
20160516,134.1400,134.4100,131.5500,131.6300,3165400
20160517,132.5600,134.4900,131.9600,133.6200,4032000
20160518,130.9900,133.1800,130.3400,132.4500,4060400
20160519,128.0800,130.4300,127.0900,130.2400,5061600
20160520,127.3900,129.2500,127.2100,129.1300,3239800
20160523,127.5800,128.4100,125.8800,127.4000,3973500
20160524,127.5000,128.8100,126.3200,127.7600,5100100
20160525,128.8600,129.7800,127.3700,128.0000,4656700
20160526,129.3100,129.9000,128.3200,128.4800,2570900
20160527,129.2200,129.7000,128.8300,128.9600,2995100
