20150529,39.4700,39.8900,39.2900,39.8900,3192600
20150601,39.1700,39.7000,39.0000,39.5600,3027200
20150602,39.4500,39.5800,39.0200,39.2000,3433900
20150603,40.0000,40.1500,39.5900,39.6700,3459700
20150604,39.7100,40.1800,39.6500,39.7700,3529900
20150605,40.2000,40.4700,39.9700,40.1100,4321200
20150608,40.2700,40.4900,40.0100,40.2500,2862800
20150609,40.6000,40.7400,40.1900,40.3400,2901200
20150610,41.1600,41.3200,40.7300,40.7700,4102200
20150611,40.9000,41.2700,40.7900,41.1800,3044000
20150612,41.0700,41.0900,40.7100,40.8200,2498800
20150615,41.2500,41.5500,40.7100,40.7500,5157400
20150616,41.4600,41.6300,41.0100,41.1500,3584500
20150617,41.1600,41.6200,41.0900,41.5500,4356700
20150618,41.2800,41.4000,40.9200,41.3000,5394700
20150619,41.0200,41.3700,40.9200,41.1600,4731800
20150622,41.1900,41.4700,41.0700,41.3200,5810100
20150623,41.5600,41.7000,41.2200,41.4000,4611300
20150624,41.1600,41.6700,41.1500,41.3900,3329300
20150625,41.0200,41.4700,41.0000,41.4200,3762000
20150626,41.2900,41.5000,41.1000,41.2900,4137800
20150629,40.2500,41.1300,40.1700,40.7100,4241200
20150630,40.3100,41.0200,40.3000,40.7500,4724600
20150701,41.0400,41.2100,40.7200,40.7500,3874800
20150702,40.3800,40.9900,40.2600,40.9700,3324200
20150706,40.3600,40.4000,39.8200,39.9300,3950100
20150707,40.3400,40.4500,39.6500,40.3700,5019800
20150708,39.8100,40.2300,39.7200,39.9800,4514000
20150709,40.1800,40.6700,40.0000,40.5100,4761500
20150710,40.7000,40.9600,40.4700,40.8900,2801300
20150713,41.0900,41.2200,40.9000,41.1400,2463500
20150714,41.2200,41.2700,40.7200,40.9000,3636400
20150715,41.5900,41.8000,41.1800,41.3400,5593300
20150716,41.5500,41.7900,41.3300,41.6000,6013400
20150717,40.8500,41.5500,40.3800,41.5500,6176000
20150720,41.1800,41.3900,40.7400,40.8300,4714600
20150721,41.2700,41.6300,41.0200,41.2300,4221000
20150722,41.6000,41.7900,41.2000,41.3100,3854900
20150723,41.4600,41.9000,41.3400,41.6600,4337500
20150724,40.7900,41.4700,40.7400,41.4000,4848800
20150727,40.4600,40.7800,40.2600,40.5200,3560800
20150728,40.4000,40.7600,40.1500,40.7100,3492500
20150729,40.6100,40.7200,40.1400,40.4200,4326400
20150730,40.6100,40.7200,40.3900,40.5000,4701300
20150731,40.2700,40.8500,40.2700,40.6400,11661700
20150803,40.3200,40.4800,39.9900,40.3100,5556600
20150804,40.6400,40.8500,40.3100,40.3600,4653700
20150805,40.8700,41.3900,40.6900,41.0700,3479300
20150806,40.6900,41.1300,40.5500,40.9900,3117500
20150807,40.2800,40.9900,40.0600,40.6600,4791300
20150810,40.9700,41.0800,40.4800,40.5200,4726400
20150811,40.2100,40.7400,39.9800,40.5300,4709700
20150812,39.3100,39.7300,38.8500,39.7300,4025700
20150813,39.6900,39.7800,39.2900,39.4000,3335000
20150814,40.3100,40.3100,39.5900,39.6900,3403300
20150817,40.1900,40.4300,39.8400,39.9300,2937900
20150818,40.0900,40.3900,39.5500,39.5500,8127300
20150819,39.5800,40.0600,39.4600,40.0500,6825000
20150820,38.5900,39.4300,38.5900,39.3200,6415100
20150821,37.6000,38.4100,37.5700,38.2300,8121700
20150824,35.5700,36.7600,34.7600,35.0800,10741900
20150825,34.7800,36.6800,34.7700,36.6800,9155300
20150826,36.3200,36.3800,35.2400,35.7200,9351600
20150827,37.2300,37.3500,36.6500,36.9600,6845300
20150828,37.1000,37.2400,36.8300,37.0000,3874900
20150831,36.9200,37.0300,36.2200,36.4100,4664900
20150901,35.3300,36.2400,35.0700,36.0200,7243900
20150902,35.8800,36.1900,35.4400,36.0700,4397300
20150903,36.4800,36.6900,35.9100,36.0000,6135600
20150904,35.8700,36.0900,35.5800,35.9900,4278100
20150908,36.7300,36.7700,36.2100,36.6300,3307700
20150909,36.2700,37.3400,36.2000,37.2100,3558500
20150910,36.6800,37.0200,36.0600,36.0900,6171400
20150911,36.4400,36.5600,36.2000,36.5100,3594200
20150914,36.5600,36.7600,36.4000,36.4700,3837900
20150915,37.0800,37.2000,36.4800,36.6400,3271300
20150916,37.0800,37.1900,36.6600,36.9800,3505800
20150917,36.1600,37.3300,35.9800,37.0700,5814300
20150918,35.3000,35.8000,35.1600,35.6700,6554500
20150921,35.7400,35.8500,35.4500,35.6000,3248800
20150922,35.2500,35.4500,34.8900,35.1700,3624700
20150923,35.2300,35.4300,34.8600,35.2400,3827200
20150924,35.0500,35.1200,34.7300,34.7900,2923600
20150925,35.6800,35.9300,35.4600,35.6500,3426600
20150928,34.8500,35.5000,34.8000,35.4100,5569500
20150929,35.1700,35.2200,34.7400,34.9300,3821800
20150930,35.6000,35.6400,35.1400,35.5700,4026600
20151001,35.6300,35.7200,35.1700,35.6900,3946500
20151002,35.7500,35.7500,34.2400,34.8300,9633700
20151005,36.5700,36.6700,35.9100,36.0200,3530800
20151006,36.4200,36.5900,36.2100,36.3300,3842300
20151007,36.8100,37.1100,36.4900,36.6600,3771500
20151008,36.9100,36.9500,36.4700,36.6700,3437200
20151009,36.5400,37.0500,36.3300,36.7400,3378400
20151012,36.7100,36.7700,36.2700,36.5000,2508800
20151013,36.2200,36.6000,36.1600,36.4900,3881600
20151014,35.7500,36.2000,35.5700,36.1500,4443600
20151015,36.8600,36.9000,35.9500,36.2100,6196300
20151016,36.4900,37.2500,36.3900,37.0100,4873300
20151019,36.2500,36.6600,36.1700,36.2400,3477700
20151020,36.7500,36.8200,36.1500,36.3000,3677100
20151021,36.2800,37.0300,36.2700,36.8800,4045000
20151022,36.9200,37.2100,36.4700,36.4700,3323900
20151023,37.6600,37.6900,37.0600,37.2600,3673800
20151026,37.2900,37.7400,37.1100,37.5900,2695600
20151027,36.9100,37.3000,36.7600,37.0300,3358800
20151028,38.0200,38.0300,36.9500,36.9800,6903000
20151029,37.7600,38.2200,37.6500,37.8700,3310600
20151030,37.1500,37.8000,36.9800,37.7700,5997300
20151102,37.8000,37.9300,37.2000,37.3400,5341800
20151103,37.7800,37.9500,37.4500,37.6600,3685100
20151104,37.8200,38.1200,37.6500,37.8600,5117700
20151105,38.1500,38.4400,37.8600,37.8800,4035000
20151106,39.0400,39.4700,38.8000,39.1700,4851600
20151109,38.6500,39.2500,38.4100,39.1800,4213500
20151110,38.3300,38.6000,38.0500,38.2500,3849300
20151111,38.3100,38.6800,38.1400,38.6100,4830800
20151112,37.7900,38.2400,37.7900,38.0100,4156700
20151113,37.3500,37.9800,37.2200,37.7100,5029400
20151116,37.9200,37.9300,37.2100,37.2800,3753200
20151117,37.8000,38.2800,37.2100,38.0400,3182400
20151118,38.3500,38.3900,37.6400,37.8800,4249000
20151119,38.5400,38.6700,38.0900,38.3500,3416800
20151120,38.6500,38.8000,38.3800,38.7000,6260200
20151123,38.7700,39.0700,38.6300,38.6700,3802100
20151124,38.4900,38.6400,38.2000,38.5000,3526000
20151125,38.4800,38.6700,38.3000,38.5300,2752300
20151127,38.6600,38.6900,38.3000,38.5200,1194800
20151130,38.6200,38.8200,38.4200,38.7300,3687700
20151201,38.9700,39.0500,38.5700,38.9300,4358600
20151202,38.4900,39.0900,38.4100,39.0200,3951800
20151203,37.8800,38.7700,37.7600,38.6300,3684200
20151204,38.9500,39.0600,37.8500,38.0800,4514200
20151207,38.7000,39.2800,38.3700,39.2600,3538600
20151208,37.9000,38.5300,37.7800,38.3500,4050700
20151209,37.2400,38.0400,37.0100,37.7200,4243800
20151210,37.5600,38.0800,37.0500,37.2200,3531500
20151211,36.8100,37.2700,36.5700,37.0300,4464500
20151214,36.9100,37.3300,36.4900,36.9800,4717900
20151215,37.6800,38.0300,37.3700,37.3700,6705700
20151216,38.3300,38.4000,37.5200,38.0200,5641800
20151217,37.8300,38.6100,37.8200,38.5300,3780100
20151218,37.2300,37.7400,37.1700,37.6100,16250000
20151221,37.2800,37.7200,36.8400,37.6400,3874700
20151222,37.6400,37.6700,36.8300,37.5400,4046200
20151223,38.2400,38.2800,37.6600,37.8400,2932700
20151224,38.2700,38.4500,38.0600,38.1700,980400
20151228,38.0900,38.1500,37.6000,38.0500,2081800
20151229,38.5400,38.6300,38.1900,38.3500,2049500
20151230,38.1700,38.5300,38.1000,38.4700,1583000
20151231,37.8100,38.2100,37.7400,37.9200,2910300
20160104,36.6500,37.0300,36.2800,36.9200,5873200
20160105,36.6600,36.9400,36.3600,36.6100,3584300
20160106,36.1500,36.5900,35.8600,36.0600,4228300
20160107,35.1200,35.7800,34.8800,35.3800,4703800
20160108,34.3600,35.4400,34.2900,35.4200,5000100
20160111,34.6800,34.8400,34.2900,34.6500,6162300
20160112,34.9000,35.1800,34.3700,35.1000,4747600
20160113,33.7200,35.2400,33.6100,35.1400,4729200
20160114,34.0200,34.2500,33.4000,33.8400,4496400
20160115,33.1400,33.3600,32.7300,32.9000,6748100
20160119,32.9200,33.7000,32.5800,33.7000,5833500
20160120,32.8600,33.2900,31.7800,32.1500,13020900
20160121,31.7800,32.7600,31.7100,32.6700,9970200
20160122,31.9500,32.5100,31.5600,32.1900,6485200
20160125,31.1100,31.8800,31.0800,31.8000,7275300
20160126,31.4700,31.5900,30.9900,31.2200,6050500
20160127,31.6500,32.3700,31.3100,31.4300,5436400
20160128,31.9100,32.2800,31.7200,31.8600,8450700
20160129,32.6600,32.6900,32.0100,32.1600,6853300
20160201,32.2900,32.6300,32.0500,32.5300,4491400
20160202,31.5800,31.8400,31.4000,31.8000,5414800
20160203,31.7800,31.8900,30.7200,31.7200,6802800
20160204,32.1600,32.2500,31.6800,31.7000,7160800
20160205,32.0600,32.5400,31.8700,32.1700,7104500
20160208,31.3300,31.6100,30.9000,31.5700,6118700
20160209,31.6000,31.7800,30.7400,30.7900,6286400
20160210,31.2700,31.9500,31.2400,31.6700,5833400
20160211,30.2800,30.7400,29.9500,30.4000,6114400
20160212,31.5800,31.6000,30.7500,31.0600,5141600
20160216,32.5800,32.8200,31.7500,32.0500,4865200
20160217,32.9200,33.1200,32.7700,32.8400,5196800
20160218,32.2600,33.0500,32.1000,32.9200,4049300
20160219,32.3800,32.4100,31.9300,32.0500,3849100
20160222,32.9700,32.9800,32.6400,32.6600,3846500
20160223,32.1000,32.9800,31.8800,32.7700,5507100
20160224,32.0000,32.0400,31.2700,31.6200,6344600
20160225,32.4900,32.5000,32.0200,32.1000,5113000
20160226,33.3000,33.5300,32.6200,32.8300,6295100
20160229,32.1600,33.2900,32.1500,33.2100,6612500
20160301,33.4500,33.4500,32.3200,32.4900,7307100
20160302,33.8100,33.9100,33.3500,33.5300,5376000
20160303,34.2700,34.2800,33.6600,33.8100,2905600
20160304,34.4900,34.8000,34.2700,34.4400,4935300
20160307,34.3500,34.4000,34.0100,34.1800,2555600
20160308,33.6600,34.2500,33.4800,34.2500,4987600
20160309,33.4600,34.0600,33.3200,33.9200,4888600
20160310,33.6600,34.2100,33.2100,33.7600,5051700
20160311,34.4500,34.5000,33.8300,34.0100,3540000
20160314,34.3800,34.5500,34.1300,34.4100,2973800
20160315,34.2500,34.2600,33.9800,34.0100,3158700
20160316,33.9600,34.4500,33.8300,34.0700,6332600
20160317,34.1500,34.2200,33.4500,33.8300,4830400
20160318,34.6700,34.8400,34.3000,34.3800,9538600
20160321,34.6300,34.9400,34.3100,34.7100,3220700
20160322,34.4000,34.5800,34.2000,34.3400,3187100
20160323,34.1400,34.5100,34.0700,34.4400,3674300
20160324,33.6900,33.9200,33.4300,33.9200,4278200
20160328,33.5600,33.7500,33.4400,33.4400,4926000
20160329,33.3200,33.4900,32.9400,33.4900,5329000
20160330,33.5300,33.8700,33.3900,33.5200,4626600
20160331,33.2700,33.6800,33.1900,33.5200,5997100
20160401,33.5100,33.5300,32.8000,33.0800,10914800
20160404,33.6900,33.8300,33.3400,33.4700,6145000
20160405,33.0600,33.4600,33.0100,33.3200,4378900
20160406,33.1300,33.3700,32.9800,33.1400,7954500
20160407,32.4400,32.9900,32.2200,32.7800,6992800
20160408,32.4900,33.0900,32.4000,32.7300,5547400
20160411,32.6200,33.1100,32.5900,32.7100,5067500
20160412,33.0500,33.1500,32.5600,32.7000,4104600
20160413,34.2100,34.2200,33.3300,33.4100,5727400
20160414,34.5000,34.8400,34.0000,34.1300,4531200
20160415,34.0300,34.6100,34.0000,34.5300,5637400
20160418,34.2500,34.4000,33.8200,33.9900,5839000
20160419,34.7100,34.8000,34.2300,34.3400,5242100
20160420,35.2100,35.2300,34.6800,34.8700,5026000
20160421,35.1400,35.6400,34.9400,35.2500,9351400
20160422,35.8300,35.9000,35.2600,35.3600,6365200
20160425,35.4600,35.7600,35.2400,35.5400,4223100
20160426,36.1600,36.2200,35.4700,35.5900,6066800
20160427,36.1500,36.5000,35.8600,36.1700,5775400
20160428,35.6000,36.1100,35.4700,35.7900,3597500
20160429,35.3800,35.6500,35.1000,35.3500,4149100
20160502,35.4100,35.5800,35.0800,35.4000,3894400
20160503,34.8300,35.1500,34.6300,34.9500,4579900
20160504,34.1100,34.6700,33.8000,34.5000,4815400
20160505,34.0000,34.2600,33.8800,34.1000,3100300
20160506,34.0200,34.0600,33.6600,33.7300,2682000
20160509,33.7300,34.0500,33.5100,33.7200,3123400
20160510,34.3800,34.4800,33.9200,34.0600,3524800
20160511,33.9300,34.2900,33.7900,34.0100,3059300
20160512,33.7300,34.2700,33.5600,34.0700,3592500
20160513,33.1200,33.9700,33.0100,33.6700,4181900
20160516,33.5300,33.6700,33.1200,33.3500,5292200
20160517,33.6200,33.9800,33.2400,33.3900,6278300
20160518,34.8200,34.9300,33.5800,33.6000,8434200
20160519,35.0100,35.1500,34.5700,34.6500,7800500
20160520,35.0800,35.4200,34.9900,35.1200,3798400
20160523,34.9800,35.2600,34.7100,35.0500,3915300
20160524,35.5400,35.7100,35.1400,35.2400,3329200
20160525,36.3700,36.5500,35.8000,35.8200,5719100
20160526,36.1300,36.3400,35.8600,36.3100,3184600
20160527,36.3500,36.3600,36.0100,36.1900,3104100
