20150529,170.3200,171.6200,169.6500,170.8900,597700
20150601,172.5900,173.8500,170.4200,170.6800,498900
20150602,172.1100,173.2200,170.9600,171.8000,295100
20150603,171.6200,172.9000,171.0800,172.2700,320400
20150604,170.5200,171.5100,169.4500,170.7700,493100
20150605,170.5900,170.8000,168.8500,170.3500,297200
20150608,170.8200,171.8000,170.1700,170.1700,268400
20150609,168.2500,170.7500,168.1900,170.7500,291300
20150610,170.6700,171.1600,168.3100,168.8600,279500
20150611,171.4500,171.9300,170.7000,171.2700,508500
20150612,170.5100,171.3900,169.6100,170.2900,223300
20150615,169.2700,169.9800,167.3600,169.1200,239900
20150616,170.0800,170.4800,168.2300,169.0000,246300
20150617,170.0000,170.9900,168.8900,170.6400,183400
20150618,172.4700,172.8500,170.4300,170.4300,610600
20150619,171.8500,172.8500,171.2300,171.9900,467300
20150622,173.4600,174.6800,171.9600,172.1200,260800
20150623,172.9700,174.3000,172.4800,174.1100,343400
20150624,172.0900,173.8700,172.0900,172.9300,302800
20150625,172.8600,174.1600,171.2500,172.2500,382200
20150626,173.5400,173.9900,172.4700,173.1500,418000
20150629,170.9400,173.7800,170.7000,171.6900,380100
20150630,170.7000,172.8800,170.3400,172.3000,456200
20150701,172.7700,173.0100,171.3500,171.7500,491900
20150702,171.3000,173.4800,170.5500,173.4800,339700
20150706,171.3600,172.3700,169.4000,169.6900,268300
20150707,172.6300,172.7900,169.0900,171.8300,355200
20150708,171.8600,172.5300,171.0600,171.6200,380000
20150709,171.2000,173.9400,170.9700,173.6800,484100
20150710,174.5400,174.7500,172.5300,173.1400,410900
20150713,178.2000,178.3900,175.0000,175.0000,650700
20150714,179.2700,179.5600,177.0500,178.1200,502200
20150715,178.2300,179.7400,178.0800,179.6800,386700
20150716,178.6500,179.8400,178.1300,179.0900,231000
20150717,178.8400,179.0000,177.2800,178.3600,461700
20150720,179.5000,179.7800,177.4800,179.4000,412500
20150721,178.2300,179.8100,177.9700,179.6600,415100
20150722,179.4000,179.6600,178.1900,178.1900,416800
20150723,179.4500,179.7400,177.8000,179.1500,665100
20150724,187.7500,190.1500,182.1000,182.1000,1551700
20150727,190.1400,190.3100,187.5000,187.7500,905300
20150728,192.9500,201.7300,189.7300,191.3800,797300
20150729,194.5500,194.9200,192.8600,193.6800,697600
20150730,193.1000,194.6700,191.6400,194.5700,815100
20150731,196.6500,196.8500,193.7300,194.2900,919200
20150803,196.1900,198.0000,195.0700,196.6400,685300
20150804,196.2900,198.6600,195.0200,197.6200,971700
20150805,200.1000,200.8300,196.9600,197.2700,989200
20150806,198.9700,202.4700,196.7100,200.5000,678200
20150807,198.5700,199.3700,195.8900,199.1500,486400
20150810,199.0800,200.7300,198.0100,199.5600,294400
20150811,198.9800,199.7500,197.6900,198.7400,441700
20150812,197.9100,198.3600,195.0200,198.0800,555100
20150813,199.0200,200.0000,197.2400,197.8400,347200
20150814,199.5300,199.9800,198.3600,198.5900,311400
20150817,199.8500,200.7300,198.1300,198.4600,399200
20150818,200.0100,201.2600,199.3500,199.8400,469100
20150819,200.5300,201.5600,198.3700,199.0000,577400
20150820,195.2900,199.2700,195.2000,199.1300,579000
20150821,191.5000,195.2500,191.2900,193.8200,1059200
20150824,184.2300,188.7500,180.9300,183.3200,1107500
20150825,184.1400,191.3100,184.0500,187.6500,936300
20150826,189.4400,189.5700,183.6700,187.5700,735200
20150827,196.4900,197.3400,192.0800,192.9600,912600
20150828,197.4700,198.0800,195.0400,196.6000,725600
20150831,193.7900,197.7100,193.6900,197.2100,572500
20150901,187.5500,194.6000,186.3300,194.6000,684800
20150902,191.8600,191.8700,187.6600,189.3600,512500
20150903,190.3900,192.7300,187.1900,188.5700,853400
20150904,187.9300,189.6300,186.7100,188.1800,432800
20150908,192.7000,192.7700,189.6800,190.8900,411700
20150909,189.2600,195.0600,189.0100,194.3500,470200
20150910,191.2200,192.7100,189.3300,190.4900,799000
20150911,192.7600,194.4200,189.9900,190.8200,511300
20150914,191.4000,193.1900,190.4700,192.5900,367900
20150915,193.9100,194.9200,191.1500,192.3500,460000
20150916,194.9300,195.2300,192.9800,193.4400,388400
20150917,197.2400,199.8200,194.7100,194.8000,756200
20150918,194.9300,197.4500,194.7400,195.8300,723800
20150921,196.3800,198.5600,194.8100,196.0100,483000
20150922,195.6500,196.0600,193.5000,195.0400,440100
20150923,195.7600,198.1500,195.1500,195.5300,359400
20150924,195.0200,195.4800,192.7500,194.1700,486800
20150925,193.1700,198.2300,191.3200,196.3200,642500
20150928,185.3500,191.9300,181.7100,191.6300,1062800
20150929,185.4000,187.7400,183.4600,185.5800,543200
20150930,186.3100,188.7000,183.6900,188.0400,870300
20151001,190.2200,190.3900,185.7800,186.5500,816000
20151002,193.0900,193.1100,180.8400,182.6700,545900
20151005,191.4600,196.0400,190.9100,193.3400,1071900
20151006,187.1900,190.4900,183.1300,187.2400,593800
20151007,186.8200,188.5100,185.4100,187.7900,692300
20151008,187.0200,187.4300,183.6600,186.5600,526800
20151009,186.7100,187.9700,185.0200,186.3700,673700
20151012,189.1300,189.1400,186.3600,186.5900,556400
20151013,188.2000,190.4200,188.0200,188.6600,438700
20151014,186.9700,189.8000,186.7300,188.4300,473100
20151015,192.9500,193.1600,187.5600,187.7900,474700
20151016,195.1700,196.4700,192.3500,194.1400,332700
20151019,195.7600,196.9800,193.0000,194.7500,394800
20151020,192.3700,195.4700,191.8200,195.2100,623900
20151021,189.6500,194.5500,188.8700,193.4700,826600
20151022,186.7400,191.3200,182.9200,191.2200,1225800
20151023,179.4200,187.3000,177.3200,184.8000,1420100
20151026,179.3300,180.7400,177.1300,179.0300,729600
20151027,183.6800,183.8900,177.6500,179.2900,906700
20151028,184.1600,184.5100,181.3100,184.0600,680600
20151029,186.1900,186.5300,182.0200,183.9500,434600
20151030,186.3500,188.0900,186.1100,187.0100,492900
20151102,190.0600,191.0100,186.8100,187.3600,503100
20151103,187.8100,190.2200,187.3100,189.6100,481800
20151104,187.2500,189.6200,186.5000,188.5900,433500
20151105,185.7000,188.9300,184.2700,186.8800,583300
20151106,186.0500,186.6200,183.4000,185.4800,340900
20151109,185.2000,186.1000,183.8700,185.8900,313100
20151110,186.0200,186.2500,184.4300,185.5500,361400
20151111,183.9500,189.5100,183.7000,186.3200,477400
20151112,181.9900,185.4700,181.7400,184.6800,437100
20151113,182.3100,183.9500,181.0300,181.8800,349300
20151116,184.7700,184.9000,181.0500,181.9700,378900
20151117,183.6000,185.7500,182.6900,184.8700,309800
20151118,185.2100,185.5100,183.3200,183.9600,542300
20151119,181.9600,185.1300,181.0100,184.8500,355300
20151120,187.4300,188.7200,181.7800,182.7300,584600
20151123,187.2600,188.3500,185.6800,187.2900,378800
20151124,186.2400,186.6600,184.3100,185.8600,419800
20151125,187.4000,187.6700,182.5100,186.2600,279800
20151127,187.3700,188.7500,186.8200,187.8300,287100
20151130,186.8200,188.4300,186.3000,187.5100,541100
20151201,188.9700,190.6600,187.1500,188.4500,457100
20151202,188.5100,190.1200,187.9500,188.8900,369900
20151203,183.2600,190.3400,182.3100,188.7600,751100
20151204,187.5900,187.7800,183.4000,183.7000,478700
20151207,189.1100,190.5700,187.5800,187.6600,879600
20151208,187.8300,188.5700,186.5700,188.3000,450200
20151209,185.5100,188.2700,184.5800,186.5600,308800
20151210,184.1300,186.6700,183.6600,185.3900,511900
20151211,182.9300,184.7200,181.1900,181.9800,333500
20151214,186.3600,186.4400,182.6700,183.0000,522600
20151215,187.7200,189.2400,186.4600,187.6300,501200
20151216,191.4000,192.0800,188.3200,188.7600,430800
20151217,190.6200,192.4600,190.1100,191.0300,475100
20151218,187.3100,190.5000,187.2500,190.5000,712500
20151221,186.9800,188.1200,185.7300,187.7700,432100
20151222,188.7200,188.7800,185.8300,188.0800,300500
20151223,187.9600,189.4800,187.3300,189.1200,457300
20151224,189.8700,190.5000,187.7900,187.7900,232800
20151228,188.7500,190.5400,188.4700,189.4800,319300
20151229,191.5000,191.9900,189.5000,190.0800,422000
20151230,190.6900,192.8100,190.5300,191.8700,228200
20151231,189.4400,190.9900,188.8800,190.0800,314500
20160104,183.9000,188.0600,182.6900,187.1600,627900
20160105,184.8000,185.6900,183.6700,184.5800,651300
20160106,184.0200,185.0000,182.1700,183.0100,780000
20160107,184.1700,184.8100,181.9700,181.9700,642700
20160108,180.1800,185.1000,179.8100,184.5100,399000
20160111,177.9600,181.7900,176.5800,180.4800,476400
20160112,178.9100,181.5800,176.9200,178.3600,731400
20160113,176.1000,181.2400,175.8000,179.5800,521500
20160114,176.9500,178.5900,175.8800,176.4800,588800
20160115,176.9300,177.7000,172.2100,173.1500,665400
20160119,178.6900,180.8800,177.7500,179.0200,547000
20160120,176.9200,177.9700,172.7300,176.6900,597100
20160121,178.8800,180.1000,175.9300,176.9600,519700
20160122,183.0700,183.1600,180.0200,180.0700,520300
20160125,184.1000,186.4000,182.6000,183.4800,612500
20160126,183.1600,184.5300,181.4900,183.0100,449100
20160127,183.2900,186.0000,181.7700,183.1300,627000
20160128,178.3600,183.1100,176.9500,183.1100,879400
20160129,183.2700,188.2000,180.4100,182.5300,1283400
20160201,188.0800,188.6500,182.7900,182.7900,920300
20160202,188.8900,189.7200,185.8000,186.9600,753200
20160203,185.1500,190.4500,183.4800,189.6300,672200
20160204,187.1300,187.4900,182.9800,184.5100,586400
20160205,182.9100,186.9200,182.0700,186.9200,504700
20160208,179.6500,182.1400,177.4700,181.7600,796200
20160209,181.4400,182.9100,177.8900,177.9700,781600
20160210,186.1600,188.0800,181.6900,183.0000,826400
20160211,181.5000,185.4000,181.4200,185.4000,788500
20160212,183.7000,183.9100,180.4300,182.0900,547500
20160216,187.4400,187.9100,184.5900,185.5400,643200
20160217,188.0600,188.6300,186.6200,188.0000,529000
20160218,187.3300,189.8600,186.6900,187.8700,368000
20160219,189.1100,189.6000,185.7200,187.4700,433400
20160222,189.4700,190.4900,188.7100,189.0500,631500
20160223,191.5100,192.3600,189.3200,189.3200,630500
20160224,193.9100,193.9800,189.7200,190.8500,731800
20160225,196.5700,196.6800,193.4400,194.0700,603900
20160226,195.7000,197.4800,195.3200,196.4700,498400
20160229,192.3800,196.6200,192.3800,195.2600,770900
20160301,194.5000,194.9900,190.5200,193.3500,495200
20160302,193.0200,194.8800,192.4800,193.5800,410900
20160303,193.2700,193.4700,190.9800,192.5700,389000
20160304,194.3200,194.7100,191.9900,192.9800,315100
20160307,194.0500,195.1000,192.7000,193.6300,342800
20160308,193.9900,195.0800,191.9600,193.3400,330400
20160309,195.5000,195.5200,193.2200,193.9400,530700
20160310,195.4500,197.4100,194.1600,195.5000,532600
20160311,195.0700,196.3400,194.7300,195.9700,720100
20160314,195.4500,197.5000,193.5500,193.7300,706400
20160315,194.3300,195.5500,193.8300,193.8900,419100
20160316,194.1500,195.3700,192.9700,194.3100,509200
20160317,193.6900,195.0800,191.7900,194.0600,523300
20160318,196.8100,197.3800,193.3300,194.0800,569100
20160321,196.1000,196.6900,194.9300,195.8900,337200
20160322,197.8900,198.7100,195.3100,196.0400,397700
20160323,198.8500,199.9500,197.6900,198.4100,431100
20160324,198.2000,198.6500,196.3700,198.0300,523300
20160328,199.3000,199.4500,197.3500,198.2000,359500
20160329,202.3700,202.8500,198.6000,199.3000,408600
20160330,202.8800,203.8000,201.4500,202.0500,328000
20160331,202.6700,203.6800,201.0000,202.9900,457900
20160401,204.6900,205.5200,201.5500,202.0500,509100
20160404,207.0100,207.1200,204.0000,204.1500,584700
20160405,202.8400,206.2800,202.1500,205.7600,486200
20160406,205.4200,205.8300,202.7500,202.7500,503200
20160407,203.3000,205.5200,201.8000,204.7200,705100
20160408,203.2000,204.8800,202.4600,203.9300,297000
20160411,202.8900,204.2800,202.3400,202.8100,345600
20160412,204.8500,205.3300,203.1900,203.1900,260600
20160413,206.2300,206.5100,204.6500,205.9400,488000
20160414,206.0900,207.2900,205.2900,206.4300,397900
20160415,206.7900,207.0100,204.6500,206.0200,286500
20160418,208.7000,208.7800,205.6000,206.5300,461700
20160419,208.7900,209.3200,207.4800,209.0000,394100
20160420,209.1400,209.8200,207.6100,209.0000,292400
20160421,207.0200,209.7700,206.4400,208.8800,340700
20160422,207.2300,208.8400,205.8300,207.5300,402800
20160425,206.9300,207.6400,206.2500,206.6000,332200
20160426,205.5300,208.4000,205.2800,207.5000,832200
20160427,210.1900,211.4800,205.1400,206.5200,842600
20160428,214.2200,217.4900,212.0700,213.7400,917900
20160429,212.1700,214.0500,210.5000,213.7100,554200
20160502,214.9000,214.9100,212.4000,213.5200,422900
20160503,213.9900,215.0000,212.9000,214.6100,371900
20160504,213.8800,214.3800,211.3400,211.3900,434000
20160505,215.5300,216.6000,212.4400,214.3100,462900
20160506,216.4000,216.8700,213.7600,215.1800,320800
20160509,217.7300,218.9300,216.1300,216.2200,409400
20160510,220.9600,220.9800,217.8200,218.2800,574700
20160511,219.3400,222.8000,218.7500,220.9600,413100
20160512,219.4500,220.5200,217.7900,219.8500,363300
20160513,218.6500,220.0000,217.3900,219.6000,386900
20160516,221.9100,223.0200,218.3600,218.5400,492300
20160517,219.2200,221.9600,218.1400,221.2700,585300
20160518,218.1400,222.0000,217.5800,217.9900,481300
20160519,218.5800,218.9600,216.1200,217.1600,342900
20160520,219.7400,221.0900,218.6000,220.1400,753300
20160523,220.1800,221.3900,219.1300,220.1800,425600
20160524,221.2800,222.2200,219.9100,220.7900,391600
20160525,220.1700,222.7900,219.7100,222.2300,515200
20160526,219.5800,220.8500,219.5200,220.0000,409100
20160527,219.0000,220.1500,218.7500,220.0000,454900
