20150529,140.5100,142.0600,140.1800,141.3500,1203600
20150601,140.8200,141.9200,139.7900,141.4000,943400
20150602,140.5100,141.2200,139.1100,140.0100,1080400
20150603,140.5800,141.0400,139.8100,140.5600,930400
20150604,140.1900,140.7900,139.5000,139.8400,819200
20150605,140.0300,140.1700,139.0000,139.4500,996400
20150608,139.5700,140.9400,139.4700,140.3300,1048400
20150609,137.9300,139.7300,137.8200,139.3000,1305900
20150610,140.0500,140.2800,137.8700,138.1100,1498000
20150611,140.8600,141.2900,140.1400,140.6200,986400
20150612,139.6000,140.5500,139.5400,140.2800,990500
20150615,138.5800,139.7400,137.7000,138.9000,1332200
20150616,139.2400,139.4800,137.8100,138.4200,900900
20150617,139.7600,140.1500,139.0800,139.7500,650700
20150618,140.8100,141.2700,140.0600,140.0600,942200
20150619,141.8300,142.3900,140.6900,140.6900,1950200
20150622,142.9700,143.5300,142.4300,142.9500,1210200
20150623,143.1700,143.8400,142.7600,143.0800,936400
20150624,141.7000,142.9900,141.7000,142.8100,1024400
20150625,141.9100,142.3600,141.0900,141.7900,908900
20150626,142.0400,142.5100,141.2800,142.3000,831300
20150629,141.7800,143.7500,141.7200,142.5000,1168200
20150630,141.6500,143.0000,141.3300,143.0000,1029700
20150701,143.2200,143.6600,142.1600,143.0600,995400
20150702,143.1800,143.9800,142.1500,143.8600,1116900
20150706,142.6500,143.5400,141.6000,141.8100,1410700
20150707,143.2400,143.4900,141.3900,143.0300,976600
20150708,141.1400,142.9900,140.7700,142.5400,1153200
20150709,141.8300,143.3200,141.7900,142.7400,699100
20150710,144.2700,144.9200,142.7000,143.2000,1129200
20150713,145.9500,146.0700,144.2700,144.6100,950800
20150714,147.2300,147.3500,145.7900,146.3000,827200
20150715,146.7500,147.9900,146.5900,147.3300,766500
20150716,148.0000,148.3300,146.9000,147.3900,624700
20150717,148.0500,148.2300,147.2800,148.0000,575300
20150720,148.1600,148.4500,147.3800,148.4500,455700
20150721,147.5100,148.9300,146.8100,147.9900,862900
20150722,148.0100,148.3100,147.4700,147.6000,625900
20150723,148.1700,148.9300,147.5300,148.1800,714800
20150724,147.3000,148.6500,147.1200,148.0200,720200
20150727,146.3300,147.1500,146.0000,147.0700,902800
20150728,149.8800,149.9600,146.5900,147.1800,1170400
20150729,151.9900,152.0800,149.6100,149.9900,1455400
20150730,152.0000,152.4900,151.4200,151.7700,1043000
20150731,152.1500,152.8800,151.8800,152.6100,1016600
20150803,152.4300,152.7600,151.0500,151.7900,1386400
20150804,152.3500,153.0400,151.4600,152.5200,993700
20150805,153.8600,154.9800,152.0700,153.8200,1306000
20150806,150.1900,153.3600,148.6800,153.2700,1930100
20150807,148.9200,149.9500,146.7100,149.9500,1482700
20150810,150.3000,150.8400,149.6000,150.4000,1215200
20150811,148.6000,149.8900,147.2600,149.1500,1155200
20150812,147.9300,148.3000,145.7100,148.2900,1628900
20150813,147.6000,148.2900,146.7500,147.7800,734400
20150814,148.2700,148.4900,146.9100,147.4100,663700
20150817,148.6000,148.6500,147.0000,147.6500,616900
20150818,147.0800,148.4700,146.7100,148.1000,945900
20150819,146.5100,147.3900,145.1600,146.5800,1017500
20150820,143.5800,145.7900,143.5200,145.6600,1572700
20150821,141.9200,143.9200,141.8800,142.7800,1797900
20150824,138.2000,138.4700,133.5000,138.4700,2918600
20150825,137.6200,141.8800,137.6200,141.0700,2213200
20150826,139.9400,140.3300,136.7500,139.7600,1531000
20150827,142.9500,143.0400,140.4900,141.1600,1193300
20150828,142.8300,143.1100,141.5300,142.4300,841100
20150831,141.0200,143.6300,140.3900,142.7200,1009100
20150901,134.8900,139.2300,134.2900,138.5000,1791700
20150902,136.7200,137.0000,134.7300,136.2300,1170500
20150903,136.5300,138.2300,136.0200,137.0000,1025500
20150904,134.3200,135.9800,133.1800,135.4200,1176600
20150908,138.0200,138.0300,135.2600,135.7500,1382800
20150909,135.9000,139.9800,135.6300,139.2200,838800
20150910,135.2000,136.5400,134.8000,136.0900,1115900
20150911,135.9800,136.7800,134.3200,134.9700,968800
20150914,136.2600,136.3900,135.2400,136.1800,1148300
20150915,137.1800,137.8200,135.9800,136.4000,564400
20150916,138.8700,139.1600,137.1400,137.5000,943700
20150917,139.8000,141.3300,138.6500,138.8100,1080500
20150918,138.3300,139.3900,138.1200,138.5900,2085400
20150921,139.1100,140.2800,138.5000,139.0700,1045300
20150922,138.2600,138.5000,137.0500,137.6400,778200
20150923,139.2800,139.4500,137.4700,138.0600,1035700
20150924,138.8400,139.1100,137.6900,138.2300,1237100
20150925,136.1500,140.4600,135.4100,139.2300,1111500
20150928,130.4000,135.4400,128.8700,135.2800,2084300
20150929,130.8900,131.8000,128.9500,129.9000,1451300
20150930,132.6600,133.6700,131.4000,132.2800,1004400
20151001,132.1900,132.8300,130.2200,132.4900,1314800
20151002,135.3700,135.4500,130.2000,130.9500,1464800
20151005,136.9900,137.3000,135.8500,136.3200,1359700
20151006,134.5900,136.9000,132.9300,136.7900,1442500
20151007,137.2400,137.2700,134.1700,135.5000,1059300
20151008,137.1200,137.3200,135.1200,136.8900,682800
20151009,137.7600,138.2500,136.8500,137.1000,693600
20151012,138.4600,138.9500,137.2700,137.5100,428700
20151013,136.9100,138.4900,136.6200,137.5800,523000
20151014,135.7600,137.8100,135.5800,136.7800,567800
20151015,137.0700,137.0900,135.4900,136.5800,971800
20151016,139.5600,139.6500,137.1900,137.8500,717800
20151019,139.9500,140.0900,138.8300,139.4000,465200
20151020,139.7600,140.5400,139.3000,139.3000,611300
20151021,139.7600,140.7600,138.1100,140.5200,736500
20151022,138.4500,141.1600,137.6400,140.3200,923300
20151023,140.2200,141.2400,137.9000,138.9400,1251800
20151026,139.9000,140.4700,139.2800,140.1400,747800
20151027,140.7500,141.0700,139.8200,139.8400,506600
20151028,141.9700,141.9800,139.3200,141.0600,749700
20151029,143.2300,143.7600,142.0000,142.0000,805800
20151030,142.5200,143.9900,142.5200,143.1300,1097800
20151102,144.8100,145.0500,143.0600,143.4700,1064200
20151103,146.6300,146.7000,143.8300,144.5100,1272200
20151104,151.0100,151.8900,149.0100,151.0000,1480600
20151105,152.2400,152.5800,151.1000,151.5000,1156200
20151106,152.5000,152.8500,151.5300,151.6600,950100
20151109,152.4100,152.7600,151.3300,152.5200,811100
20151110,152.1100,152.7500,151.7500,152.2600,714100
20151111,151.9600,153.2500,151.8800,152.2900,672700
20151112,148.4300,151.9300,148.3600,150.8100,924800
20151113,148.6800,149.7600,148.0000,148.5200,696700
20151116,150.7900,150.8600,148.5800,148.7900,849500
20151117,150.9600,151.8000,149.6900,150.8000,735300
20151118,151.5400,151.6900,150.4700,151.2200,1131100
20151119,149.9600,151.4100,149.5200,151.1300,931900
20151120,151.2200,152.4600,149.9600,150.7200,1302100
20151123,150.9200,152.0500,150.4400,151.3100,585800
20151124,150.5500,150.7200,147.8400,147.8400,659800
20151125,150.1200,150.9500,149.6300,150.5300,746800
20151127,151.2900,152.2000,150.1000,150.8400,645700
20151130,150.2500,151.9900,150.2300,151.5800,1028400
20151201,152.6700,152.8200,151.1000,151.1000,1093700
20151202,151.7800,153.0000,151.5700,152.8900,798100
20151203,149.9300,152.4300,149.3500,152.0600,1127300
20151204,154.8100,154.8800,150.1100,150.1800,1066300
20151207,153.6200,154.8100,152.8000,154.3200,1224000
20151208,154.7000,154.7600,152.4300,154.0000,1554800
20151209,152.8700,155.5300,151.6100,154.1000,1367300
20151210,154.3500,154.7900,152.0500,152.7300,935900
20151211,151.6800,153.9000,150.9500,152.5700,874800
20151214,153.1900,153.6800,150.9500,152.4800,1290200
20151215,153.2900,155.5000,152.9700,154.0900,1535000
20151216,155.8900,156.1100,153.1300,154.6000,1156400
20151217,155.9100,157.5000,155.3500,156.1100,1229600
20151218,153.1200,155.5900,153.1100,155.0500,1776100
20151221,153.5900,154.6000,152.6600,153.8000,800300
20151222,154.3700,155.3700,152.3100,154.6000,1105800
20151223,155.8700,156.0400,154.5900,155.2800,654600
20151224,155.9100,156.5600,155.4800,155.8400,269600
20151228,155.3700,155.7800,154.8200,155.5900,598500
20151229,156.5300,156.7700,155.8100,156.6600,967200
20151230,155.4300,156.8900,155.0100,156.6900,1134200
20151231,154.0900,155.4500,154.0800,154.7300,1087700
20160104,147.9500,151.4500,146.0200,150.6200,2813900
20160105,148.4200,149.7000,147.8000,148.6500,1080300
20160106,146.9400,147.7300,144.9300,145.8400,1774000
20160107,144.5300,145.5100,143.4300,144.5200,1586600
20160108,142.3600,146.0100,142.0300,145.1900,1272300
20160111,141.1500,143.4500,139.2400,143.0900,1282600
20160112,142.4500,143.5300,140.3800,142.4000,972500
20160113,141.3800,144.4100,140.9200,143.4600,1318500
20160114,145.4100,145.7800,141.3900,141.6700,1738900
20160115,142.4300,144.5100,141.7100,142.3500,1804800
20160119,142.5000,144.3500,141.3800,143.8300,1258400
20160120,140.8600,141.9600,137.6900,140.8500,1323800
20160121,141.6500,142.1000,139.1300,140.9000,1118700
20160122,144.7600,144.9900,143.0700,143.3700,867200
20160125,144.9000,146.7000,144.6900,145.1200,974600
20160126,145.5100,145.8600,143.6700,144.7700,775700
20160127,146.0400,148.1800,144.9200,145.6300,982000
20160128,142.2800,146.9500,141.7600,146.6100,1446900
20160129,145.3700,145.3700,143.0000,143.3100,1679300
20160201,146.0200,146.4600,140.5300,144.1100,1571400
20160202,145.0500,145.9000,143.9100,144.9200,1505100
20160203,141.0800,147.0000,139.5700,147.0000,2324100
20160204,137.9100,140.9900,137.4100,140.4700,1812700
20160205,135.2500,137.9500,134.7100,137.5000,1227500
20160208,132.8800,134.9600,129.7900,134.2400,1854400
20160209,134.3400,135.3800,129.5000,129.5800,1701000
20160210,136.1400,139.2200,135.8900,136.2200,1124600
20160211,135.3300,136.3600,134.2100,135.6300,1589200
20160212,139.8100,139.9500,136.3900,136.8700,1625400
20160216,142.1200,142.4900,140.4900,141.1900,1394300
20160217,144.1100,144.2100,142.0600,143.3100,764600
20160218,143.1800,144.8000,142.7300,144.5000,753200
20160219,144.9000,145.0000,142.3800,143.3600,913300
20160222,145.6800,146.3000,144.9800,145.6300,651800
20160223,146.4600,147.0700,145.5000,145.9800,1026700
20160224,147.4700,147.9000,144.7300,145.0000,938900
20160225,148.6700,148.9800,146.8900,147.7400,826500
20160226,149.6400,150.1700,148.9200,149.0000,1228700
20160229,147.4500,150.1200,147.2300,149.2900,1490400
20160301,150.1200,150.1200,147.2300,148.6000,1418100
20160302,150.7200,151.2000,149.2500,149.8200,1151700
20160303,149.5000,150.6500,148.0300,150.6500,951900
20160304,149.1500,149.8500,148.3100,149.8500,1081200
20160307,148.6800,149.3800,147.9000,148.8800,967200
20160308,147.1900,148.1300,146.5500,147.5800,869900
20160309,147.1100,147.9100,145.7800,147.6900,1203700
20160310,148.5100,148.9600,147.2400,147.6900,1219300
20160311,149.7800,150.1300,148.2300,149.1300,1320200
20160314,150.7600,151.2300,149.1000,149.1000,735200
20160315,149.2900,150.5400,149.0000,149.7000,977300
20160316,149.7800,150.0800,148.2000,149.3600,904400
20160317,147.7100,149.7000,146.1200,149.5200,1137800
20160318,150.2400,150.4500,146.5700,148.5400,2102300
20160321,149.1700,150.4600,149.0300,150.1800,883500
20160322,149.5500,150.1300,148.3400,148.9200,1000200
20160323,149.2400,150.1500,149.0600,149.6500,539300
20160324,149.1300,149.2800,147.7400,148.4900,642900
20160328,149.0300,149.5600,148.2600,149.5600,702800
20160329,151.5200,151.7200,148.5900,149.2100,705200
20160330,152.5400,152.8200,151.3800,152.4700,713700
20160331,151.8200,152.7600,151.3700,152.2000,890100
20160401,153.4900,153.7500,150.7100,151.2400,882200
20160404,154.9200,155.9800,153.5500,153.9900,888300
20160405,152.8600,155.9600,152.5600,154.0300,1085700
20160406,155.4200,155.4700,152.5400,152.8600,818300
20160407,155.0300,155.5700,153.7100,154.8400,933900
20160408,154.6400,156.3600,154.0400,156.0000,838000
20160411,153.9100,155.6000,153.5500,154.6300,1078800
20160412,157.6700,157.9300,154.2700,154.4000,1116400
20160413,158.9800,159.2200,157.5100,158.6200,767900
20160414,158.1900,159.3700,157.7800,158.9200,694800
20160415,159.1500,159.2500,157.1000,158.2100,715500
20160418,159.4800,159.4900,158.1700,158.6600,791000
20160419,157.9900,159.5000,157.6200,159.5000,697500
20160420,158.7200,159.8600,158.0400,158.3500,884600
20160421,158.7300,159.9600,157.8800,158.7000,871500
20160422,159.8800,159.9900,158.1900,159.0500,444100
20160425,160.2600,160.2600,159.1000,159.5600,538700
20160426,159.5500,160.8900,159.4300,160.5000,756700
20160427,161.4500,161.8500,159.4300,159.7200,657300
20160428,161.9300,162.9800,159.9200,160.6000,1266500
20160429,161.2600,161.3200,159.8100,161.0100,1344000
20160502,160.9000,162.2400,157.6000,160.6700,1277400
20160503,160.4300,161.3700,159.4500,160.8700,1256800
20160504,161.6000,162.2500,159.2600,159.9400,1601100
20160505,165.2100,165.9600,160.9300,163.0700,1823400
20160506,164.8400,165.0000,162.4700,163.0000,1545900
20160509,165.9800,167.0000,164.7200,165.1700,1432700
20160510,167.6400,168.3200,165.0700,165.8500,1228900
20160511,167.0500,169.0800,167.0300,167.7800,804000
20160512,167.1500,167.9100,166.1800,167.6400,807700
20160513,166.2900,167.5800,165.8200,167.1000,787000
20160516,168.5700,168.8600,166.1800,166.2900,985700
20160517,165.4300,168.5500,164.7300,167.7400,1149600
20160518,165.4500,166.3000,163.8400,165.3700,972200
20160519,163.9400,165.3700,162.2500,164.5800,1119500
20160520,165.0000,165.6100,163.8900,164.9200,1110300
20160523,164.1500,165.5400,164.1200,165.0400,901500
20160524,166.0700,166.4300,164.1500,165.0000,873600
20160525,167.0000,167.3000,166.0200,166.5000,779000
20160526,167.1900,167.4800,166.7200,166.8500,631100
20160527,166.9900,167.3800,166.4000,167.0700,648600
