20150529,43.3600,43.8600,43.3600,43.8600,7481500
20150601,42.9200,43.5600,42.8700,43.4900,12563600
20150602,42.9000,42.9500,42.6300,42.8700,7886600
20150603,43.4100,43.6300,42.8300,42.9000,5037400
20150604,42.9600,43.3700,42.8200,42.8200,8572500
20150605,43.3600,43.8700,42.9300,43.7500,7996300
20150608,43.3400,43.7600,43.2600,43.3100,5810300
20150609,43.4000,43.5600,43.1900,43.3400,3552700
20150610,43.7400,43.9900,43.5400,43.6500,9921800
20150611,43.8800,44.0300,43.6800,43.7300,5825900
20150612,43.6800,43.8900,43.5500,43.8200,5853700
20150615,43.2900,43.3700,43.0200,43.2600,7393200
20150616,43.2000,43.3700,43.0900,43.1500,8233800
20150617,43.1500,43.4700,43.0400,43.3700,6824100
20150618,43.2700,43.3600,42.9700,43.3000,8737100
20150619,43.1200,43.3300,43.1000,43.1700,9539500
20150622,43.4700,43.6800,43.3600,43.5300,4721700
20150623,43.6600,43.7800,43.4900,43.6600,4676600
20150624,43.2900,43.7100,43.2600,43.4800,3788200
20150625,42.8500,43.4600,42.8500,43.4100,3055100
20150626,42.9800,43.2000,42.8200,43.0100,6485300
20150629,41.7900,42.6100,41.7500,42.5000,5083700
20150630,41.9700,42.4800,41.8000,42.3300,6406200
20150701,42.1800,42.5500,42.0500,42.5400,5146700
20150702,41.7900,42.2900,41.5900,42.1600,4580100
20150706,41.5500,41.6200,41.2100,41.3200,5207600
20150707,41.5400,41.7500,40.7700,41.5300,4661100
20150708,40.5400,41.2900,40.5300,41.2100,4696200
20150709,40.9900,41.3000,40.8300,41.0300,5244600
20150710,41.7100,41.8100,41.3800,41.4900,4771100
20150713,42.3800,42.5000,41.8300,41.8500,7204700
20150714,42.5300,42.5600,42.0600,42.1900,3454100
20150715,42.6700,42.8200,42.4600,42.6000,3187600
20150716,43.0700,43.1200,42.8600,43.0800,3206300
20150717,42.8200,43.0600,42.6200,42.9200,3223300
20150720,42.9800,43.0900,42.7700,42.9800,5732600
20150721,44.1500,44.1800,43.5000,43.5800,9810600
20150722,44.7300,44.7400,44.1500,44.3100,7123500
20150723,44.4700,44.9900,44.3800,44.8000,4653800
20150724,43.7200,44.3700,43.6800,44.1300,4928900
20150727,43.2600,43.4500,42.7200,43.4100,6116000
20150728,43.5900,43.6500,43.1600,43.5100,5434400
20150729,43.7800,43.9400,43.4300,43.6100,5555100
20150730,43.9300,43.9700,43.5700,43.6100,4726500
20150731,43.4000,43.9500,43.3300,43.9500,4636200
20150803,43.4000,43.6400,43.0800,43.4100,4589900
20150804,43.8900,44.0800,43.4000,43.5400,4671500
20150805,44.4000,45.1400,44.2700,44.4000,6670000
20150806,44.2800,44.7800,44.1700,44.4400,4410000
20150807,44.7500,44.7900,44.1100,44.2300,6215200
20150810,45.2600,45.4500,44.9700,45.0000,5269100
20150811,44.6700,45.0600,44.5600,44.9700,5775800
20150812,43.9000,44.2800,43.1000,44.2800,8458100
20150813,43.8700,44.1400,43.7200,44.0100,3330800
20150814,44.0700,44.0900,43.7500,43.7700,3613200
20150817,44.0600,44.1600,43.6700,43.9100,3539100
20150818,44.3500,44.3600,43.0100,43.0100,7422300
20150819,44.1800,44.4600,44.0300,44.0600,9364300
20150820,42.8000,43.8100,42.7400,43.7000,9842400
20150821,41.4500,42.5300,41.4200,42.4200,9400300
20150824,38.6400,40.3000,36.4600,38.5800,12295500
20150825,37.7800,40.1200,37.7500,40.0400,10897400
20150826,39.4700,39.6700,37.9900,38.8700,9426300
20150827,40.8000,40.8200,39.8400,39.9300,8066400
20150828,40.6700,40.8000,40.1800,40.5600,4827000
20150831,39.8000,40.3800,39.6900,40.3500,6718600
20150901,38.3400,39.1000,38.1000,38.8100,8365800
20150902,39.0200,39.0500,38.4300,38.9900,6513200
20150903,39.2800,39.8200,39.0900,39.2100,8189500
20150904,38.4900,38.9000,38.3100,38.8000,6382000
20150908,39.3200,39.3800,38.6900,39.3000,6037400
20150909,38.9800,40.2700,38.8800,39.9800,5769300
20150910,39.3300,39.6000,38.6500,38.7700,5702200
20150911,39.5600,39.5700,38.7600,39.0400,4586600
20150914,39.5600,39.6700,39.2200,39.5000,4325500
20150915,40.0600,40.2200,39.4500,39.6800,5256700
20150916,40.2300,40.3200,39.6400,40.0000,4170900
20150917,39.8100,41.1200,39.6800,40.8300,7720400
20150918,38.8600,39.2800,38.6800,39.2100,10558100
20150921,39.4300,39.5400,39.0000,39.2000,3907100
20150922,38.8500,39.1200,38.4000,38.7400,5799600
20150923,38.8200,38.9600,38.4600,38.8000,3731300
20150924,38.5200,38.6600,38.1400,38.3600,4719200
20150925,39.6000,39.7400,38.7000,39.1800,7025300
20150928,38.2000,39.3500,38.1400,39.1700,6946900
20150929,38.4400,38.5100,37.8700,38.2400,4890000
20150930,39.1500,39.1900,38.6800,39.0400,6191500
20151001,39.3600,39.4100,38.7500,39.1000,5591000
20151002,39.1700,39.1800,37.4800,38.1900,7653900
20151005,40.1500,40.2500,39.4000,39.5400,5419800
20151006,39.9600,40.2600,39.6600,39.9500,4264400
20151007,40.5500,40.6000,40.0900,40.3400,4873900
20151008,40.8700,40.8800,40.2100,40.3500,4107800
20151009,40.4500,40.9100,40.1700,40.8100,4191000
20151012,40.4600,40.6000,40.2300,40.3600,2954100
20151013,39.8400,40.4000,39.7900,40.1500,4179200
20151014,39.2600,39.6700,39.1800,39.6700,5390600
20151015,40.4800,40.5100,39.5400,39.6900,3901700
20151016,40.4900,40.8600,40.1700,40.7300,5699000
20151019,40.1700,40.5400,39.9900,39.9900,5222800
20151020,41.2500,41.6300,40.8000,41.0000,8589700
20151021,40.8400,41.7300,40.8100,41.3700,8357600
20151022,41.6500,41.9600,40.9900,41.0800,8893700
20151023,42.2500,42.4100,41.7700,42.1300,5813700
20151026,41.8900,42.4000,41.8600,42.1700,5035200
20151027,41.7100,41.7400,41.3000,41.5600,5692800
20151028,43.0700,43.1700,41.7500,41.8300,7998100
20151029,42.4500,43.1600,42.3600,42.8900,5229500
20151030,41.6500,42.6700,41.6200,42.4600,8758900
20151102,42.2500,42.3600,41.6500,41.8700,5748600
20151103,42.6500,42.8700,41.9600,42.0900,6070000
20151104,42.5900,42.9100,42.4900,42.6600,4036100
20151105,43.2900,43.4300,42.4100,42.7300,6229900
20151106,44.1900,44.7300,43.8400,44.1500,6391300
20151109,43.6700,44.3400,43.5100,44.3200,5187300
20151110,43.6300,43.9900,43.3300,43.6200,4792800
20151111,43.8400,44.0900,43.6400,43.8900,5618300
20151112,43.1800,43.6700,43.1700,43.5100,4334000
20151113,42.6700,43.2900,42.5500,42.9800,4041300
20151116,42.9300,42.9400,42.3400,42.5700,5529600
20151117,42.9100,43.4400,42.8100,43.1300,3969000
20151118,44.0000,44.0900,42.9100,42.9700,7093800
20151119,43.8300,44.0200,43.6600,43.9700,4400500
20151120,43.7400,44.0300,43.6600,44.0300,4505200
20151123,43.6700,43.9800,43.6000,43.8100,5258400
20151124,43.6800,43.8600,43.1300,43.2500,5456700
20151125,43.9300,43.9700,43.6100,43.8300,4428500
20151127,43.8800,44.0000,43.7500,43.8700,1531000
20151130,43.8400,44.4900,43.7600,43.9200,6478500
20151201,43.9100,44.2700,43.6500,44.0500,5710300
20151202,43.4900,44.1600,43.4200,44.0800,5010600
20151203,42.9800,43.8100,42.8300,43.6700,5661600
20151204,44.0600,44.2200,43.1100,43.2100,8236200
20151207,43.5900,44.1000,43.3500,43.9500,4146200
20151208,43.1500,43.4600,43.0000,43.1800,8365300
20151209,42.4000,43.3000,42.1700,42.8800,10943800
20151210,42.2700,42.7400,42.0400,42.4200,8694000
20151211,40.7700,41.8200,40.5100,41.6600,11148500
20151214,40.3900,41.2700,40.0200,40.9300,13548900
20151215,42.0400,42.2100,40.9900,40.9900,8125100
20151216,42.7000,42.9500,42.0300,42.4600,10555600
20151217,41.2600,42.7800,41.2600,42.6700,7513100
20151218,40.2200,41.0300,40.2000,40.8700,9848900
20151221,40.5900,40.7500,40.1500,40.5500,3485400
20151222,40.9900,41.0300,40.4100,40.9200,10428700
20151223,41.3500,41.3800,41.0500,41.2400,5577000
20151224,41.2300,41.4300,41.1000,41.3400,2485600
20151228,41.1400,41.2300,40.8300,41.0000,2813700
20151229,41.7200,42.0200,41.3300,41.4600,3537600
20151230,41.2800,41.7900,41.2700,41.5900,2308000
20151231,41.2200,41.8100,40.9000,40.9700,6392900
20160104,39.9700,40.2900,39.4800,40.2900,7528200
20160105,39.8200,40.2400,39.5900,39.9400,6996700
20160106,38.8200,39.2300,38.6900,39.1500,7073900
20160107,37.8400,38.6200,37.7300,38.1400,8238400
20160108,37.1500,38.3000,37.0700,38.2000,6984900
20160111,37.4200,37.7300,36.9600,37.6500,5718800
20160112,37.7200,38.1000,37.1600,38.0000,6445200
20160113,36.4600,38.1000,36.2700,38.0100,8969300
20160114,37.0700,37.4100,36.1000,36.7400,7370000
20160115,35.7800,36.2000,35.3400,35.6100,7459400
20160119,35.9300,36.4900,35.7200,36.3800,8179000
20160120,35.4700,35.9000,34.7500,34.8900,12983400
20160121,34.3100,36.0000,34.2400,35.7100,12502400
20160122,35.1500,35.4000,34.6400,34.8200,9117400
20160125,34.6700,35.2000,34.5600,35.0200,8933700
20160126,35.5600,35.7300,34.7500,34.7500,7427700
20160127,35.4300,36.3800,35.1600,35.4100,7119100
20160128,35.3700,35.9800,34.9900,35.7500,7181000
20160129,36.2200,36.2300,35.4300,35.5800,7700000
20160201,35.5000,36.0500,35.2300,35.8600,6557200
20160202,34.2900,35.1200,34.0600,34.9600,8421200
20160203,34.3400,34.5900,33.1600,34.5500,8497200
20160204,34.9500,35.2100,34.1500,34.2700,6187900
20160205,34.4600,35.3700,34.3300,35.0000,5552300
20160208,33.3000,33.8200,32.8100,33.6900,9439800
20160209,33.6000,33.9100,32.4200,32.6000,6777300
20160210,33.5600,34.2700,33.5400,34.0600,7721400
20160211,32.7400,33.0400,32.2000,32.3100,9782600
20160212,33.8300,33.9400,33.0000,33.4200,9234000
20160216,34.5500,34.8300,34.1800,34.4600,8241800
20160217,34.9100,35.3500,34.8600,35.0400,8377600
20160218,34.5400,35.1100,34.4200,34.9600,6913800
20160219,34.9300,35.0100,34.3300,34.4100,7296900
20160222,35.4300,35.6900,34.9300,34.9300,5184600
20160223,35.0600,35.3100,34.7000,35.2900,5033200
20160224,34.7700,34.8900,33.8200,34.2900,5894700
20160225,35.3300,35.3500,34.5200,34.7800,4677600
20160226,36.1200,36.4000,35.5800,35.5900,6652500
20160229,35.3900,36.1000,35.3800,35.9400,7019400
20160301,36.8000,36.8300,35.5900,35.6100,6993900
20160302,37.4200,37.4400,36.6900,36.6900,6846300
20160303,37.6900,37.7200,37.2000,37.3700,5228200
20160304,38.0900,38.4300,37.8100,37.8500,7570000
20160307,38.1700,38.2400,37.4600,37.6700,4698500
20160308,37.4900,37.9000,37.2100,37.6800,6171900
20160309,37.1400,37.8500,37.0000,37.7900,5889700
20160310,36.8700,37.5600,36.2700,37.4400,7147600
20160311,37.7500,37.8100,37.2200,37.3300,6131100
20160314,37.6300,37.7800,37.2200,37.4100,4842200
20160315,37.4900,37.5000,36.9900,37.2400,4695100
20160316,37.1700,37.8600,36.8900,37.3700,6295800
20160317,37.3800,37.4600,36.7000,37.0600,8577200
20160318,38.1500,38.3100,37.5200,37.5900,10530200
20160321,38.1300,38.5600,37.8600,38.2000,5365500
20160322,37.8600,38.0900,37.5600,37.7500,4491500
20160323,37.5200,37.9400,37.4200,37.8900,5096300
20160324,37.2800,37.3200,36.8000,37.0900,3667500
20160328,37.3400,37.5200,37.0500,37.3200,3695000
20160329,36.9700,37.0600,36.5900,36.9400,4907800
20160330,37.1400,37.6600,37.0600,37.3000,5087200
20160331,36.8300,37.3400,36.7200,37.0000,4755500
20160401,36.9300,37.0100,36.3800,36.6600,6374700
20160404,37.0400,37.1900,36.8100,36.9200,4674700
20160405,36.5200,36.8900,36.3900,36.5900,6456800
20160406,36.9700,37.1000,36.4300,36.4700,10732800
20160407,35.6700,36.7400,35.5400,36.6000,4918000
20160408,35.4900,36.1300,35.4400,36.0500,5383400
20160411,35.8600,36.1400,35.6400,35.7600,4004700
20160412,36.1300,36.3300,35.9100,36.0100,5531200
20160413,37.7800,37.7800,36.4300,36.4400,6000600
20160414,38.0600,38.4200,37.5100,37.7100,4652200
20160415,37.8500,38.2700,37.7000,38.0200,5289700
20160418,38.3100,38.3200,37.5500,37.6900,4257700
20160419,38.8400,38.9900,38.3800,38.3800,5092300
20160420,39.7200,39.7200,38.8200,38.8200,7314400
20160421,40.7000,40.9500,39.9200,40.1700,8406700
20160422,41.0600,41.4000,40.5300,40.5800,6815400
20160425,40.6700,41.1500,40.6000,40.8600,6368100
20160426,41.2300,41.2800,40.8500,40.9000,6005800
20160427,41.2800,41.6000,40.9900,41.0600,5129000
20160428,40.6400,41.1600,40.5700,40.8600,5453100
20160429,40.2400,40.5100,39.7500,40.1900,5947600
20160502,40.7700,40.8500,40.0200,40.2800,6055700
20160503,39.8100,40.1200,39.4100,40.0900,4586800
20160504,39.2800,39.7700,39.0700,39.3900,4078000
20160505,39.4000,39.5500,39.0500,39.2800,3790000
20160506,39.5300,39.5900,38.9800,39.1500,3553400
20160509,39.3700,39.7400,39.2300,39.4800,4681300
20160510,40.2400,40.2700,39.5800,39.6900,4115400
20160511,39.8700,40.3900,39.8700,40.0700,5189300
20160512,39.7400,40.4000,39.4500,40.1200,6456800
20160513,39.4400,40.1500,39.3000,39.7500,5393700
20160516,39.7400,39.9500,39.3000,39.3200,3891000
20160517,39.8400,40.1600,39.4500,39.5400,8145800
20160518,41.1400,41.1600,39.8600,39.9000,8032000
20160519,40.8300,41.2600,40.4900,40.8500,5671400
20160520,41.0700,41.4300,40.9600,41.0100,3867200
20160523,40.9700,41.1800,40.6500,40.9300,3587400
20160524,41.6800,41.9600,41.1400,41.2200,4214000
20160525,42.2100,42.5500,41.9200,41.9800,5547200
20160526,42.0300,42.3000,41.7600,42.0900,3524300
20160527,42.2700,42.3600,41.8800,42.1600,4027400
