20150529,64.6000,69.4400,63.1600,69.1600,28412600
20150601,66.4800,67.3100,66.0100,66.6300,17656700
20150602,65.8000,66.5500,65.2700,66.5500,9919000
20150603,65.7000,66.2300,65.4200,65.6500,5683400
20150604,65.7700,66.7700,65.1800,65.3500,10707800
20150605,66.2000,66.2600,65.0300,65.5600,7697600
20150608,65.3200,66.0400,65.1500,65.8500,6939700
20150609,65.0800,65.4200,64.9000,65.2600,7134300
20150610,65.5300,65.8900,65.0500,65.3200,8057000
20150611,65.8500,66.0000,65.5400,65.7800,6107100
20150612,65.2800,65.9500,64.8900,65.6900,6326700
20150615,65.4200,66.1800,64.2600,64.9000,6076400
20150616,65.9700,65.9900,65.1200,65.4700,3350000
20150617,66.3000,66.5000,65.5200,65.7200,6432800
20150618,66.6200,67.2200,66.3200,66.3200,5485700
20150619,66.8000,67.4400,66.4900,66.4900,8432600
20150622,67.0600,67.7300,66.9300,67.3100,4327000
20150623,67.3300,68.1400,67.1600,67.2400,5639600
20150624,66.8100,67.3800,66.7100,67.2900,4104600
20150625,66.8400,67.5900,66.7400,67.0000,5097500
20150626,67.5400,67.6800,66.9400,67.0400,17278000
20150629,65.9700,67.4900,65.9000,67.2400,4710500
20150630,66.5400,66.7100,65.9400,66.6300,6236100
20150701,67.6700,67.7100,66.3600,66.4500,7486100
20150702,67.4800,68.0800,67.3400,67.8700,5204300
20150706,67.5000,68.1900,67.0100,67.1700,5896900
20150707,68.2300,68.3900,67.0900,67.8900,4782000
20150708,67.7400,68.2800,67.4600,67.8800,6179200
20150709,67.8900,68.6600,67.8900,68.4500,4953800
20150710,69.2700,69.4900,68.4000,68.6600,6123600
20150713,69.6600,69.8500,69.2600,69.6500,4573000
20150714,70.0600,70.2800,69.4500,69.6600,3546200
20150715,69.2800,70.4200,69.0900,69.9500,5218000
20150716,69.3800,69.9500,69.3600,69.6800,4139700
20150717,69.2900,69.3500,68.8900,69.2600,3522800
20150720,69.9700,70.5400,69.7200,70.4400,4758200
20150721,68.8700,70.2000,68.8600,70.1100,6107100
20150722,69.3700,69.5500,68.4700,68.7900,7786100
20150723,68.2400,69.6600,67.7400,69.6600,8947000
20150724,65.9800,68.0700,65.9800,68.0700,6866800
20150727,64.3000,65.7000,64.2900,65.7000,9237500
20150728,64.6600,64.7200,64.1100,64.4500,9173100
20150729,64.8900,65.1200,64.3100,64.9900,4920500
20150730,64.4600,64.8300,63.8200,64.5500,4168200
20150731,65.6400,66.7800,64.6400,64.8000,7955200
20150803,65.3400,66.1300,64.6900,65.9500,4611600
20150804,64.8400,65.5500,64.6500,65.4700,3890100
20150805,65.0600,65.4800,65.0500,65.1100,3902900
20150806,63.5400,65.2700,63.3400,65.1300,4732600
20150807,63.4100,63.5900,62.1600,63.5000,7424000
20150810,63.8900,64.3500,63.8400,63.9700,5681500
20150811,62.6600,63.7800,62.3700,63.4100,5409100
20150812,62.3900,62.6000,61.2700,62.3100,6739200
20150813,62.4200,62.6900,61.8000,62.4000,3686900
20150814,63.0800,63.2800,62.4100,62.4500,6060600
20150817,63.4700,63.6100,62.5700,62.7100,3993800
20150818,64.2800,64.6200,63.4600,63.5000,7992200
20150819,64.1200,64.9700,63.2200,63.2700,5245800
20150820,62.7100,63.7900,62.7100,63.4900,5334000
20150821,61.0700,62.8300,61.0100,62.2600,7516400
20150824,58.6500,60.9400,51.8200,57.9900,15215000
20150825,57.8800,60.5400,57.8800,60.1900,8146200
20150826,60.0300,60.1200,57.7500,59.3100,10246500
20150827,60.8200,60.8800,59.4800,60.5100,7446900
20150828,60.6100,61.0500,59.7700,60.2200,5326300
20150831,59.4700,60.9900,59.2800,60.6400,5680000
20150901,58.2000,59.2900,57.9400,58.5500,8879100
20150902,59.6100,59.7200,58.5500,58.9500,7219300
20150903,58.7500,60.9700,58.6100,60.4200,8231100
20150904,57.3000,58.4800,56.9000,58.0800,9288700
20150908,58.9900,59.0800,56.3200,58.3800,11438200
20150909,58.0300,59.5200,57.8600,59.4600,7931500
20150910,58.7500,59.1500,58.0400,58.2200,7520500
20150911,59.2200,59.2800,58.4900,58.5000,9624000
20150914,59.1700,59.8200,58.8200,59.4000,4960600
20150915,60.0900,60.2000,58.8400,59.2800,7190000
20150916,61.6100,61.7700,60.1000,60.2400,9551000
20150917,62.1900,63.1200,61.2800,61.4100,7396400
20150918,64.3400,64.6800,62.0400,62.1800,18650300
20150921,62.7200,64.6800,62.2000,64.4200,10273300
20150922,62.0900,62.9000,61.3500,61.9600,7557900
20150923,61.7400,62.7100,61.4700,62.3500,4766700
20150924,61.8000,62.0200,60.4500,61.2700,6380600
20150925,60.2400,62.4800,59.6300,62.3300,9427800
20150928,57.4600,59.9300,57.0300,59.8000,11017400
20150929,58.9500,59.9200,57.4200,57.9300,10515100
20150930,59.2000,59.6100,58.6100,59.4400,11274700
20151001,60.0500,60.5200,58.9700,59.2600,11280900
20151002,62.2300,63.1800,58.9600,59.0800,13527800
20151005,61.9700,63.2200,61.3300,62.6600,8039900
20151006,59.8800,62.1300,58.3900,61.7700,10075500
20151007,60.5500,61.3800,59.0600,59.9700,8230700
20151008,60.5100,60.8700,59.6000,60.2000,6268600
20151009,61.4400,61.5300,59.8200,59.8800,9492100
20151012,62.7100,62.9000,60.6500,60.9800,5888300
20151013,62.3400,63.3300,62.1300,62.5600,7260600
20151014,62.0800,63.2500,61.9100,62.4000,4457300
20151015,63.6200,63.7200,61.6600,62.0500,4641700
20151016,64.4900,64.7100,63.7600,64.0400,5781200
20151019,65.0800,65.4900,64.2500,64.4900,6023500
20151020,63.8900,64.9900,63.0800,64.9300,5965100
20151021,62.5100,64.2700,61.5000,64.2400,8094400
20151022,63.1800,63.4000,61.6900,62.8700,7908000
20151023,65.1600,65.5500,63.4800,63.5800,8081600
20151026,64.5500,65.7700,64.3500,64.7400,6679500
20151027,66.8000,66.9800,64.9500,65.5000,9075700
20151028,67.5900,68.1700,66.1200,66.8100,6446700
20151029,67.3100,68.4800,66.9800,67.5000,4570400
20151030,65.9500,67.6000,65.9500,67.3400,6458000
20151102,65.7500,66.9000,65.5700,66.5600,7508200
20151103,66.0800,66.2700,65.1000,65.7700,5509100
20151104,65.6200,66.1400,65.0100,65.9400,5241700
20151105,65.5500,66.0000,65.2000,65.7900,3918400
20151106,65.4500,65.5800,64.1400,65.4800,5504000
20151109,64.9900,65.4400,64.5400,65.0800,3987400
20151110,65.0500,65.5900,64.7000,65.0300,4024000
20151111,64.2400,65.3900,64.1900,65.3900,3980100
20151112,63.7200,64.6900,63.6900,64.0900,4037300
20151113,64.1500,64.5300,63.5700,63.7400,6239100
20151116,65.0200,65.1300,63.7100,64.1500,4660300
20151117,65.7300,66.6100,64.6700,64.9300,4959600
20151118,67.6100,67.7100,65.9600,66.0000,6169900
20151119,66.9400,67.8800,66.7400,67.4200,4010200
20151120,67.8200,69.0000,67.1600,67.3700,6052200
20151123,67.9900,68.4600,67.4100,67.8200,5605500
20151124,67.8200,67.9500,67.2400,67.6300,6022000
20151125,68.0800,68.4500,67.5900,67.8200,3706900
20151127,67.8500,68.4400,67.8100,68.0800,1385100
20151130,67.0100,67.9900,66.8500,67.8500,6167700
20151201,68.2600,68.3700,66.9300,67.5400,5529900
20151202,67.7800,69.7100,67.6600,68.6200,5924500
20151203,66.4500,68.0400,66.1400,67.5900,6804400
20151204,69.1100,69.3100,66.8500,66.8800,6775200
20151207,68.8400,69.4500,68.4800,69.0000,4865500
20151208,69.4000,69.8500,68.3500,68.3800,5215200
20151209,68.5600,69.3900,68.2700,69.1000,4814900
20151210,68.9400,69.4200,68.1700,68.5600,3783300
20151211,67.6200,68.9400,67.4700,68.9400,4187000
20151214,68.6400,68.6900,67.3400,67.8900,5966900
20151215,70.2200,70.4800,69.3000,69.3000,8220900
20151216,70.7100,70.8400,69.0700,70.3500,6232300
20151217,69.2800,70.8700,69.2100,70.7900,7068700
20151218,67.6400,69.1800,67.6300,68.8100,9868500
20151221,68.0400,68.6500,67.3100,68.2300,4124000
20151222,68.3100,68.4400,67.3600,68.3000,3320700
20151223,68.9900,69.1000,68.2400,68.5500,4048900
20151224,68.9700,69.2500,68.4400,68.7800,1668200
20151228,69.1700,69.1800,68.6300,68.7600,3004000
20151229,69.7400,70.1400,69.3500,69.4900,4038300
20151230,69.5200,70.0300,69.3500,69.5000,3445200
20151231,68.7900,69.7300,68.7900,69.1200,4007000
20160104,67.0300,67.9100,66.3800,67.4500,7113700
20160105,68.3500,68.9000,67.4200,67.5000,7836700
20160106,67.1500,68.2700,66.8500,67.4700,6691400
20160107,65.2900,66.6900,64.9500,65.8500,8436600
20160108,63.6300,65.7900,63.5000,65.6000,9076400
20160111,62.9800,63.9900,61.9800,63.7100,10337800
20160112,63.4400,63.7900,62.1200,63.2500,7796200
20160113,61.2800,64.4800,61.1900,63.6000,9706400
20160114,63.5100,63.9100,60.8900,61.3200,9343600
20160115,62.7800,62.9200,61.0700,61.6900,11230600
20160119,63.2100,64.4300,62.5600,63.6100,8463200
20160120,63.5500,64.5800,61.8000,62.2400,8702900
20160121,63.1300,63.9700,62.5000,63.9400,5665200
20160122,64.4000,64.8000,63.6500,64.4600,6644000
20160125,62.9200,64.4200,62.6400,64.2300,7957100
20160126,62.6900,63.0500,61.9200,63.0300,5531500
20160127,61.7100,62.9500,61.1600,62.9400,7537400
20160128,61.1600,64.2500,60.0000,64.1700,17001400
20160129,62.1600,62.6400,61.1600,61.6500,10139300
20160201,60.8200,62.3600,60.0500,61.8700,10195800
20160202,58.8700,60.3000,58.4600,60.0300,9915400
20160203,60.1200,60.1800,57.9400,59.2000,11153900
20160204,59.7000,60.7500,59.1900,59.6200,7987200
20160205,59.6300,60.0600,58.9900,59.7500,7129500
20160208,60.7200,61.1700,58.7700,59.0400,10656000
20160209,61.0200,61.9800,60.0300,60.2700,6391900
20160210,61.0800,62.4200,60.9200,61.2500,5933600
20160211,59.5200,60.2500,58.9400,59.8800,6632300
20160212,60.2000,60.4100,59.1600,60.2000,5979600
20160216,62.1800,62.7200,61.3500,62.7200,7808000
20160217,63.9200,64.0200,61.9600,62.8900,6971400
20160218,63.3200,64.0200,62.9100,63.9500,6338700
20160219,63.8000,64.5400,62.9100,62.9200,5873200
20160222,63.7000,64.4200,63.3300,63.9000,5821700
20160223,62.0700,63.3500,62.0200,63.2800,6293900
20160224,62.2300,62.3600,60.8300,61.8400,4825800
20160225,63.0300,63.0600,62.3000,62.6300,4499900
20160226,62.2500,63.5800,62.2400,63.3500,5345100
20160229,61.9300,62.7300,61.9200,62.2600,7416300
20160301,64.2200,64.2400,61.9200,62.3100,5203800
20160302,64.9000,65.0900,63.7100,64.1800,6150500
20160303,65.0000,65.2400,63.6400,64.4900,8198200
20160304,64.7100,65.2900,64.1700,65.0000,7112000
20160307,66.4900,66.6300,64.4500,64.5000,6979800
20160308,66.2600,66.3600,65.7300,66.1100,6494600
20160309,65.5400,66.6800,64.9500,66.6600,5431200
20160310,64.9400,66.2600,64.4800,66.1700,5992100
20160311,64.9600,65.5900,64.5400,65.1800,7107600
20160314,64.1200,64.7000,64.0100,64.6800,5721800
20160315,63.6800,64.2800,63.3200,63.9700,5400300
20160316,62.6400,64.3200,62.2100,63.3800,8666400
20160317,61.4700,62.6100,60.9800,62.5200,9640100
20160318,62.8300,62.8300,61.0000,61.5400,17343800
20160321,62.7000,62.8800,62.1300,62.5300,4002100
20160322,62.8000,63.2500,62.3800,62.5800,5756300
20160323,62.3400,63.0800,62.2600,63.0800,3651500
20160324,62.5200,62.5600,61.7300,62.1800,5342100
20160328,62.7700,63.1500,62.2200,62.5800,4699300
20160329,64.1900,64.4500,62.3300,62.4500,6146300
20160330,63.4400,64.1600,63.2000,63.9600,4489200
20160331,63.8800,64.0400,63.3000,63.6000,5719200
20160401,64.9100,65.1900,63.5000,63.6600,5800800
20160404,65.9700,66.3300,64.7700,65.0100,5720300
20160405,65.7600,66.8000,65.6000,65.8300,4306800
20160406,66.5400,67.1400,65.7600,65.7600,5715400
20160407,66.2800,66.6300,65.6000,66.0500,5580000
20160408,66.0700,66.9300,65.6400,66.8300,4255900
20160411,65.9800,66.4900,65.7700,66.2000,3527400
20160412,66.8400,67.2900,65.8600,65.9600,4337000
20160413,67.5700,67.6600,66.4200,67.0000,5607200
20160414,67.8700,68.3100,67.5200,67.6600,3413700
20160415,68.0500,68.3000,67.5700,67.9400,3237300
20160418,68.8600,68.9500,67.5900,68.0800,3332900
20160419,68.9100,69.7400,68.1900,68.8500,3982300
20160420,69.2300,69.5500,68.4100,69.1800,6889200
20160421,70.1600,70.2400,68.8800,69.0200,5373300
20160422,70.6800,71.0700,70.2500,70.2500,5798800
20160425,70.6300,70.8300,70.0400,70.6100,4215900
20160426,70.8600,71.0700,70.1300,70.6400,4602100
20160427,70.2300,71.0000,68.6100,70.8600,7499600
20160428,72.2600,73.0600,69.5000,71.7800,13653800
20160429,72.1800,72.6900,71.3700,72.0600,9500800
20160502,71.9600,72.3400,71.4900,72.1900,7686200
20160503,71.1300,72.0300,70.7500,71.9500,5741800
20160504,70.7800,70.9500,70.1400,70.4200,6812600
20160505,71.1500,71.1900,70.0400,70.5600,6361600
20160506,71.2200,71.5000,69.8800,71.0000,4768000
20160509,71.3400,71.9800,71.2900,71.3400,5234700
20160510,71.5300,71.7500,70.8500,71.7500,5507000
20160511,70.8100,71.5200,70.6000,71.3200,5288700
20160512,71.2800,71.3900,70.5900,71.0400,4917900
20160513,71.1800,71.9000,71.0000,71.2700,3916200
20160516,72.8300,73.0100,71.0200,71.4200,5010300
20160517,71.2100,72.9700,70.9000,72.2300,10756600
20160518,71.0900,71.8000,70.6400,70.9100,5059200
20160519,70.3300,71.0000,69.5600,70.6300,5414700
20160520,70.7700,71.1600,70.3200,70.5500,5164000
20160523,70.4000,71.0000,69.6100,70.9300,5905300
20160524,71.2300,71.4400,70.8300,70.9400,3872500
20160525,70.6900,71.5700,70.5400,71.3000,5810100
20160526,70.7300,70.9800,70.2900,70.5400,3958900
20160527,71.3100,71.5400,70.7100,70.9400,3612100
