20150529,18.2700,18.6200,18.0500,18.1500,33431700
20150601,18.5100,18.6100,18.2300,18.3600,10199500
20150602,18.2900,18.4500,18.2400,18.4500,6790900
20150603,18.2300,18.3900,18.1700,18.3600,5717600
20150604,17.9100,18.1800,17.8600,18.1300,6965000
20150605,17.8500,17.9200,17.7200,17.9000,5828100
20150608,17.7000,17.8500,17.5300,17.8200,13034200
20150609,17.3900,17.7600,17.3600,17.6900,11875700
20150610,17.7400,17.7600,17.3800,17.5000,11729700
20150611,17.8100,17.9200,17.6400,17.7400,7874200
20150612,17.5600,17.7900,17.5300,17.7400,5390700
20150615,17.3700,17.4500,17.2100,17.4200,8346500
20150616,17.5800,17.6300,17.3100,17.3400,7131200
20150617,17.6100,17.7700,17.5600,17.6300,6413100
20150618,18.0200,18.0400,17.6500,17.6500,9627500
20150619,17.8400,18.0900,17.8200,18.0000,25850700
20150622,17.8900,18.0700,17.8900,17.9300,6729500
20150623,17.9500,18.0600,17.9100,17.9300,8247500
20150624,17.9400,18.0500,17.8500,18.0100,7616900
20150625,18.2300,18.2800,17.9300,17.9700,9633300
20150626,18.0900,18.3500,18.0100,18.2900,10722800
20150629,17.8100,18.2500,17.7800,17.9100,11824100
20150630,17.7000,18.0000,17.6200,17.9900,13621700
20150701,17.8000,17.9600,17.7000,17.8200,8344500
20150702,17.5700,17.8000,17.4800,17.8000,7220500
20150706,17.5500,17.6800,17.4200,17.4200,11220600
20150707,17.7900,17.8300,17.3900,17.6600,9335300
20150708,17.4500,17.7400,17.4500,17.6800,9052400
20150709,17.4500,17.6800,17.4500,17.6700,6763300
20150710,17.6000,17.7300,17.5100,17.6600,7325200
20150713,17.6700,17.8900,17.5700,17.7900,8891700
20150714,17.8900,17.9500,17.6800,17.7000,8237500
20150715,17.7300,17.8700,17.5700,17.8700,4523000
20150716,17.9500,17.9500,17.7700,17.8700,4125900
20150717,17.9400,17.9900,17.8100,17.9200,5926800
20150720,17.8800,17.9800,17.8400,17.9200,4135900
20150721,17.7600,17.8900,17.6200,17.8500,5299800
20150722,18.0200,18.1100,17.7700,17.7800,11203500
20150723,17.6100,17.8600,17.2500,17.7800,18670600
20150724,17.3600,17.7200,17.3100,17.4700,8270700
20150727,17.1100,17.4000,17.0400,17.3400,8747900
20150728,17.5100,17.5100,16.9600,17.2000,10517600
20150729,17.3200,17.5700,17.2500,17.5200,7823600
20150730,17.2500,17.3700,17.1400,17.2600,5797700
20150731,17.3400,17.4700,17.2400,17.3400,6842400
20150803,17.1100,17.4000,16.9900,17.3800,8510000
20150804,17.0900,17.2400,17.0500,17.1900,5972500
20150805,17.6700,17.6900,17.1800,17.2000,11585100
20150806,17.4200,17.7500,17.3300,17.6200,8602600
20150807,17.2900,17.4500,17.0500,17.4200,6834300
20150810,17.3300,17.4800,17.2300,17.4100,5290400
20150811,17.1400,17.3800,17.0700,17.2500,4035200
20150812,17.3100,17.3100,16.7500,17.0200,9497200
20150813,17.2500,17.5600,17.2200,17.3300,5680000
20150814,17.4300,17.4300,17.1200,17.2000,7934400
20150817,17.5700,17.5900,17.1900,17.3200,5539500
20150818,17.5600,17.6300,17.4200,17.5000,6309400
20150819,17.3600,17.5700,17.2400,17.4800,6310600
20150820,16.8700,17.3100,16.8600,17.2700,8041300
20150821,16.3500,16.7500,16.3200,16.7100,11847300
20150824,15.8500,16.0000,14.1800,15.3800,11303800
20150825,15.7800,16.4600,15.7800,16.0200,11695700
20150826,16.3700,16.3800,15.6800,16.1300,11469000
20150827,16.9400,17.1500,16.5700,17.0500,11911000
20150828,17.0700,17.0700,16.8500,16.8900,8056200
20150831,16.7400,17.1300,16.7100,17.0400,5975700
20150901,16.0900,16.4100,15.9600,16.3500,10265300
20150902,16.5100,16.5100,16.1600,16.3000,7199000
20150903,16.5300,16.7800,16.4500,16.5500,6513900
20150904,16.2400,16.4300,16.0000,16.3000,5427900
20150908,16.9500,16.9600,16.4500,16.5400,10884400
20150909,16.6300,17.1200,16.5800,17.1200,7073600
20150910,16.7800,16.9100,16.5800,16.6000,7546500
20150911,16.8900,17.0300,16.6300,16.7300,5114600
20150914,16.7300,16.9400,16.6600,16.8700,4588400
20150915,17.0800,17.1800,16.7200,16.8300,10293000
20150916,17.1100,17.1900,16.9300,17.0600,5215400
20150917,17.2000,17.4300,17.0800,17.2200,8475400
20150918,16.7500,17.1400,16.7300,16.9400,11096900
20150921,16.7200,16.9600,16.5500,16.8800,8365000
20150922,16.5500,16.6900,16.4000,16.5600,5103600
20150923,16.7500,16.8900,16.5000,16.5800,6697800
20150924,16.7900,16.9000,16.6100,16.6300,8841000
20150925,16.3100,17.0300,16.2600,16.9500,8928200
20150928,15.8800,16.4500,15.8300,16.3700,12272500
20150929,16.0000,16.1900,15.7300,15.8800,9296600
20150930,16.4100,16.4600,16.1100,16.1900,14058400
20151001,16.6900,16.7100,16.3300,16.5000,9982700
20151002,16.9200,16.9300,16.2500,16.4300,12171000
20151005,17.0700,17.4800,16.9500,17.3800,11321700
20151006,16.5700,17.1300,16.4200,17.0500,14237700
20151007,16.8200,16.8500,16.5300,16.6600,11441300
20151008,16.7900,16.8800,16.4300,16.8400,8714500
20151009,16.8800,16.9400,16.6700,16.7800,8346800
20151012,16.9400,16.9800,16.6200,16.8400,8284200
20151013,16.7300,16.9300,16.6900,16.8400,6035900
20151014,16.6600,17.0000,16.6100,16.7400,7783800
20151015,16.8500,16.8900,16.5400,16.6800,7456700
20151016,17.0700,17.1900,16.8400,16.9600,5755300
20151019,17.0800,17.2000,16.8800,17.0700,6423800
20151020,17.1900,17.2400,16.9500,17.0600,8056600
20151021,17.1900,17.3000,16.9400,17.2600,10734700
20151022,16.4200,17.2500,16.2700,17.2100,16967800
20151023,16.7300,16.8600,16.4900,16.4900,8740300
20151026,16.7000,16.9300,16.6100,16.7300,7441900
20151027,16.8200,16.8700,16.6400,16.6800,9835800
20151028,18.4000,18.4100,17.2900,17.3000,27839900
20151029,18.1800,18.4100,17.9400,18.3800,13897300
20151030,18.2800,18.4000,18.1300,18.1900,10157300
20151102,18.8600,18.9200,18.2300,18.2800,13118600
20151103,18.6700,18.7700,18.4900,18.7600,7958500
20151104,18.6700,18.7500,18.4300,18.6900,7518800
20151105,18.9400,19.0600,18.5500,18.7000,9920500
20151106,18.7800,18.9700,18.6400,18.8900,13546800
20151109,18.5900,18.7600,18.4300,18.6700,8181600
20151110,18.8000,18.8900,18.5300,18.6000,7812500
20151111,18.0100,18.2700,17.9200,18.1300,21238300
20151112,17.7400,18.1500,17.7400,18.1100,8626300
20151113,17.5100,17.8100,17.5000,17.7200,8375200
20151116,17.7400,17.7900,17.5000,17.5200,9254900
20151117,17.5800,17.8200,17.5400,17.7200,8339700
20151118,17.7700,17.8200,17.4600,17.6800,14926200
20151119,17.6200,17.8200,17.5100,17.7500,6045500
20151120,17.8700,17.9800,17.6900,17.7800,8357500
20151123,18.1000,18.2000,17.8300,17.8500,11663700
20151124,18.3200,18.5800,17.9200,17.9800,11863700
20151125,18.3800,18.4000,18.2700,18.3000,5379100
20151127,18.3300,18.5200,18.3000,18.4000,2058000
20151130,18.2800,18.4700,18.2400,18.4000,6137400
20151201,18.5200,18.5400,18.2100,18.4500,9490000
20151202,18.4100,18.6200,18.3800,18.5000,6003000
20151203,18.0400,18.5400,17.9900,18.4100,7863600
20151204,18.5100,18.5200,18.0600,18.0900,7113200
20151207,18.5700,18.6000,18.2900,18.4500,8677900
20151208,18.7300,18.7700,18.3700,18.4600,14705600
20151209,18.4800,18.8500,18.4000,18.5800,11206400
20151210,18.4400,18.6600,18.3500,18.4700,8065500
20151211,18.1000,18.3500,18.0000,18.1900,8970400
20151214,18.3900,18.5400,18.1400,18.1500,9396100
20151215,18.6600,18.7500,18.5100,18.6000,8591000
20151216,18.8800,18.9400,18.5000,18.8600,8055900
20151217,18.6000,18.9000,18.5700,18.8600,6507200
20151218,18.1900,18.5100,18.1300,18.4500,13336900
20151221,18.2700,18.3600,18.1200,18.3100,5199100
20151222,18.4900,18.5300,18.0200,18.3700,7737100
20151223,18.7400,18.7800,18.5200,18.6100,4657600
20151224,18.7200,18.8400,18.6400,18.6500,1867100
20151228,18.7300,18.7400,18.4800,18.6400,3303700
20151229,18.7400,18.8600,18.6400,18.8200,5213600
20151230,18.6100,18.8000,18.5400,18.7500,3734900
20151231,18.4400,18.6600,18.4400,18.4800,5367000
20160104,17.9900,18.1600,17.8100,18.1600,9717000
20160105,18.1800,18.2700,17.9900,18.0000,6736800
20160106,18.0000,18.2300,17.8600,17.9400,7995800
20160107,17.6400,17.9000,17.4800,17.6400,7766700
20160108,17.4300,17.7200,17.3700,17.7000,9192900
20160111,17.1300,17.5100,16.9500,17.4800,12281300
20160112,17.7900,17.8600,17.1800,17.2400,14943500
20160113,17.5500,18.3800,17.5200,17.8900,21192200
20160114,18.1600,18.3300,17.5500,17.6300,13200400
20160115,17.8700,18.0400,17.6100,17.7000,13599700
20160119,17.5700,18.3300,17.4000,18.0300,15002600
20160120,17.5400,17.7000,16.8700,17.3200,12447500
20160121,17.5600,17.8200,17.3700,17.5800,10284200
20160122,17.8500,17.9300,17.7000,17.8100,6212500
20160125,17.5300,17.9700,17.4600,17.8100,9303100
20160126,17.3800,17.6600,17.3300,17.6200,10803500
20160127,17.2200,17.5600,17.1300,17.3700,9347800
20160128,16.9000,17.3100,16.6800,17.2800,8068900
20160129,17.5300,17.5700,17.0100,17.0200,10999100
20160201,17.8800,18.0200,17.2700,17.4500,14881600
20160202,17.8400,17.9400,17.5900,17.6300,12759900
20160203,17.7300,18.0000,17.3100,18.0000,14871900
20160204,17.3400,17.5000,16.6700,17.2500,29530600
20160205,16.6200,17.4300,16.5800,17.2500,16835100
20160208,16.0700,16.5100,15.6700,16.4500,16370100
20160209,16.8700,16.9600,16.2500,16.4200,19771200
20160210,16.9200,17.2600,16.8800,16.9900,9801600
20160211,16.5800,16.8000,16.4200,16.6000,9687900
20160212,16.6400,16.7400,16.4000,16.7000,6077800
20160216,17.1600,17.2300,16.6200,16.7800,9242600
20160217,17.5700,17.6300,17.1500,17.4000,9742300
20160218,17.2100,17.7000,17.1800,17.5400,7226900
20160219,17.1600,17.2500,16.9800,17.1800,6812100
20160222,17.2600,17.4000,17.1600,17.1600,6137000
20160223,17.2400,17.3400,17.0800,17.1100,7192400
20160224,17.3300,17.3800,17.0900,17.1400,7991300
20160225,17.3200,17.5400,17.1700,17.4800,10619500
20160226,17.2100,17.4800,17.1900,17.3500,11610700
20160229,16.9800,17.2500,16.9800,17.1700,10587700
20160301,17.2200,17.2700,16.8200,17.0200,8712600
20160302,17.3700,17.4000,17.0000,17.1800,10879900
20160303,17.4100,17.4600,17.2400,17.2600,6901400
20160304,17.4400,17.6100,17.3000,17.4200,4916300
20160307,17.3300,17.5100,17.2800,17.2900,5302200
20160308,17.3500,17.4300,17.1900,17.2300,6717600
20160309,17.4200,17.4300,17.1300,17.4100,8407400
20160310,17.4800,17.5800,17.2200,17.4600,8740700
20160311,18.0500,18.0900,17.5500,17.5500,8311000
20160314,18.1400,18.1800,17.8300,17.9000,7679900
20160315,17.9100,18.1800,17.8300,18.0200,5603700
20160316,17.8900,17.9500,17.7000,17.8800,4479900
20160317,17.9300,18.0000,17.5800,17.9000,9702800
20160318,18.1200,18.3000,17.9300,18.0000,10605400
20160321,18.1100,18.1100,17.8700,18.0300,6185500
20160322,18.2900,18.4700,17.9500,17.9600,9630000
20160323,18.1600,18.3700,18.0700,18.3500,6881100
20160324,17.9300,18.0700,17.7800,18.0200,4358500
20160328,18.0400,18.0700,17.8700,18.0000,5242600
20160329,18.5500,18.6300,17.9900,18.0400,10413400
20160330,18.8200,18.8400,18.5100,18.6000,12500300
20160331,18.8100,18.8900,18.6100,18.8500,8783900
20160401,18.9400,19.0000,18.6500,18.7200,8320200
20160404,19.4700,19.4800,18.9300,18.9500,12221400
20160405,19.1700,19.5500,19.1500,19.3000,10278500
20160406,19.5600,19.6700,19.1400,19.2600,11935300
20160407,19.2900,19.5500,19.1800,19.4800,9540300
20160408,19.3100,19.4900,19.2200,19.4500,4964400
20160411,19.1700,19.3400,19.1100,19.2700,6997600
20160412,19.3100,19.3400,19.1400,19.2200,4280900
20160413,19.5700,19.5900,19.2800,19.4000,6102200
20160414,19.5500,19.6200,19.4900,19.5800,4826200
20160415,19.4600,19.5600,19.3500,19.5500,6443600
20160418,19.4700,19.5400,19.3400,19.4600,8677000
20160419,19.6700,19.6700,19.4800,19.5200,10021800
20160420,19.6500,19.8000,19.3800,19.7400,8892200
20160421,19.5900,19.7200,19.4900,19.6500,6333900
20160422,19.7600,19.8400,19.5200,19.6500,8130200
20160425,19.7400,19.8400,19.6600,19.7200,9718300
20160426,19.6900,19.8700,19.5900,19.8400,12251200
20160427,21.8900,22.0500,20.9700,21.4500,47069900
20160428,21.8300,22.4200,21.7000,22.0700,29399400
20160429,21.9200,21.9600,21.6500,21.6500,11595800
20160502,22.0000,22.2200,21.8400,21.9200,11017400
20160503,21.7800,22.0200,21.6000,21.8900,8305800
20160504,21.8100,21.8900,21.4800,21.6700,9223900
20160505,21.8000,21.9200,21.7000,21.7700,8021400
20160506,22.0300,22.0800,21.6400,21.7200,9714600
20160509,22.1400,22.2200,21.9600,22.0000,8008100
20160510,22.2200,22.2500,22.1000,22.2000,7048100
20160511,22.0600,22.2500,22.0400,22.1500,5063800
20160512,22.0500,22.2100,21.8400,22.2100,5704300
20160513,22.3500,22.3600,21.9200,22.0000,16792500
20160516,22.6700,23.0100,22.3200,22.3700,22888300
20160517,22.3100,22.7400,22.1700,22.6700,11428400
20160518,22.2900,22.4200,22.0800,22.2700,8753700
20160519,22.1700,22.3100,22.0200,22.1500,7414400
20160520,22.3700,22.5200,22.2100,22.2900,8533200
20160523,22.3600,22.5000,22.0000,22.1500,6976500
20160524,22.5300,22.6500,22.3900,22.4800,12421100
20160525,22.3900,22.6200,22.3200,22.5400,8638200
20160526,22.5600,22.6400,22.2900,22.3700,5907000
20160527,22.5800,22.6400,22.5000,22.6000,5446200
