20150615,33.5000,34.9500,33.5000,34.0000,938800
20150616,32.9400,34.0000,32.7500,33.7500,4433200
20150617,32.0500,34.0900,31.9500,33.0500,797400
20150618,32.4900,32.8500,31.5000,31.9900,2010300
20150619,31.8900,32.7500,31.7800,32.7500,1409300
20150622,31.9500,32.7200,31.5200,32.7200,1956900
20150623,32.2500,32.3900,31.7900,32.3900,1359200
20150624,32.7500,33.5800,32.3600,33.5400,1874200
20150625,32.9000,33.7500,32.7500,32.7500,1446300
20150626,33.1500,33.9000,32.4700,32.6000,638800
20150629,33.0900,33.7500,33.0000,33.0000,3321300
20150630,31.9400,33.7500,31.7500,33.6500,6304800
20150701,31.5000,34.5000,30.5800,32.8800,14868300
20150702,31.0300,32.4000,30.8800,31.5900,11614700
20150706,31.7100,31.7500,30.3300,30.8000,5942200
20150707,31.9400,32.0200,31.2500,31.7000,6524000
20150708,31.1500,32.2000,31.0900,31.5000,5131600
20150709,30.0600,31.5500,30.0100,31.3100,6773300
20150710,30.8500,30.9500,30.1300,30.5300,5027800
20150713,30.2300,31.0800,30.1200,30.6800,5388600
20150714,30.4700,30.5400,29.8300,29.9100,6237100
20150715,30.9700,31.0500,30.1500,30.2500,6800100
20150716,31.4600,32.0700,30.9700,31.1200,8446500
20150717,32.6900,32.9900,31.2000,31.4600,5829800
20150720,32.3800,32.7200,32.2800,32.5000,2204400
20150721,32.2100,32.5200,31.8400,32.2800,2319800
20150722,31.8400,32.1800,31.5000,31.8700,2855800
20150723,31.2900,32.2500,30.7400,32.1500,4578100
20150724,30.8900,32.2500,30.5900,30.9600,4566500
20150727,30.6000,31.1100,30.1000,30.8000,5341100
20150728,30.4400,30.7400,30.0200,30.5600,5111300
20150729,30.9200,32.3800,30.6000,30.8100,8018100
20150730,31.9100,32.1500,30.4500,30.5100,5621700
20150731,32.8300,33.0000,31.9100,32.1600,6420900
20150803,33.1500,33.5900,32.5000,32.5800,5183400
20150804,37.1000,39.7500,36.1400,36.8600,41139400
20150805,37.3000,38.2500,36.2100,37.2000,7187500
20150806,37.3900,38.4400,37.3600,37.3800,5781100
20150807,37.6000,37.9400,36.9720,37.4600,4557400
20150810,39.7900,40.2400,37.8700,37.9600,7011600
20150811,38.7200,39.0800,38.0000,38.9500,5567400
20150812,38.1100,38.5600,37.9000,38.1300,4018200
20150813,38.2500,38.8700,37.7500,38.0600,5792900
20150814,39.4400,39.5200,38.1120,38.2500,4071300
20150817,40.3500,40.5500,39.0900,39.5500,5575700
20150818,39.9200,40.9000,39.7950,40.0600,4181800
20150819,40.2900,40.7500,39.4700,39.5400,2645900
20150820,39.6700,40.4100,39.6500,40.1200,4592900
20150821,36.4600,39.2000,36.2200,38.3600,6894300
20150824,34.3400,34.4400,29.8300,30.9200,7502100
20150825,34.7300,37.3200,34.7300,37.3200,3019400
20150826,35.4500,36.0000,34.7500,35.5300,3528700
20150827,36.4300,36.9900,35.1200,35.6100,2802900
20150828,35.2500,37.9600,34.5000,36.2400,4794800
20150831,35.1500,35.7900,34.7700,35.1200,4492200
20150901,34.6800,35.3300,34.0000,34.0000,2771900
20150902,35.0300,35.0600,34.2700,34.6000,3138300
20150903,36.1400,37.1600,35.4400,35.7300,3892400
20150904,36.0800,36.5000,35.3800,35.5500,2018900
20150908,35.2200,36.5700,34.9600,36.5500,3646100
20150909,34.2200,35.8300,34.0950,34.5500,3395800
20150910,35.0100,36.2000,34.1700,34.3100,3794900
20150911,35.8100,35.8200,34.5500,34.6900,1874000
20150914,37.3500,37.7500,36.3700,36.5700,3970000
20150915,37.0600,37.6000,36.0700,37.3500,3052600
20150916,37.0700,37.6300,36.6500,37.1200,1694800
20150917,36.8600,37.3500,36.1000,36.2600,2267900
20150918,36.9000,37.8900,36.1000,36.5500,6001100
20150921,36.0700,37.0400,35.1100,36.7200,2544900
20150922,35.2000,36.0000,34.9000,35.3300,2323200
20150923,34.5900,35.4700,34.3400,35.4100,1720900
20150924,34.1100,34.6780,33.7400,34.5500,3150000
20150925,32.9600,34.4000,32.7900,34.2100,3186800
20150928,31.1600,33.2700,31.1100,32.3700,4900500
20150929,31.0700,32.8700,30.7000,31.1200,5301800
20150930,31.5100,32.0000,30.8000,31.8400,4613500
20151001,32.0900,32.1500,30.7100,31.0300,3758300
20151002,32.4400,32.4900,30.7700,30.8400,3431600
20151005,32.3600,32.6500,31.7800,32.4600,2311400
20151006,31.2600,32.3500,30.5100,31.2400,4855300
20151007,30.9400,31.6600,30.7300,31.3600,4101300
20151008,31.0900,31.3700,30.5000,30.5100,4739900
20151009,31.0300,31.5300,30.6900,30.6900,4712100
20151012,31.1900,31.7500,31.0200,31.0400,2975500
20151013,30.7700,31.5000,30.7100,31.0200,4025000
20151014,31.0300,31.3000,30.6600,30.7500,2160500
20151015,33.3700,33.4900,31.0500,31.5550,4941600
20151016,32.9600,33.7500,32.4400,32.7500,1600300
20151019,33.0600,33.4600,32.2300,32.8000,1948500
20151020,32.0900,33.1400,31.9000,32.7000,2351600
20151021,31.7300,32.8200,31.5300,32.4500,3031200
20151022,31.3600,32.0000,30.9600,31.8100,2615600
20151023,33.4100,33.6000,31.5000,31.5800,4820000
20151026,33.8400,34.0800,32.8900,33.3700,3528700
20151027,34.8400,34.9300,33.7800,34.0500,3353200
20151028,35.9700,36.0000,34.3400,34.6500,2304600
20151029,34.4500,36.7200,34.2000,36.7200,2394800
20151030,34.4600,35.1700,34.3400,34.5000,1918600
20151102,34.8400,35.1750,33.5200,34.4000,2944400
20151103,33.8300,34.7100,33.6600,34.6100,2389100
20151104,34.5200,34.9200,33.2700,34.1200,2031800
20151105,34.2700,35.0700,34.0000,34.5200,1948500
20151106,35.1100,35.3200,33.8300,33.9200,1939300
20151109,34.3500,34.8600,33.7200,34.8500,1858700
20151110,33.6700,34.8000,33.5000,34.4000,1705600
20151111,33.6900,34.0000,33.1000,33.6400,2061200
20151112,33.2500,33.6900,32.8500,33.3000,2250600
20151113,33.7900,34.2300,32.7600,33.1700,3282700
20151116,34.4800,34.5100,33.0700,33.7300,1824000
20151117,34.5400,34.9900,33.8700,34.3800,2187300
20151118,34.4400,34.6900,33.9900,34.3200,2313400
20151119,34.4800,34.5400,33.5400,34.1300,2054000
20151120,34.3300,35.1000,33.6600,35.1000,2670700
20151123,33.5300,34.3000,33.4000,34.2400,2304400
20151124,35.6700,37.5000,32.4000,33.2000,7187800
20151125,35.7800,37.0600,35.0100,35.8800,4581200
20151127,35.6500,36.0650,35.2500,35.8100,1342900
20151130,34.3800,35.6500,34.2600,35.6100,7499000
20151201,34.6300,35.0600,33.9400,34.5000,2651700
20151202,35.6300,36.3700,34.5700,34.6100,3303800
20151203,34.9800,35.9200,34.7100,35.6300,4067600
20151204,35.8300,35.9700,34.5000,35.2000,2606500
20151207,35.7300,35.9200,34.8600,35.7500,3991000
20151208,36.9600,37.0600,35.2500,35.4600,3701300
20151209,37.2100,38.8000,36.8300,36.8300,4481300
20151210,37.6800,38.1800,36.9360,37.2400,2217800
20151211,37.0400,39.2000,36.5330,37.0700,6580700
20151214,38.1600,38.5000,37.1500,37.5100,4121800
20151215,37.1000,38.7500,37.0000,38.7100,3222000
20151216,37.6000,38.0800,36.8300,37.2400,4834000
20151217,37.2400,37.8350,36.9600,37.5100,3045000
20151218,38.4200,38.6500,36.8800,37.0400,8613400
20151221,38.0600,38.9000,37.3300,38.8000,2944400
20151222,39.7900,40.2400,37.2200,37.9000,7469800
20151223,39.3300,40.1000,39.1000,40.0000,2373700
20151224,39.2700,39.5500,38.9200,39.2300,1021200
20151228,38.4900,39.5000,38.4200,39.2500,1693200
20151229,39.3900,39.4600,38.3500,38.5200,1906200
20151230,39.1000,39.4000,38.7800,39.2500,2295000
20151231,39.0300,39.3700,38.3050,38.8100,1688300
20160104,41.1700,41.2600,39.8290,40.5800,12289400
20160105,41.5100,41.5900,40.5200,41.0200,6297300
20160106,39.3000,41.2700,38.4900,40.8600,12839300
20160107,40.4600,41.6500,38.0100,38.5600,10486500
20160108,40.0100,41.2600,39.8200,41.1000,6477700
20160111,39.1000,41.1900,38.6600,40.0100,39669200
20160112,40.3100,40.4000,39.4800,40.0900,23215300
20160113,40.3200,41.3800,40.2900,40.7500,18334100
20160114,41.0100,41.0900,40.0800,40.3800,10274100
20160115,40.1300,41.0000,40.0000,40.2800,11554800
20160119,40.7000,41.1700,40.3100,40.7300,12332800
20160120,40.2500,40.6800,39.6900,40.1200,8618300
20160121,40.6900,40.9400,39.8700,40.1000,9991100
20160122,41.8000,41.8500,40.9300,41.0100,6275900
20160125,41.6200,42.3800,41.5000,41.5800,7043400
20160126,41.0500,41.7600,40.8400,41.7600,6687300
20160127,40.1200,41.2100,39.9600,40.7500,12046100
20160128,39.8500,40.1000,38.6600,39.8200,32692600
20160129,40.0100,40.4000,39.4200,40.3800,8322400
20160201,40.1700,40.3100,39.6600,39.8600,8557100
20160202,39.7900,40.1400,39.4550,40.0600,5605600
20160203,39.0900,40.0500,38.5800,40.0500,5836500
20160204,38.8900,39.5800,38.7800,39.5800,8250200
20160205,37.9800,39.0000,37.9100,38.9900,9200600
20160208,36.4600,37.8100,36.1000,37.7100,10727400
20160209,36.7800,37.0200,36.1800,36.3700,5313600
20160210,37.4600,38.0000,36.9000,36.9400,6847500
20160211,37.0200,37.9800,36.6750,37.8300,5152900
20160212,38.6700,38.7100,37.2500,37.2500,6464100
20160216,39.0000,39.0100,38.4850,38.6500,4165500
20160217,40.1100,40.2500,39.3500,39.4300,7433500
20160218,39.3900,39.9700,39.2350,39.8300,3305700
20160219,39.4100,39.6600,38.8900,39.2500,3781500
20160222,39.5300,39.9100,39.3200,39.8300,3532700
20160223,39.3000,39.4800,38.9900,39.2900,3490600
20160224,38.9800,39.0700,38.4700,38.7800,3959300
20160225,39.5000,39.5700,39.0100,39.3000,3634000
20160226,39.1900,39.8400,39.1500,39.5100,4092200
20160229,38.5200,39.2200,38.3000,39.0700,6734800
20160301,39.4300,39.4750,38.5500,38.7600,6976800
20160302,39.9000,40.0900,39.5200,39.6200,7758700
20160303,39.3000,39.7600,39.0750,39.5900,4846000
20160304,39.4700,39.7000,39.0900,39.0900,5099000
20160307,39.7400,39.7800,39.1300,39.2600,8931500
20160308,39.0500,39.7600,39.0400,39.4700,4955100
20160309,39.2200,39.5000,39.0600,39.1600,3655400
20160310,39.4100,39.9300,39.0800,39.6300,8999200
20160311,39.4000,39.8000,38.9250,39.6700,6440500
20160314,39.4000,39.7100,39.1800,39.2000,9454000
20160315,38.1300,39.4300,38.0300,39.1000,7102900
20160316,38.0500,38.4200,37.4400,38.0900,10223400
20160317,38.2500,38.4100,37.8600,38.2200,34022300
20160318,39.0600,39.2400,38.4700,38.5400,14463500
20160321,39.8400,40.1150,39.2800,39.4000,13346200
20160322,40.2000,40.2300,39.7300,39.8000,7692100
20160323,40.0600,40.2850,39.9800,40.0400,8600700
20160324,40.0000,40.3400,39.7100,39.8400,20267000
20160328,39.8000,40.1700,39.6700,40.0500,5795100
20160329,40.3500,40.3600,39.8300,39.9300,6528300
20160330,40.1500,40.7600,40.0800,40.4600,5914600
20160331,40.4000,40.7600,40.1800,40.2000,10818700
20160401,40.8200,40.9350,40.1900,40.1900,9754000
20160404,41.5700,41.9300,40.9600,41.0500,6356100
20160405,38.5000,40.8200,38.2100,40.6600,35987800
20160406,40.6500,41.5900,38.0100,39.0800,50881900
20160407,40.3400,41.2600,39.9800,40.5000,15645300
20160408,40.2600,40.3500,39.8750,39.9700,6094100
20160411,40.3500,40.6700,40.0600,40.4100,5795500
20160412,40.3600,40.6300,39.9500,40.4000,4354200
20160413,41.0000,41.2600,40.2600,40.3000,6679300
20160414,40.7900,41.2900,40.7350,40.8400,7125500
20160415,40.5100,40.9800,40.4500,40.7900,5985000
20160418,41.3400,41.5200,40.5200,40.5500,5345500
20160419,41.2600,41.7400,41.0500,41.2900,7307200
20160420,40.6600,41.3400,40.3500,41.2900,6486500
20160421,41.0800,41.3400,40.6100,40.7100,3588800
20160422,41.3800,41.4100,40.8900,41.1800,3907500
20160425,41.3100,41.4500,40.8900,41.1400,3469500
20160426,41.2200,41.5600,40.8600,41.2200,3870400
20160427,40.8000,41.2500,40.6900,41.0300,4132100
20160428,40.8900,41.7500,40.3500,40.5900,8960300
20160429,41.9500,42.4800,41.5900,42.0300,7898700
20160502,42.1400,42.6800,41.9200,41.9500,10153900
20160503,42.2800,42.8500,41.7700,41.8200,11156000
20160504,41.3700,42.0500,41.2250,41.8000,10163000
20160505,41.3400,41.6100,41.0400,41.2100,8160700
20160506,41.1700,41.4400,40.6700,41.1200,9814300
20160509,42.3500,42.7000,41.5400,41.5400,16163200
20160510,42.9300,43.0600,42.3300,42.4800,9845600
20160511,42.5800,43.3500,42.5700,42.7500,10727900
20160512,41.7800,42.9000,41.4600,42.7500,16706500
20160513,42.3900,42.7200,41.7300,41.7800,13578800
20160516,42.8200,42.8900,42.1800,42.3300,12210300
20160517,42.7800,43.2800,42.6050,42.8400,12096100
20160518,43.4400,43.7800,42.8700,42.8800,8747500
20160519,43.7200,44.0600,43.4200,43.9200,12710600
20160520,44.4300,44.6500,44.1900,44.2100,13578800
20160523,44.6100,45.1100,44.4500,44.6200,10144700
20160524,45.0000,45.2800,44.7200,44.9300,15643300
20160525,45.7100,45.7100,45.3300,45.4800,12692600
20160526,45.7000,46.0900,45.4900,45.7900,14171100
20160527,45.5300,46.0080,45.2900,45.8400,43068100
