20150529,30.4500,30.7200,30.3000,30.6100,3120500
20150601,30.1100,30.3900,29.4100,29.9700,4404300
20150602,29.9000,30.1000,29.7300,30.0600,2765800
20150603,30.0200,30.2500,29.8600,29.9600,2008600
20150604,29.6300,30.1400,29.5600,29.8300,3000300
20150605,29.6700,29.8200,29.3200,29.4700,2739500
20150608,29.4400,29.8700,29.3900,29.6200,2347800
20150609,29.4300,29.7200,29.2600,29.3200,3052200
20150610,30.0800,30.2100,29.4300,29.6300,3013700
20150611,30.2700,30.3300,30.1200,30.1600,2377800
20150612,30.1400,30.3300,29.8300,30.1300,1821000
20150615,29.8100,29.9800,29.7300,29.9300,3509700
20150616,30.1700,30.2200,29.6400,29.7300,1932300
20150617,30.2900,30.5000,30.1600,30.2400,2143200
20150618,30.4900,30.5800,30.2100,30.2100,2002500
20150619,30.4800,30.6400,30.3800,30.6100,3365500
20150622,30.6600,30.8800,30.2200,30.2200,2149500
20150623,30.8400,30.8800,30.5400,30.8000,1866000
20150624,30.6700,30.8800,30.6100,30.8300,2575200
20150625,30.1800,30.7400,30.1700,30.7100,2151400
20150626,29.8900,30.3300,29.7400,30.2200,2307600
20150629,29.0700,29.7000,29.0600,29.4800,3054700
20150630,29.2900,29.4700,28.9600,29.3400,2747500
20150701,29.5100,29.6100,29.2700,29.4900,2255400
20150702,29.5300,29.7500,29.3800,29.5600,1759600
20150706,29.5200,29.7400,28.9600,29.2700,1850200
20150707,30.0800,30.2200,29.1500,29.6200,4220400
20150708,29.8300,30.2500,29.7300,29.8500,3318700
20150709,29.9900,30.4500,29.9800,30.2600,1517400
20150710,30.3400,30.4900,30.1000,30.3100,1725900
20150713,30.6600,30.7100,30.4000,30.4600,1653100
20150714,30.5000,30.7900,30.4900,30.7000,2107500
20150715,30.5200,30.6200,30.2100,30.3600,1515400
20150716,30.7100,30.8200,30.5600,30.7300,1463400
20150717,30.5300,30.7600,30.3900,30.7200,1817000
20150720,30.4900,30.6200,30.2700,30.5300,2276700
20150721,30.5900,30.6400,30.3800,30.4900,3352000
20150722,30.1400,30.6700,30.1100,30.4200,2643700
20150723,29.9000,30.5200,29.8600,30.3200,4950700
20150724,29.0800,29.9900,28.9000,29.8100,6072900
20150727,28.7500,29.2300,28.7200,28.9500,3271500
20150728,29.1400,29.1400,28.4500,28.8300,3869000
20150729,29.2900,29.4100,28.7500,29.0500,3024900
20150730,29.4200,29.5300,28.5200,29.1700,2286500
20150731,29.1400,29.5400,29.0800,29.4900,3443400
20150803,28.9200,29.1800,28.7000,29.0900,3070200
20150804,29.0300,29.1900,28.9200,29.0100,2475500
20150805,29.2000,29.5400,29.0000,29.1800,2430700
20150806,28.9200,29.4700,28.4900,28.4900,2761700
20150807,29.0800,29.1900,28.8400,28.8900,2743000
20150810,29.4700,29.6800,29.1500,29.2400,2107700
20150811,29.4100,29.5600,29.1500,29.3100,2739000
20150812,29.4600,29.5200,28.7500,29.1500,2536400
20150813,29.2300,29.5800,29.1900,29.4100,1727600
20150814,29.3800,29.4800,29.1600,29.2600,1609000
20150817,29.6400,29.6900,28.9800,29.3300,1572000
20150818,29.5300,29.6600,29.3400,29.5900,1730000
20150819,29.3000,29.6600,29.1100,29.3700,3306000
20150820,28.3000,29.0000,28.2800,29.0000,2720300
20150821,27.3300,28.3200,27.3200,28.1100,4432100
20150824,26.4700,26.4700,25.1600,25.7200,7839400
20150825,25.5700,26.7800,25.5400,26.7200,5858600
20150826,26.6100,26.6900,25.9000,26.2200,4624700
20150827,27.1300,27.1900,26.5800,26.9000,2989500
20150828,27.2600,27.4100,26.9900,27.0000,3085500
20150831,27.2900,27.5300,27.0100,27.0700,3000200
20150901,26.5200,26.8800,26.4000,26.6700,5180400
20150902,27.2000,27.2000,26.5300,26.8700,3192900
20150903,27.4600,27.5800,27.1900,27.1900,4019800
20150904,27.0700,27.6700,26.8500,27.0400,3073700
20150908,28.0800,28.1000,27.3100,27.5700,3467200
20150909,27.3900,28.2500,27.3300,28.1400,3017100
20150910,27.5200,27.8300,27.2800,27.3700,3217500
20150911,27.7200,27.8400,27.2100,27.3600,2680900
20150914,27.7400,27.8500,27.5300,27.7600,1862700
20150915,28.1100,28.2600,27.6200,27.6900,1984500
20150916,28.2200,28.3600,27.5500,28.1300,2051700
20150917,27.9500,28.3400,27.8500,28.0800,1896300
20150918,27.5700,27.8900,27.0500,27.5500,3162500
20150921,27.7500,27.9600,27.5700,27.7300,2741700
20150922,27.3400,27.4300,27.0500,27.3500,2229500
20150923,27.3300,27.5100,27.2000,27.4100,1567600
20150924,27.5100,27.7000,27.0100,27.1200,2561800
20150925,27.3600,27.9200,27.1500,27.6800,2747800
20150928,26.7300,27.3500,26.7100,27.2800,3105800
20150929,26.8300,26.9600,26.6400,26.7000,2478700
20150930,27.3000,27.3300,26.7800,27.0900,2612500
20151001,27.3800,27.5400,27.1300,27.2700,3060400
20151002,27.6800,27.6900,26.5100,27.0700,2438000
20151005,28.3400,28.5000,27.8300,27.9700,2708000
20151006,28.4500,28.6100,28.1600,28.2600,2253500
20151007,28.6300,28.7400,28.2400,28.6400,2212700
20151008,28.7800,28.8500,28.4500,28.4900,3176700
20151009,29.0000,29.0500,28.7000,28.8300,1667000
20151012,28.9200,29.1000,28.8000,29.0400,1097400
20151013,28.6900,28.9800,28.6900,28.7900,1330200
20151014,28.6400,28.9100,28.2600,28.6200,1955200
20151015,28.8900,29.0100,28.5700,28.6500,2323200
20151016,28.9200,28.9900,28.5800,28.9900,3448800
20151019,28.4800,28.8300,28.4200,28.8300,3904000
20151020,28.3700,28.5200,28.1600,28.4800,4527800
20151021,27.7100,28.5000,27.6600,28.4600,5179500
20151022,28.0200,28.2600,27.2600,27.3400,6209600
20151023,27.7500,28.1800,27.2600,28.1800,4019200
20151026,27.8800,27.9200,27.5600,27.8100,2355800
20151027,27.3800,27.7600,27.2600,27.6700,2348900
20151028,27.7500,27.8500,27.3200,27.5200,3289000
20151029,27.6900,27.9400,27.3000,27.5800,2819700
20151030,27.7100,27.9000,27.6100,27.8200,2349300
20151102,27.5700,27.7400,27.4400,27.7000,2881000
20151103,27.8600,28.0000,27.5000,27.5600,2917200
20151104,27.6100,28.0500,27.4100,27.9300,2855800
20151105,27.4400,27.7200,27.1900,27.7200,2594600
20151106,27.4000,27.5000,27.1800,27.3700,3817200
20151109,27.0700,27.3500,26.8300,27.3300,2772600
20151110,27.0600,27.0900,26.6800,27.0000,2358300
20151111,27.2000,27.3000,27.0400,27.1900,2189400
20151112,26.7900,27.2100,26.7800,27.0400,1942500
20151113,26.5300,26.9900,26.3500,26.7500,2494700
20151116,26.8700,26.9900,26.4900,26.9300,3195100
20151117,26.9000,27.0700,26.3300,26.5600,2568800
20151118,28.0400,28.1300,26.9000,26.9700,4855200
20151119,28.3400,28.5100,27.6900,28.1000,3223300
20151120,28.2800,28.5300,28.0900,28.5100,2597900
20151123,28.1800,28.5100,28.1700,28.2300,1931000
20151124,28.2000,28.3200,27.9000,28.0600,2676300
20151125,28.0800,28.2300,28.0700,28.2000,1503800
20151127,28.2000,28.3000,28.0700,28.0700,959100
20151130,28.1100,28.3100,27.8300,28.3000,2853900
20151201,28.1900,28.3500,27.9800,28.1800,2418200
20151202,28.0400,28.3300,27.9800,28.1600,1907000
20151203,28.2800,28.6700,27.9900,28.0600,9446300
20151204,29.0000,29.1600,28.2700,28.2900,4222000
20151207,28.4400,29.0300,28.2000,28.9500,3923600
20151208,27.9400,28.3900,27.9200,28.2500,3606500
20151209,27.5700,28.1900,27.4100,27.8700,2780100
20151210,27.6900,27.8800,27.5000,27.5500,2195800
20151211,27.1500,27.6200,27.0900,27.3300,1960500
20151214,27.7400,27.7700,27.1600,27.7100,3835300
20151215,28.1300,28.3400,27.8400,27.9600,3169200
20151216,28.6000,28.6200,28.1600,28.5300,3346200
20151217,28.5000,28.6900,28.1500,28.6600,3590100
20151218,28.2200,28.5200,28.1900,28.5200,6392000
20151221,28.1000,28.5000,27.9100,28.3700,3094600
20151222,28.6600,28.6700,28.1300,28.1400,2263700
20151223,29.1800,29.2200,28.7100,28.8100,2645700
20151224,28.9700,29.2000,28.8700,29.1700,724400
20151228,28.9400,28.9600,28.6100,28.9200,1281400
20151229,29.3500,29.4600,28.9800,29.0500,1935100
20151230,29.1100,29.4500,29.1000,29.2600,1317300
20151231,28.5600,29.0200,28.5600,28.9600,1954800
20160104,28.1600,28.1900,27.7700,28.0900,2665200
20160105,27.8800,28.2700,27.6800,28.1600,3101300
20160106,27.2700,27.5900,27.1500,27.3600,2911300
20160107,26.3800,27.0000,26.3700,26.7600,3658000
20160108,26.3500,26.7800,26.3200,26.5000,3200200
20160111,26.2000,26.6600,25.8800,26.4800,3437900
20160112,26.7700,27.0700,26.4200,26.7800,3618400
20160113,26.3500,27.1000,26.2000,26.9400,3821500
20160114,27.0600,27.2200,26.2700,26.5500,2870900
20160115,26.5300,26.6300,25.9100,26.2100,3810900
20160119,26.1000,26.8900,25.7800,26.7700,4204100
20160120,25.8300,26.0000,25.1800,25.6400,3259400
20160121,26.1700,26.4300,25.6000,25.9600,3174900
20160122,26.7300,26.8400,26.4400,26.8200,2655200
20160125,26.2500,26.6700,26.1500,26.5500,4111800
20160126,26.8500,27.0500,26.2000,26.2000,4212400
20160127,27.7300,28.1500,27.1600,27.4800,6790300
20160128,28.2000,28.2100,27.5500,27.8500,3816200
20160129,28.7300,28.9400,28.2200,28.3400,5516400
20160201,28.4600,28.6200,28.2200,28.4500,3327100
20160202,27.6300,28.1900,27.4000,28.1900,3792700
20160203,27.8700,27.9900,27.2100,27.8700,3478400
20160204,28.1500,28.4000,27.7400,27.7800,3229100
20160205,28.3200,28.3200,27.5000,28.0100,8009200
20160208,27.4500,28.4500,26.9100,28.0000,4677800
20160209,27.5700,27.8800,27.0000,27.1000,4127300
20160210,27.7100,28.3100,27.6700,27.8000,2868900
20160211,27.1500,27.4600,26.8600,27.1700,3871800
20160212,27.7000,27.7100,27.1600,27.3400,3268700
20160216,28.3600,28.3600,27.5000,27.7300,4307900
20160217,28.8100,28.9400,28.4400,28.5900,2840900
20160218,29.1700,29.2200,28.7300,28.7600,3643100
20160219,30.0100,30.1500,28.9200,29.3000,7481300
20160222,29.5300,30.2500,29.4100,30.2300,4165100
20160223,29.2300,29.5200,29.0800,29.4000,3560800
20160224,29.5100,29.5700,28.8200,28.9100,2230800
20160225,29.7800,29.7900,29.2600,29.5900,1516200
20160226,29.3800,29.9600,29.3000,29.9400,2494900
20160229,29.2900,29.6800,29.2300,29.3500,2220500
20160301,30.0700,30.0800,29.4800,29.5000,2049100
20160302,29.6100,30.0600,29.4500,29.9000,3077200
20160303,29.8100,29.8500,29.3200,29.5000,1934800
20160304,29.5600,29.9400,29.4500,29.8800,1982400
20160307,29.7700,29.9400,29.1900,29.4200,1800300
20160308,29.6000,29.8400,29.2700,29.5000,2303800
20160309,30.0700,30.2700,29.4700,29.6700,3473600
20160310,29.9900,30.3000,29.5300,30.0400,2637200
20160311,30.5400,30.5600,30.1300,30.2800,2729900
20160314,30.3200,30.5100,30.2000,30.3800,2368100
20160315,30.2800,30.4900,29.9500,30.3400,2024000
20160316,30.7000,30.7200,30.0400,30.2700,3955500
20160317,30.9200,31.0500,30.5000,30.6100,2472300
20160318,30.7400,30.9200,30.2100,30.2100,4181300
20160321,31.0800,31.2300,30.4800,30.7700,2078000
20160322,31.1100,31.2700,30.8200,30.9800,1399900
20160323,30.6000,31.1100,30.4900,31.0900,2072600
20160324,30.7300,30.8600,30.3800,30.4800,1542700
20160328,30.7300,30.8900,30.4100,30.8900,1682300
20160329,30.7100,30.8700,30.3700,30.6900,3708100
20160330,30.8900,31.2400,30.7700,30.8600,2233200
20160331,30.7900,31.1600,30.7400,30.9200,2703100
20160401,30.9900,31.0000,30.4200,30.6000,3513200
20160404,30.7200,31.1000,30.6900,31.0500,1828100
20160405,30.3500,30.7200,30.3100,30.5500,3685000
20160406,30.4900,30.5700,30.1600,30.4300,2262800
20160407,30.0700,30.5300,30.0200,30.2500,2517200
20160408,30.0400,30.4600,30.0100,30.2700,2171200
20160411,30.0800,30.4600,30.0700,30.1000,3040100
20160412,29.9900,30.3200,29.8200,30.2100,3126900
20160413,30.2800,30.3700,30.0700,30.1700,2607600
20160414,30.0500,30.3800,29.9900,30.2400,2305800
20160415,30.1400,30.2800,29.9500,30.0500,2466000
20160418,30.4000,30.5700,30.0100,30.0800,2086300
20160419,30.3000,30.6500,30.1600,30.5200,2004900
20160420,30.2100,30.5400,30.1500,30.4000,2573300
20160421,30.5100,30.8100,30.4600,30.5000,3440500
20160422,30.1800,30.6300,30.1500,30.4000,2390800
20160425,30.2200,30.4100,30.1000,30.1000,2584300
20160426,30.6000,30.8400,30.3300,30.3800,2298900
20160427,30.7900,30.8700,30.4800,30.5600,2106700
20160428,30.1100,30.7700,29.9600,30.6600,2973200
20160429,29.6600,29.8700,29.4900,29.8300,4616200
20160502,29.6100,29.7700,29.3500,29.6700,3896000
20160503,29.6700,29.8700,29.2800,29.2800,4082300
20160504,29.4100,29.6800,29.3700,29.5200,2310900
20160505,29.3600,29.6300,29.3400,29.4700,2599400
20160506,29.7100,29.7100,29.1200,29.2800,1873500
20160509,29.8100,29.9100,29.5900,29.6800,2694200
20160510,30.1500,30.1800,29.8300,29.9100,2389300
20160511,29.9600,30.2300,29.8100,29.9800,2964300
20160512,31.4800,31.8000,31.1100,31.2500,6883500
20160513,31.5300,31.8200,31.3500,31.4100,3549400
20160516,31.4900,31.7900,31.3200,31.4900,3289600
20160517,31.1900,31.5800,31.0300,31.3400,3028400
20160518,31.3600,31.5200,31.0700,31.1800,2694600
20160519,31.1900,31.4000,30.9200,31.1700,2147500
20160520,31.3100,31.5600,31.2100,31.2400,2780300
20160523,31.0500,31.3300,30.9700,31.3000,3140400
20160524,31.4600,31.4900,31.0100,31.0100,3042200
20160525,31.7800,31.9200,31.4400,31.5200,4434200
20160526,32.0200,32.0900,31.5600,31.7700,3029200
20160527,32.0700,32.1900,31.9400,32.0800,3218100
