20150529,85.3200,86.3300,85.1100,85.7400,4685700
20150601,85.5300,86.3700,84.7000,86.0600,3976900
20150602,86.1700,86.6800,85.0700,85.2100,2817800
20150603,86.2300,87.0600,85.8100,86.6000,2841800
20150604,85.4700,86.4000,85.3200,85.5000,3775200
20150605,86.0500,86.5000,84.9100,85.0100,3937600
20150608,86.1500,86.4800,85.7800,85.8000,3355800
20150609,86.7300,87.6200,86.4200,86.4600,3984900
20150610,88.4800,88.7100,87.3600,87.4500,4717100
20150611,88.1700,88.7600,87.9200,88.6200,2872900
20150612,87.8500,88.4100,87.5700,87.9500,2212800
20150615,87.1300,87.3900,86.3500,87.1400,2721000
20150616,86.5900,87.0200,86.2400,86.7900,2895000
20150617,87.2500,87.5500,86.3200,86.8900,3402800
20150618,87.4400,87.7400,86.8300,86.8300,3372600
20150619,87.5200,87.9600,87.1500,87.2700,3910900
20150622,88.2700,88.3200,87.7100,87.9700,3648600
20150623,88.4500,88.6200,88.0100,88.4200,2539000
20150624,88.1700,88.8100,88.0700,88.7900,3413600
20150625,86.7200,88.3300,86.6600,88.2200,3239100
20150626,86.8200,86.9500,85.8100,86.5000,4387300
20150629,85.3000,86.7400,85.1000,86.2200,4747300
20150630,84.8200,86.2500,84.8000,86.0900,4077900
20150701,83.9500,85.4500,83.5400,85.3900,5296200
20150702,84.3800,84.7800,83.8500,84.5300,2582200
20150706,83.1500,84.1500,82.7300,83.6500,4896600
20150707,83.9900,84.1200,81.8500,82.9900,5192000
20150708,82.2700,83.2300,81.7600,83.0500,4325100
20150709,81.6900,83.7000,81.4600,83.4300,4570700
20150710,82.1500,82.9100,81.8700,82.6400,3495000
20150713,83.6400,84.0300,82.6800,82.8700,4228500
20150714,84.4600,84.6800,83.5200,83.5300,3797700
20150715,84.1600,84.8600,83.7500,84.5500,3661700
20150716,83.7600,84.8900,83.4100,84.7500,3686000
20150717,83.1600,83.6500,82.7600,83.5500,2931500
20150720,82.2500,83.2900,82.1400,83.0600,4291400
20150721,82.2200,82.8900,81.2500,81.8000,4691900
20150722,79.7600,81.1200,79.1500,81.0000,10180700
20150723,76.8800,79.0400,76.6500,77.7000,13909900
20150724,76.1000,77.0900,75.8500,76.9100,9175900
20150727,75.3200,75.7200,74.7700,75.1800,10269600
20150728,77.7800,78.1500,75.7900,75.9200,15699000
20150729,77.3300,77.4600,76.5100,77.3000,13794800
20150730,78.3500,78.3700,76.6800,76.9800,7386200
20150731,78.6300,79.0400,78.1500,78.6000,6203600
20150803,77.2600,78.4300,76.7500,78.4200,6443300
20150804,76.6000,77.8600,76.3200,77.3300,5822300
20150805,76.8800,77.9200,76.7200,77.5000,4581900
20150806,77.4600,77.6500,76.1800,76.9800,5609500
20150807,77.2900,78.1500,76.9400,77.5200,7851300
20150810,80.1600,80.3100,77.9000,78.0400,9041600
20150811,78.0400,78.9300,77.2300,78.7300,8992500
20150812,78.9200,79.1200,76.9200,77.3100,7236800
20150813,77.7600,78.5800,77.7000,78.5500,5662500
20150814,78.4900,78.7300,77.6000,77.6600,3811500
20150817,78.5400,78.6400,77.2100,78.1300,5226800
20150818,78.8200,79.0000,78.1800,78.5100,5146400
20150819,77.4100,78.5400,77.0500,78.2500,5862700
20150820,76.4100,77.8300,76.4100,77.2800,7767300
20150821,75.0000,76.3000,74.9600,75.9400,11805500
20150824,72.8200,74.8800,70.2300,71.8200,15209300
20150825,72.0600,75.4900,72.0300,75.2200,9427200
20150826,73.8700,74.0800,72.5300,73.8200,8288100
20150827,75.6600,76.2200,74.2300,75.0400,8537700
20150828,75.9500,76.0200,74.6300,75.1900,6649500
20150831,76.4400,76.7700,74.9000,75.3200,7019600
20150901,74.9000,75.9400,74.4600,74.5000,9053100
20150902,76.1000,76.1600,74.9500,75.9000,5325900
20150903,74.4500,76.0100,73.7800,75.9500,11077100
20150904,73.1000,73.6600,72.3500,73.0000,12007300
20150908,74.3000,74.6200,73.5600,74.5800,5647800
20150909,72.9600,75.2000,72.7800,75.0000,5859200
20150910,72.4200,73.3100,72.0300,72.8900,6109100
20150911,72.6300,72.9200,71.8800,72.2300,4413800
20150914,72.7700,72.8900,72.0100,72.3500,4231800
20150915,74.5800,74.7400,72.6500,73.0200,5109400
20150916,75.6400,75.8700,74.5800,74.8500,5225800
20150917,74.0600,75.6800,73.9100,75.4000,7745000
20150918,71.8600,73.5000,71.6100,73.3300,9260100
20150921,72.1600,72.8400,71.9100,72.3000,7594900
20150922,71.6800,71.8000,70.6400,71.1200,5717300
20150923,70.2000,71.8100,70.1600,71.6700,4754300
20150924,65.8000,66.7000,64.6500,66.2000,22589600
20150925,64.9800,65.7700,64.7400,65.0000,12365100
20150928,63.7900,64.3200,62.9900,64.2400,12572000
20150929,64.3100,65.3900,63.6000,63.6500,8784400
20150930,65.3600,65.6400,64.1500,64.9500,7850300
20151001,64.3900,66.1000,63.6100,65.6300,7933000
20151002,65.7000,65.7300,63.1000,63.7900,8782700
20151005,69.1800,69.4800,66.5200,66.6900,10661900
20151006,70.8200,71.1500,69.0800,69.5400,9664100
20151007,70.3800,72.7100,69.1500,71.3600,8307700
20151008,71.8400,72.1800,69.8500,70.3200,6091600
20151009,71.3000,72.4900,70.8600,71.8400,5573500
20151012,70.5000,71.5300,70.3200,71.5100,4643500
20151013,70.1700,71.0300,69.2600,69.9600,4724800
20151014,70.7100,71.0600,69.5700,70.1100,4042700
20151015,70.8300,70.9200,69.7600,70.4700,4547900
20151016,69.6800,70.8300,69.1100,70.6200,7989400
20151019,69.2700,69.4700,68.8000,69.2500,5712000
20151020,70.2700,71.1900,68.5100,68.8600,6385800
20151021,69.6700,71.9000,69.5800,70.5900,8679400
20151022,70.8800,72.8300,67.8100,67.9200,13909200
20151023,71.7500,72.4300,70.6600,71.7100,7942500
20151026,71.5200,72.3000,71.4200,71.7900,6254500
20151027,70.3900,71.0800,68.3400,70.1800,8280500
20151028,71.9700,72.1100,70.4800,70.7500,5486900
20151029,71.9700,72.5700,71.2800,71.4900,4321300
20151030,72.9900,73.2800,71.6300,72.2700,7388700
20151102,74.3400,74.6400,72.8300,73.0000,5876500
20151103,74.7500,75.3200,74.2000,74.4400,5006100
20151104,74.5500,75.9300,74.3300,75.3400,5477800
20151105,74.2200,75.5600,73.2100,74.6500,6238900
20151106,73.8400,73.8500,72.3300,73.4200,5538600
20151109,71.8900,73.6100,71.4800,73.4300,5914800
20151110,72.4300,72.5800,71.6300,71.7900,4373800
20151111,71.9100,72.8500,71.8200,72.5400,4190700
20151112,68.6600,70.9900,68.4100,70.8200,8731700
20151113,69.6300,70.1300,68.5000,68.7000,6429600
20151116,70.3900,70.6200,69.2300,69.4800,5167600
20151117,69.3900,70.3600,69.0500,70.1300,4812000
20151118,70.3200,70.4500,69.3800,69.9000,3788300
20151119,70.0200,70.1100,68.6000,69.5000,6296000
20151120,71.1400,71.2100,70.1600,70.4800,6495100
20151123,71.0200,71.9000,70.8900,70.9800,3847600
20151124,71.4000,71.7100,70.4400,70.7800,3846500
20151125,71.4900,71.8900,70.7200,71.7400,3493000
20151127,71.2200,71.5300,70.7000,71.1800,1642100
20151130,72.6500,72.7900,71.1500,71.3300,5632900
20151201,71.5600,72.6400,70.8500,72.3300,6578400
20151202,71.0300,72.1300,70.6200,71.2000,5068200
20151203,69.6400,71.2200,69.3700,71.1500,8130800
20151204,69.9800,70.0300,68.8000,69.3600,5252000
20151207,68.3600,68.7300,67.7200,68.6800,6805900
20151208,66.5400,67.1600,66.1800,66.9900,6866300
20151209,65.9100,67.0200,65.1600,66.3000,8578000
20151210,66.3800,67.0900,65.9100,65.9800,5768700
20151211,65.4300,66.1000,64.4800,65.3800,7572600
20151214,66.1200,66.1800,64.7300,65.6300,7371100
20151215,66.7500,66.9600,65.2400,65.4600,5989700
20151216,67.7200,67.8800,66.1400,66.2200,6747600
20151217,64.9000,67.5100,64.8800,67.1800,6800000
20151218,65.1100,65.8700,64.1000,64.6000,13490900
20151221,65.2400,65.8200,64.3800,65.5900,5311500
20151222,68.4100,68.7900,66.1100,66.2500,9697200
20151223,69.8900,70.4900,68.9900,69.5900,7586300
20151224,69.3800,69.9000,69.0600,69.7500,2322100
20151228,68.5800,69.1800,68.0300,69.1200,3884000
20151229,69.1900,69.5700,68.6200,69.2200,3539500
20151230,68.6900,69.6300,68.5700,68.6600,3158500
20151231,67.9600,69.1000,67.9400,68.4500,4356400
20160104,67.9900,68.0800,65.7200,66.8800,8586900
20160105,67.2800,68.4400,66.4200,68.3800,6139100
20160106,66.2200,66.8500,65.6200,65.9800,6639300
20160107,63.9400,65.5200,63.6600,65.0800,8601500
20160108,63.2900,64.5300,62.9300,64.3300,8278500
20160111,61.4700,63.7000,60.8500,63.6700,9669400
20160112,61.6000,62.5000,60.3900,62.4400,8593100
20160113,60.8900,62.7600,60.3900,62.0700,7237300
20160114,62.2700,62.9700,60.3800,61.2400,9241800
20160115,59.8700,60.0900,58.7500,59.5200,12674500
20160119,59.0300,60.5400,58.4800,60.2600,8501100
20160120,58.8100,59.3800,56.3600,58.0800,10857700
20160121,59.6900,60.4200,58.2500,59.0000,8798300
20160122,60.9800,62.5600,60.6000,61.2300,7815600
20160125,57.9100,59.3500,57.7600,58.9600,10971500
20160126,59.1600,59.6600,58.0900,58.4000,8141900
20160127,58.3200,59.8900,57.4600,58.4300,11013800
20160128,61.0800,62.4500,58.5700,62.0100,13567000
20160129,62.2400,62.2900,60.7600,61.6900,8221000
20160201,62.7000,63.0800,61.3800,61.9700,5955700
20160202,60.6700,61.5500,60.4800,61.2800,6282300
20160203,63.2700,63.6000,59.8000,61.4700,8332100
20160204,65.9600,66.9900,63.6000,63.6000,12598000
20160205,66.1200,66.7600,65.1800,65.6700,7463700
20160208,64.5800,65.6400,63.6600,65.4200,6315500
20160209,63.9300,64.4100,63.1200,63.9000,5638500
20160210,62.1400,64.3800,62.0000,64.2700,5955400
20160211,61.4100,62.3100,60.5100,60.9100,7055000
20160212,63.1500,63.4700,61.8200,61.9900,4297400
20160216,65.2100,65.5500,63.5100,64.1600,4819400
20160217,67.2600,67.7900,65.7200,66.0000,7373800
20160218,66.1200,67.6000,65.1400,67.1500,6175500
20160219,65.4200,65.5200,64.0800,64.9200,4994900
20160222,67.3100,67.5200,65.4200,65.4200,5787700
20160223,65.7800,67.2400,65.7000,67.1100,5599400
20160224,65.8800,65.9700,63.0700,64.7000,6439200
20160225,66.4700,66.4700,64.8400,65.8900,4277200
20160226,66.8700,68.0000,66.4500,67.3900,4149800
20160229,67.7000,68.5800,66.4900,67.1400,8643200
20160301,69.0900,69.4900,67.3400,68.4400,4451600
20160302,69.3800,69.9300,68.2100,68.7500,4801300
20160303,71.7500,72.0800,69.3900,69.6200,7172700
20160304,72.8400,73.9600,71.5400,72.0900,9521500
20160307,74.7700,75.7300,72.8000,72.8000,10740400
20160308,71.7300,74.1100,71.5200,73.7800,8748400
20160309,71.8700,72.7000,71.2600,72.3300,4907900
20160310,71.3600,72.0300,70.4900,72.0300,6352400
20160311,72.8000,73.1000,72.2800,72.3600,4787000
20160314,72.7300,73.4400,72.1300,72.7300,5060000
20160315,72.4400,72.4700,70.8600,71.4400,4674400
20160316,74.3400,74.5100,72.2000,72.5900,6641200
20160317,75.9000,76.3000,73.5200,74.2000,13316000
20160318,75.4700,76.9400,74.6400,76.0800,13750200
20160321,75.8900,76.3500,75.0400,75.5300,4315700
20160322,75.5500,76.0800,75.2400,75.5900,3625600
20160323,73.6800,75.1200,73.5700,74.9700,5352900
20160324,75.2900,75.3500,72.7300,72.9300,7036100
20160328,75.3200,75.5500,74.4600,75.1500,3425400
20160329,76.0100,76.0500,74.1900,74.9700,4085000
20160330,76.5100,77.2500,76.0100,76.9400,4886800
20160331,76.5400,77.1300,76.2400,76.3000,4348700
20160401,76.7900,76.8700,74.6700,75.6500,4878300
20160404,75.7200,77.0400,75.4200,76.5600,4349500
20160405,75.2400,75.8500,74.6000,75.3200,4386800
20160406,75.2200,75.5700,73.7000,75.5200,4929800
20160407,74.1700,74.6800,73.7600,74.4900,4800800
20160408,74.3500,75.2500,74.0000,75.0300,4911000
20160411,74.6300,75.7800,74.6100,74.6100,3904800
20160412,76.1000,76.7400,74.4700,75.0600,5129600
20160413,79.1300,79.1600,76.5600,76.8700,9365700
20160414,79.0500,79.7200,78.3700,79.4400,5372300
20160415,79.1700,79.7800,78.7300,79.3800,5508500
20160418,79.2500,79.8700,78.1400,78.4700,4822200
20160419,80.3900,80.8900,79.4600,79.9900,6283500
20160420,79.7400,80.6000,79.3000,80.2500,5356800
20160421,78.6600,79.5800,78.1900,78.7500,6509100
20160422,78.3200,79.1800,77.2000,78.9300,10099600
20160425,76.7900,78.8600,76.2000,78.5000,8079800
20160426,77.6500,77.7400,76.4700,77.1500,6052100
20160427,78.6800,78.8900,77.6000,77.9800,4412700
20160428,77.7500,79.1700,77.6000,78.0300,4817400
20160429,77.7200,79.0000,77.3200,78.0200,7665100
20160502,77.8400,78.0700,76.6200,77.3500,3326100
20160503,76.3600,77.1000,75.5800,76.8500,4780900
20160504,74.2400,76.3100,73.9000,76.1800,6867000
20160505,72.7900,74.6000,72.7000,74.1500,8064000
20160506,73.3600,73.4200,71.6200,72.1600,6933000
20160509,70.7800,72.6300,70.5700,72.3300,9374600
20160510,72.5100,72.7100,70.5900,70.7800,6505300
20160511,72.4300,73.6100,72.3600,72.8500,4583700
20160512,71.7000,73.2400,71.1800,72.9200,4431400
20160513,70.0700,71.7800,70.0600,71.6300,6392700
20160516,70.7000,71.7000,70.1000,70.3900,4500300
20160517,71.0500,72.1800,70.4500,70.7000,4829600
20160518,70.5900,71.8700,70.0800,70.6200,5159800
20160519,69.4300,70.1200,69.0400,69.9300,6129700
20160520,69.8700,70.7800,69.7500,70.0000,5517000
20160523,70.4000,70.9500,69.5900,69.8000,3992800
20160524,71.0900,71.2500,70.2500,70.7800,3838800
20160525,72.5700,72.7000,71.2600,71.6300,5035400
20160526,72.0800,73.5900,72.0600,73.2400,4110300
20160527,71.9600,72.2000,71.5000,72.1500,2943900
