20150529,44.2300,44.6800,44.1300,44.5600,2205100
20150601,44.3500,44.5000,44.0100,44.2700,1367000
20150602,44.3900,44.4200,43.6400,44.2500,4077000
20150603,44.3000,44.5400,44.0800,44.2600,1783700
20150604,43.8800,44.4300,43.8100,43.9100,1523800
20150605,43.2200,43.8200,43.0900,43.6600,1359500
20150608,42.9400,43.3500,42.8400,43.0800,886100
20150609,42.9300,43.1700,42.7200,43.0000,1100500
20150610,43.2900,43.4800,43.0100,43.0600,761600
20150611,43.2200,43.4900,43.1500,43.2900,1275700
20150612,43.6500,43.7500,42.9900,42.9900,5909200
20150615,43.2000,43.5600,43.1000,43.3700,2036300
20150616,43.7900,43.8400,43.0500,43.2400,2285800
20150617,44.3200,44.3400,43.6000,43.8100,2644100
20150618,45.0200,45.1300,44.2900,44.4100,3259600
20150619,44.7400,45.0800,44.6700,45.0500,2706400
20150622,44.7900,45.1500,44.7000,44.9500,1160300
20150623,44.5500,44.9300,44.3300,44.8700,1205400
20150624,44.5000,44.7200,44.3700,44.4200,1023300
20150625,44.4700,44.6600,44.3500,44.5400,1571200
20150626,44.9100,44.9400,44.3300,44.6600,1989800
20150629,43.6400,44.6100,43.6200,44.4500,2357400
20150630,43.4400,44.0800,43.1700,43.9500,1825400
20150701,43.4700,43.8900,43.2700,43.8900,1947900
20150702,43.1600,43.7400,42.9300,43.4800,1425700
20150706,42.4700,42.9800,42.1300,42.7500,2898000
20150707,43.9900,44.0600,42.5300,42.6400,2499300
20150708,43.4100,43.9900,43.3800,43.6600,1897900
20150709,43.9300,44.2400,43.8300,44.1100,2256800
20150710,44.4300,44.8100,44.1900,44.4900,2628500
20150713,45.4200,45.5100,44.6800,44.8500,1732800
20150714,45.7100,45.8200,45.3400,45.5200,1784000
20150715,45.2100,45.6800,45.1300,45.6100,1276900
20150716,45.6000,45.7300,45.4400,45.6400,1269600
20150717,45.4900,45.7400,45.2100,45.5200,1117100
20150720,45.5300,45.5800,45.2700,45.5600,911300
20150721,45.3400,45.7500,45.2000,45.4800,842600
20150722,45.3700,45.7200,45.0800,45.0800,1083700
20150723,45.4100,45.5900,45.1800,45.3100,958500
20150724,44.8700,45.5100,44.7700,45.2900,1118300
20150727,44.6900,45.0100,44.5600,44.6800,1831500
20150728,45.3400,45.3700,44.7500,44.9700,1383900
20150729,46.2000,46.2100,45.2600,45.3900,2408700
20150730,45.4400,46.2700,45.0600,45.8900,2757000
20150731,51.0800,52.3000,49.1100,49.1800,13330400
20150803,48.8500,50.9600,48.4800,50.8800,8431600
20150804,50.5200,50.7700,48.6600,48.8100,8799300
20150805,51.8400,52.0200,50.8700,51.2900,4887700
20150806,53.3900,53.7900,51.5000,51.7800,9458700
20150807,51.7100,53.2500,51.2000,53.2500,6214300
20150810,52.2900,52.5400,51.8600,52.2700,4162500
20150811,52.1900,52.3000,51.3000,51.7300,3052200
20150812,52.8200,52.9600,51.0600,51.3600,2590400
20150813,52.4600,53.4500,52.1600,53.3700,2311200
20150814,52.4900,52.6800,52.1400,52.5400,2441800
20150817,53.0000,53.0600,51.8700,52.0400,6473600
20150818,52.6500,53.0800,52.5000,53.0000,5426100
20150819,52.5400,52.8600,52.0300,52.3800,3509900
20150820,52.2400,52.4900,51.9300,52.0300,3520500
20150821,51.7900,52.0500,51.5600,51.8400,6220200
20150824,50.6000,51.3700,48.2100,49.5900,6461700
20150825,50.3600,52.0700,50.2400,51.7800,7388200
20150826,51.7800,51.9600,50.8000,51.3200,5399000
20150827,51.8500,52.4300,51.0300,52.2000,2570300
20150828,51.8700,51.8900,51.2700,51.6000,1565100
20150831,51.4900,52.0700,51.2700,52.0700,2464000
20150901,50.9300,51.1600,50.0000,50.5300,3183500
20150902,51.5400,51.5500,50.9600,51.4300,2146400
20150903,51.6300,51.8300,51.4500,51.8300,1951700
20150904,49.9900,51.2600,49.9200,50.8600,2823700
20150908,51.1800,51.2700,50.2600,50.3600,2612700
20150909,49.1200,51.5200,49.0100,51.4400,3506400
20150910,49.2600,49.7900,48.7400,48.9200,2820000
20150911,49.0300,49.2000,48.7500,49.1100,2264600
20150914,49.0000,49.2300,48.6400,48.6400,1947900
20150915,48.7100,49.2400,48.6700,49.0200,2893800
20150916,49.4600,49.8800,49.0400,49.0500,2572200
20150917,49.0500,50.0300,48.9700,49.5000,1929000
20150918,48.5100,49.2200,48.3900,48.6900,3464600
20150921,48.9600,49.4200,48.7600,48.8000,1381000
20150922,48.1300,48.8900,47.9100,48.5200,1412500
20150923,48.9200,49.1000,48.0300,48.0800,2864400
20150924,48.6200,48.8100,48.1300,48.5400,1908600
20150925,48.6400,49.2100,48.3100,49.0800,3248300
20150928,46.8200,48.5000,46.5600,48.3700,3647900
20150929,47.7100,48.1200,46.9600,47.2500,4292300
20150930,48.3500,48.4400,47.9400,48.1900,2447500
20151001,48.7800,48.9600,48.3900,48.3900,1814900
20151002,49.1300,49.1500,48.0500,48.3600,1632000
20151005,49.4700,49.6800,49.2900,49.3600,4175600
20151006,48.8300,49.6800,48.7900,49.4800,1923600
20151007,49.8900,50.3600,48.8700,48.9600,2593000
20151008,50.2700,50.3300,49.6000,49.6800,901400
20151009,50.8300,50.9300,50.1900,50.2700,1207100
20151012,50.9100,51.1800,50.6300,50.7100,1200100
20151013,50.2300,51.0400,50.1400,50.7600,2095100
20151014,50.0900,50.4700,49.9500,50.2300,2490600
20151015,50.3000,50.5900,49.9400,50.4200,1114000
20151016,50.8800,50.9300,50.4100,50.5100,818700
20151019,51.1600,51.2000,50.7900,50.8600,712400
20151020,50.9000,51.4100,50.7900,51.2300,1249700
20151021,50.5300,51.2600,50.5100,50.9100,1663500
20151022,51.3100,51.4300,50.6700,50.6700,1771400
20151023,51.5100,51.6200,50.7800,51.5000,1639300
20151026,50.9400,51.4900,50.6900,51.4900,1978300
20151027,50.7400,50.9700,50.4500,50.7600,2161100
20151028,51.4300,51.4900,50.5400,50.9300,2570700
20151029,51.1200,51.7800,50.1100,50.4300,2655700
20151030,51.3400,51.8600,51.1700,51.1800,1846900
20151102,51.3000,51.5500,51.0300,51.4600,1406900
20151103,51.5700,51.6600,50.5800,51.1400,1804100
20151104,50.6800,51.7700,50.4200,51.6400,2333100
20151105,51.7300,51.7700,50.8100,50.8100,2143900
20151106,50.5500,51.5200,50.4500,51.4900,1267300
20151109,50.1200,50.8300,49.8700,50.2700,3701400
20151110,51.0100,51.1900,50.0900,50.0900,2040900
20151111,51.5400,52.0300,51.0500,51.2900,1998400
20151112,51.6100,51.6800,51.0000,51.1800,2310600
20151113,50.8600,52.1100,50.8100,51.6000,2318400
20151116,50.9600,51.2500,50.4700,50.8300,2013000
20151117,50.4100,51.4200,50.2600,51.0000,2583000
20151118,50.7100,50.7700,49.9400,50.4200,1970600
20151119,50.7700,51.3600,50.5400,50.7300,1541100
20151120,50.1000,51.2500,50.0600,50.9600,1593900
20151123,50.5600,50.8300,50.2400,50.3100,1998200
20151124,50.8200,51.0800,50.0700,50.3400,1787700
20151125,51.4400,51.7200,50.6900,50.8600,1701500
20151127,51.5600,51.6300,51.2700,51.5700,443600
20151130,50.3000,51.5700,50.2900,51.5400,2385300
20151201,50.4500,50.7200,50.1800,50.7200,2016700
20151202,49.7700,50.5300,49.7300,50.4700,1864900
20151203,49.6000,49.9800,49.1100,49.8400,2304700
20151204,50.0800,50.4700,49.6300,49.7600,2790500
20151207,49.7200,50.2900,49.4500,49.9700,2006300
20151208,49.6300,50.0500,49.2800,49.4200,2761600
20151209,49.6400,50.0300,49.1200,49.2000,2419000
20151210,49.6500,50.3000,49.5800,49.6400,3080700
20151211,48.8800,49.5000,48.6100,49.2300,2722700
20151214,49.7300,49.7800,48.3900,49.0300,2281300
20151215,50.0000,50.2200,49.6400,49.9500,1584600
20151216,51.2400,51.3000,50.0800,50.3300,2870000
20151217,49.0100,50.8100,48.5200,50.8100,5653800
20151218,48.6700,48.9100,48.1000,48.7700,3736500
20151221,48.8500,49.0900,48.4700,49.0600,3035400
20151222,49.7800,49.9000,48.8000,48.9300,2878300
20151223,50.0800,50.1200,49.5500,49.9800,2517400
20151224,50.0200,50.2900,49.9200,50.0300,692600
20151228,49.7000,50.1500,49.4100,49.9700,1815000
20151229,49.9300,50.2400,49.8000,49.9700,1174400
20151230,49.6200,50.0600,49.5000,50.0300,1774100
20151231,49.2400,49.5800,48.9200,49.4400,1704000
20160104,48.6500,48.6700,47.7900,48.2800,3344200
20160105,47.9500,48.8800,47.3000,48.7100,3823700
20160106,47.8900,47.9100,47.0900,47.4600,3944900
20160107,46.9700,47.6700,46.6400,47.4100,3253400
20160108,46.4800,47.4000,46.3700,47.1200,2989000
20160111,46.4500,46.9000,46.0800,46.5500,1291900
20160112,46.8800,47.0500,46.3300,46.6000,1278100
20160113,46.2500,47.1000,46.1600,46.8500,2806400
20160114,46.1800,46.4900,45.9700,46.2100,2185300
20160115,45.9000,46.1800,45.2600,45.2900,3426300
20160119,46.2900,46.5200,46.0500,46.3000,2298800
20160120,45.8200,46.1700,44.5000,45.7200,3127900
20160121,45.1600,45.9300,44.9600,45.7500,2862100
20160122,45.3400,45.7200,45.1600,45.6600,2321800
20160125,45.6200,45.9200,45.1800,45.4200,2054800
20160126,45.8900,46.2200,45.6400,45.6500,1690300
20160127,45.4700,46.0800,45.1600,45.9100,1397900
20160128,46.0400,46.2200,45.4400,45.6800,1401800
20160129,46.4200,46.6100,46.0200,46.2700,2167200
20160201,47.1700,47.5000,46.4200,46.5400,2789600
20160202,46.3400,46.8800,46.2600,46.7200,1289300
20160203,46.3400,46.5800,45.6100,46.4200,1323900
20160204,46.7200,46.7600,46.0200,46.1200,2342800
20160205,46.7200,47.4200,46.5200,47.4200,2470700
20160208,46.6600,46.9000,46.1100,46.3300,2872400
20160209,47.6200,47.9000,46.1200,46.1400,2292200
20160210,47.5700,47.9800,47.5200,47.7300,1623600
20160211,47.2100,47.9600,46.4100,46.7900,2171200
20160212,48.1900,48.2400,46.9200,47.4900,1346000
20160216,48.7700,49.0700,48.2200,48.6000,1485600
20160217,49.0600,49.5000,48.7500,49.0300,1937700
20160218,48.6000,48.9900,48.4900,48.9900,1453200
20160219,48.9300,49.2100,48.4900,48.6600,1437700
20160222,49.3800,49.5800,49.1700,49.2100,1511600
20160223,49.0300,49.5300,48.8600,49.1700,1117300
20160224,49.4700,49.5000,48.5400,48.8700,883300
20160225,50.1000,50.1300,49.0500,49.3400,1293200
20160226,49.0900,50.1800,48.6800,50.0300,1595600
20160229,48.5100,49.1000,48.5100,49.0300,1867800
20160301,49.0200,49.2500,48.5700,48.7700,1567100
20160302,48.4600,48.7500,48.3600,48.6000,1390400
20160303,49.2300,49.3300,48.0100,48.3900,1238100
20160304,49.4300,49.4900,48.9100,49.1300,801400
20160307,49.0900,49.4900,48.9800,49.2800,1971100
20160308,48.9600,49.2100,48.6500,49.0300,1237100
20160309,49.6400,49.7100,48.9600,49.1200,884700
20160310,50.0600,50.4900,49.5800,49.7700,888000
20160311,50.3500,50.6000,50.1500,50.3500,1204300
20160314,50.6800,50.7500,50.0800,50.1500,1634800
20160315,50.2400,50.8900,50.0800,50.2800,1465400
20160316,49.6900,50.0400,48.8000,49.8700,2155100
20160317,50.2100,50.4100,49.5700,49.8300,2285000
20160318,49.5500,50.2300,49.0200,50.2300,2956300
20160321,49.6800,50.0600,49.2600,49.4200,1938900
20160322,49.5200,49.8200,49.4100,49.6400,838200
20160323,49.8000,50.0600,49.1400,49.3800,2286600
20160324,49.5900,49.9400,49.4200,49.6400,3504000
20160328,50.0500,50.5400,49.6800,49.7800,3116300
20160329,50.3300,50.4100,49.9700,50.0500,1228100
20160330,51.0900,51.1300,50.4100,50.5700,1071100
20160331,50.7400,51.8200,50.6900,51.2100,2792600
20160401,51.4800,51.5800,50.3800,50.4200,2404500
20160404,52.1500,52.1600,51.5100,51.5900,3175200
20160405,52.0200,52.4900,51.9100,52.0200,3508700
20160406,52.6800,52.7800,51.8400,51.8400,2312600
20160407,52.4000,52.6200,52.1500,52.5200,2371700
20160408,52.5400,52.8600,52.4100,52.6300,1392800
20160411,52.6300,53.2000,52.5500,52.7900,2298600
20160412,52.8200,53.0500,52.5800,52.8000,2817400
20160413,52.9700,53.0900,52.6400,53.0900,2267500
20160414,53.4700,54.5400,53.3600,53.9400,4124600
20160415,53.6700,53.7800,53.3100,53.5300,1519900
20160418,53.5900,53.8000,53.3600,53.5800,1143200
20160419,53.7800,53.8500,53.5600,53.8200,1267800
20160420,52.8300,53.2900,52.3600,53.2900,3087400
20160421,51.7400,53.0000,51.6800,53.0000,3051500
20160422,51.8300,52.0300,51.5400,51.7700,1888300
20160425,51.9400,52.3100,51.7000,51.7200,1910500
20160426,51.6600,52.3000,51.5800,51.9400,2601300
20160427,51.9600,52.2800,51.6700,51.8700,2620500
20160428,53.9000,54.2200,53.1200,53.3400,3116800
20160429,52.4800,53.9300,52.3700,53.6500,3311100
20160502,52.3100,52.8100,52.0000,52.4700,2629300
20160503,52.1700,52.3200,51.7700,52.1000,1658000
20160504,52.8200,52.9300,51.8000,52.0000,2758000
20160505,53.3800,53.5500,52.5200,52.6100,3428000
20160506,54.0500,54.0600,53.0900,53.3300,2035200
20160509,53.6000,53.9800,53.2900,53.7500,2343800
20160510,54.1200,54.1700,53.5300,53.8000,2241200
20160511,54.0000,54.3700,53.9800,54.2000,1548600
20160512,53.8000,54.2000,53.5400,54.2000,3767400
20160513,52.8400,53.7000,52.8200,53.6500,1768800
20160516,52.7400,53.1000,52.5400,52.5400,1551400
20160517,51.9400,52.9800,51.8300,52.7900,3195000
20160518,51.0200,51.7500,50.7100,51.7100,1968800
20160519,50.6900,50.8500,50.0800,50.7700,2749900
20160520,50.7000,51.1900,50.4500,51.1300,2263600
20160523,50.1000,51.1100,49.7600,50.5800,5293600
20160524,50.9900,51.2000,50.1600,50.2000,8251000
20160525,51.2900,51.7400,50.6600,50.8000,11915200
20160526,50.8600,51.4000,50.5500,51.3300,11759700
20160527,51.5500,52.2800,50.8100,50.8300,61115100
