20150529,46.3300,47.1700,46.3100,46.9700,3738400
20150601,46.7800,46.8900,46.2500,46.4900,2316200
20150602,47.0300,47.2600,46.6600,46.7200,2134100
20150603,47.8200,47.9200,47.3900,47.4900,2743000
20150604,47.3900,47.7900,47.2700,47.3700,3023900
20150605,47.2500,47.5200,46.9300,47.1900,2073200
20150608,47.0200,47.4000,46.9100,47.0000,1965600
20150609,47.2000,47.2400,46.7800,46.9200,2071300
20150610,47.0000,47.6300,46.9900,47.3300,4142500
20150611,47.8300,47.8600,47.0200,47.1700,2812800
20150612,47.4200,47.6500,47.2000,47.2500,1890900
20150615,47.2300,47.2900,46.5500,46.9100,2266300
20150616,47.4500,47.6300,46.8800,47.1200,2121700
20150617,47.5800,47.6900,46.9900,47.2100,2216100
20150618,48.6200,48.7100,47.4700,47.5900,4063500
20150619,48.9200,49.1200,48.5300,48.6300,6296800
20150622,49.9200,50.6500,49.5200,50.4200,6143900
20150623,49.4800,50.1100,49.0600,49.9100,5867800
20150624,49.8400,50.9400,49.8100,50.2900,5375200
20150625,50.0400,51.0000,49.9700,50.5600,5083400
20150626,50.6000,50.8100,50.4200,50.5200,4451600
20150629,48.9500,50.2200,48.9000,50.0600,3203400
20150630,49.3900,49.7600,49.0200,49.5400,3234200
20150701,49.6300,50.1600,49.4100,49.9100,3995600
20150702,49.8600,50.0700,49.4400,49.8800,2894300
20150706,49.3600,49.9700,49.0100,49.4500,3431900
20150707,50.2000,50.2700,48.5700,49.3300,3988400
20150708,48.9300,49.7100,48.9200,49.6000,3997300
20150709,49.2000,50.0200,49.1800,49.9500,2722600
20150710,50.5800,50.7600,50.1500,50.5100,4469100
20150713,51.8300,52.1100,51.5600,51.5900,4407700
20150714,52.2000,52.4000,52.0300,52.2000,2726300
20150715,51.8400,52.2600,51.7000,52.1700,3569300
20150716,52.2100,52.4000,51.9300,52.3300,3576900
20150717,52.1000,52.3300,52.0100,52.1500,2874100
20150720,52.1500,52.3800,52.0300,52.3400,2960700
20150721,51.9600,52.4700,51.7200,52.3900,2477600
20150722,52.3700,52.4000,51.8500,51.8700,2266400
20150723,51.8100,52.4200,51.7000,52.3100,2278700
20150724,51.1200,51.8100,50.8300,51.6800,2637600
20150727,50.8500,51.1100,50.5300,50.9300,2390000
20150728,51.3400,51.3800,50.6800,50.8300,2499600
20150729,52.1000,52.4500,51.7800,51.8300,3396500
20150730,51.8800,52.0000,51.1600,51.5600,2914000
20150731,53.2900,54.0500,53.1500,53.6000,5530200
20150803,52.2200,53.1800,51.8800,53.1500,4078600
20150804,51.8700,52.5500,51.6800,52.4400,3400800
20150805,52.6300,53.0800,52.3200,52.3800,3725000
20150806,52.0900,53.0600,51.8400,52.9600,4136200
20150807,52.1300,52.2300,51.5600,52.1500,3478800
20150810,52.4200,53.0100,52.2200,52.8000,3815000
20150811,52.1900,52.3300,51.6700,51.9200,3559400
20150812,51.1600,51.8500,50.9100,51.7800,3985500
20150813,52.1100,52.4400,51.3100,51.4600,3395000
20150814,52.4400,52.5200,51.9900,52.2300,2223800
20150817,52.8900,53.0700,52.2100,52.2600,2247100
20150818,52.8000,53.0700,52.6500,52.9400,1880300
20150819,52.3000,52.6900,51.9300,52.0900,2269800
20150820,49.9300,51.6000,49.8900,51.5500,5190500
20150821,48.3800,49.7000,48.2600,49.4600,6428200
20150824,46.4800,48.3800,44.7200,46.5400,8379200
20150825,47.3400,48.9400,47.3200,48.4200,7940600
20150826,48.8500,49.0000,47.3700,48.7800,5923100
20150827,49.7400,49.8200,48.6000,49.0300,5525700
20150828,49.5000,49.6600,49.0400,49.2700,3563900
20150831,49.2300,49.7700,49.0300,49.4200,3524300
20150901,47.7800,48.5200,47.4200,48.1100,5112700
20150902,49.4400,49.4400,48.3700,48.6600,3933500
20150903,49.4000,50.2000,49.2400,49.8400,2958400
20150904,48.9300,49.2100,48.4700,48.8100,3204700
20150908,50.6800,50.6800,49.7500,49.9300,3925000
20150909,50.5300,51.4500,50.4100,50.8700,3003700
20150910,50.7200,50.9900,50.2400,50.6300,3081000
20150911,51.3800,51.4000,50.3300,50.4000,2501700
20150914,51.3800,51.8300,50.7700,50.8100,3827000
20150915,51.9400,52.1600,51.1000,51.4000,3758100
20150916,52.8700,52.9600,52.1900,52.5700,3634700
20150917,52.7400,53.5400,52.4600,52.7600,3581100
20150918,52.0700,52.7400,51.9500,52.7300,8391300
20150921,52.6800,53.0100,52.1100,52.6500,6855500
20150922,49.7900,52.0500,49.5500,52.0200,9986100
20150923,51.5000,51.5700,49.7900,50.8100,6754100
20150924,50.8800,51.1300,50.5400,50.8300,4989400
20150925,50.7000,51.6200,50.4100,51.4100,3988000
20150928,48.6400,50.6500,48.0900,50.5400,5503100
20150929,48.2300,48.8400,47.7900,48.8100,4452400
20150930,49.7000,49.9400,48.9100,49.8100,5182200
20151001,49.5100,50.4400,48.9800,50.0100,4636900
20151002,49.7600,49.7700,48.4100,49.2100,4515800
20151005,50.3800,50.4700,49.7500,50.1700,5150100
20151006,49.1600,50.7400,48.9600,50.5300,5198300
20151007,49.2500,49.3200,48.2400,48.3100,5557700
20151008,49.6200,49.7700,48.8900,48.9900,4458400
20151009,49.3600,49.4900,48.6500,48.8900,4881100
20151012,50.3600,50.4800,49.0500,49.0800,3372300
20151013,49.8700,50.6200,49.7800,49.8500,2588200
20151014,48.3600,50.2200,48.2700,50.1100,4489900
20151015,50.6100,50.6800,48.9000,49.1300,4667300
20151016,51.1000,51.1600,50.5400,50.7200,4154000
20151019,51.8600,51.9400,50.7500,50.9700,4471400
20151020,51.6700,52.2500,51.3200,51.8900,2986300
20151021,51.4600,52.1500,51.2000,51.8800,3056300
20151022,52.3800,52.4000,51.5100,51.7000,2989700
20151023,53.5800,53.8300,52.8500,53.0500,5562900
20151026,53.5100,53.6400,53.1200,53.4400,3206300
20151027,53.8400,53.9100,53.2300,53.2800,2088800
20151028,53.2900,54.1000,52.7300,53.8700,3514200
20151029,54.0800,54.2100,53.1400,53.3700,2303400
20151030,54.0800,54.5900,53.7300,53.8000,2764300
20151102,53.5500,54.5600,53.4300,54.2900,3408900
20151103,52.9800,53.1800,51.8300,53.1500,5460500
20151104,52.8000,53.1300,52.2500,52.6200,3595100
20151105,52.9000,53.0900,51.6300,51.6600,3671100
20151106,53.3600,53.3600,52.4800,52.7300,3367100
20151109,52.5700,52.9900,51.7800,52.8600,3077400
20151110,53.1300,53.2000,52.2400,52.3100,2879100
20151111,52.8300,53.4600,52.8200,53.3300,2237200
20151112,52.1700,52.6600,52.0600,52.5100,2594300
20151113,51.5600,52.0400,51.2800,51.9000,2653700
20151116,50.7700,50.9800,49.8600,50.6100,5171700
20151117,50.2300,51.4000,50.0700,51.1000,4583000
20151118,50.2900,50.4000,49.7400,50.2000,4759600
20151119,51.5400,51.6800,50.6000,50.9400,6164500
20151120,51.5800,51.9400,51.4100,51.7200,4423000
20151123,51.3900,51.6900,51.2600,51.3600,2414300
20151124,50.3900,50.5400,49.7300,50.1200,7722500
20151125,50.9900,51.5900,50.8400,51.0600,2843000
20151127,50.8400,51.1700,50.6200,51.1100,1345800
20151130,50.5300,51.0400,50.3900,51.0400,3469500
20151201,51.4600,51.5300,50.8000,51.1300,5021600
20151202,51.1800,51.6600,51.0700,51.3900,3015600
20151203,49.3100,51.4800,49.1500,51.4100,4994900
20151204,50.6900,50.7600,49.7400,49.8000,4126300
20151207,50.6700,51.2600,50.2800,51.0100,3566800
20151208,50.1600,50.3900,49.5400,49.6500,3428400
20151209,50.3100,50.8200,50.0300,50.1400,4775800
20151210,50.9600,51.2100,50.5700,50.7300,3932000
20151211,50.6900,51.2400,50.1100,50.1900,6697600
20151214,50.7900,51.4000,50.3100,50.9300,4268600
20151215,52.1600,52.3700,51.2900,51.6100,4618200
20151216,52.2000,52.3000,50.8800,52.1000,7302500
20151217,50.4600,52.2300,50.3300,52.0000,5849400
20151218,52.4100,53.0000,51.0600,51.6500,8631300
20151221,53.9400,54.1600,53.3300,53.4300,5530600
20151222,54.2700,54.4900,53.3500,54.4000,4726700
20151223,54.0800,54.6200,53.9500,54.4900,3757400
20151224,54.1200,54.5500,54.0400,54.4600,1684000
20151228,54.1900,54.4200,53.8100,53.8700,2868300
20151229,55.1400,55.3600,54.5700,54.7100,2660200
20151230,55.0400,55.7700,55.0000,55.5200,2947000
20151231,54.4800,55.2700,54.4600,54.9400,2269900
20160104,54.2000,54.2200,53.2200,54.1600,4773000
20160105,53.6800,54.1800,53.6200,54.0200,4545300
20160106,53.5200,54.1100,52.8600,52.9100,5092000
20160107,52.3900,53.5100,52.2500,52.6500,4908000
20160108,52.0500,53.6800,51.9100,53.6500,4932700
20160111,53.9400,54.5000,53.0000,53.0000,7022700
20160112,54.6800,54.9000,53.9500,54.4400,6031400
20160113,52.3800,54.6800,52.0300,54.3800,7727700
20160114,51.9400,52.1800,50.1900,51.6500,8825300
20160115,49.8300,50.4800,49.4700,49.7600,9111900
20160119,49.0700,51.2600,48.5900,50.8300,10713500
20160120,48.3100,49.0300,46.8600,49.0000,10088400
20160121,49.5700,49.8600,48.2800,48.4800,8299600
20160122,49.5700,50.3900,49.3900,50.1800,4912400
20160125,48.8000,49.8000,48.6800,49.5500,4936900
20160126,49.8200,50.0700,48.8500,49.2200,5548700
20160127,48.0500,50.5700,47.7500,50.4700,7413400
20160128,46.8600,48.4900,45.8100,48.4400,12679900
20160129,48.1300,48.1300,46.9100,46.9400,8603700
20160201,48.9700,49.1300,47.7700,48.1000,7056300
20160202,45.0800,47.3100,44.5100,47.2500,16123000
20160203,45.3900,45.9300,44.9400,45.6100,8651700
20160204,45.5100,45.7200,44.8200,45.5000,7697700
20160205,43.0400,45.0300,42.8800,44.8500,9093600
20160208,41.9200,42.4900,40.8200,42.3000,12096500
20160209,42.9700,43.6400,40.5200,40.7700,9800500
20160210,43.4100,44.5700,43.3100,43.4400,7325100
20160211,43.1900,43.6900,42.6700,42.7100,6704100
20160212,44.0600,44.1500,42.8400,43.2800,4835000
20160216,45.0200,45.6000,44.0600,44.6200,5145100
20160217,45.9200,46.1500,45.1300,45.2300,5846200
20160218,45.3400,46.0600,45.1600,45.9400,4359700
20160219,46.3900,46.5500,44.8300,45.3600,4931600
20160222,47.7300,47.7800,46.3900,46.3900,6756000
20160223,48.1000,48.5800,47.6300,47.7500,6061300
20160224,48.0300,48.0700,46.6000,46.9800,5282400
20160225,48.5100,48.6200,47.9600,48.0400,4297400
20160226,48.3400,48.8600,47.7300,48.6600,4829900
20160229,47.9600,48.8200,47.9400,48.3300,4115600
20160301,48.9600,48.9700,48.0200,48.5900,4368500
20160302,48.1600,48.8700,47.9400,48.6900,3922100
20160303,48.0500,48.0600,46.8300,47.3900,7237700
20160304,47.9700,48.1900,47.4300,48.0300,5087300
20160307,47.0500,47.8000,46.8400,47.5400,4610000
20160308,46.3600,47.1400,46.3200,46.8800,5538900
20160309,46.4700,46.6800,45.9800,46.5100,3975300
20160310,46.3000,47.4000,45.7400,46.3900,4791400
20160311,47.9100,47.9200,46.6500,46.8700,3653300
20160314,48.1200,48.6500,47.9900,48.0800,3275300
20160315,47.9100,48.3800,47.6000,47.7100,2472600
20160316,48.8300,49.0400,47.5400,47.7400,3834600
20160317,48.9700,49.3300,48.4600,48.8400,4459200
20160318,49.6300,49.9100,48.9100,48.9500,6237300
20160321,49.7800,49.8100,49.3200,49.6300,2934000
20160322,48.7500,48.8400,47.9400,47.9400,7003800
20160323,48.0600,49.0900,47.9100,48.8900,5313800
20160324,48.9200,49.0200,47.9000,48.2100,4340800
20160328,49.0200,49.4300,48.7900,48.9800,4199500
20160329,49.6400,49.7700,49.0400,49.1100,4381100
20160330,52.3700,52.3900,50.7800,50.7800,9520100
20160331,52.7700,53.0500,52.1500,52.2900,7717400
20160401,52.7500,52.9000,52.0100,52.2000,5386100
20160404,53.0300,53.2100,52.5300,52.8000,3586900
20160405,51.5000,52.3100,51.3200,52.1900,5511500
20160406,51.9900,52.0700,51.4200,51.9200,3963900
20160407,51.1800,51.8400,50.9600,51.8400,2975400
20160408,51.1400,51.7100,51.0200,51.7100,2961700
20160411,50.8000,51.6700,50.7600,51.4600,3977100
20160412,51.2300,51.3900,50.8200,51.2800,3538600
20160413,51.6800,51.7900,51.1700,51.5200,4515500
20160414,51.5700,51.9800,51.0400,51.6600,2772600
20160415,51.0200,51.7400,50.9200,51.5300,4737800
20160418,50.8400,51.9700,50.2000,51.8600,5266800
20160419,50.6000,51.2400,50.5200,51.0800,3253100
20160420,50.0400,50.7500,49.9100,50.6100,3742000
20160421,49.1800,50.0400,49.0600,49.6900,5332800
20160422,48.5100,49.9900,48.1300,49.1000,4882800
20160425,49.2400,49.7000,48.6600,48.7400,3606200
20160426,49.1300,49.6900,48.8300,49.1700,3125500
20160427,49.4900,49.7600,49.1100,49.2100,3450200
20160428,48.7100,49.4800,48.6100,48.7900,4475600
20160429,49.0500,49.7900,48.2500,49.1500,5878700
20160502,49.5300,49.8200,49.3200,49.3300,3542200
20160503,49.4900,49.9300,48.9300,49.0500,3738600
20160504,49.1600,49.3900,48.9500,49.1100,3200300
20160505,48.3900,49.1800,48.3200,49.0100,3216300
20160506,49.2200,49.2900,48.1600,48.4200,3628400
20160509,49.7400,49.9400,49.2400,49.3000,3313200
20160510,50.3900,50.4900,48.3700,49.1300,6062100
20160511,50.2800,51.1400,50.2400,50.2800,4072400
20160512,51.0500,51.2900,50.5100,50.8800,4010200
20160513,49.6000,51.1000,49.5900,50.5600,4532300
20160516,49.9900,50.1800,49.6400,49.6900,4432500
20160517,49.9300,50.3000,49.7800,50.1200,2483100
20160518,50.3300,50.5100,49.8200,49.9400,3569500
20160519,49.5500,50.0900,49.2500,49.9400,3408700
20160520,50.0300,50.3100,49.7900,49.9000,3087900
20160523,49.9100,50.3100,49.8300,50.2400,2182700
20160524,50.8300,51.0500,50.1600,50.2200,2411700
20160525,49.6300,50.2300,49.5000,50.2300,5194800
20160526,47.5900,48.7700,47.3000,48.6800,10709400
20160527,48.6000,48.9600,48.0200,48.1800,5428300
