20150529,135.5500,139.0000,135.4900,138.9800,2226900
20150601,135.2200,136.2300,134.6300,136.1400,1418800
20150602,135.7600,136.8500,134.9700,135.0100,1370300
20150603,135.5700,136.4700,134.7500,136.3500,1425900
20150604,136.1700,136.1700,134.0900,134.5800,2737300
20150605,136.1900,136.8200,135.5500,136.1500,1555400
20150608,135.4700,136.2500,135.4100,135.8700,1293700
20150609,135.9100,136.5800,135.3300,135.5800,1040800
20150610,137.1600,137.7100,135.8800,136.7800,955800
20150611,137.8500,137.9900,136.8500,137.0700,992900
20150612,137.1200,137.8500,136.7400,137.4100,684600
20150615,135.8500,136.5700,135.1800,136.0200,1058500
20150616,135.4200,135.9200,135.1600,135.5100,859500
20150617,135.7800,136.1800,134.8700,135.4800,1005800
20150618,136.4600,137.4200,136.0200,136.5400,1181700
20150619,136.1400,136.9600,135.8000,136.3500,1341300
20150622,135.7000,136.8900,135.1100,136.8000,987100
20150623,135.6600,136.0000,135.2900,135.8000,1488900
20150624,135.1800,136.9800,134.9900,135.3900,1581800
20150625,134.0900,136.1400,134.0900,135.7000,1340200
20150626,133.5400,134.5900,133.3600,134.2900,1663400
20150629,131.1400,132.9600,130.7700,132.7200,1480900
20150630,131.1900,132.7800,131.0400,132.3400,1424300
20150701,131.0900,132.6200,130.5000,132.3400,1203800
20150702,131.3600,132.0000,130.2800,131.8500,968600
20150706,130.8300,131.6500,129.8100,130.0000,1174400
20150707,131.4900,131.6100,129.6000,130.8000,1442800
20150708,129.0600,130.5500,128.6200,130.3100,1708100
20150709,127.7700,131.4400,127.5600,130.5700,2232700
20150710,128.7400,129.3500,127.8000,128.9500,974400
20150713,130.1900,130.4200,128.8300,129.5000,944100
20150714,129.8700,130.9000,129.5200,130.1700,921600
20150715,129.9100,130.9100,129.5800,130.4800,1561500
20150716,130.3900,131.2800,130.1100,131.0000,1025100
20150717,128.1900,130.1000,126.7900,130.0000,1508600
20150720,128.9700,129.5600,128.1400,128.1900,1575700
20150721,128.6200,130.1800,128.0800,128.5000,1111000
20150722,127.2300,128.9200,126.8400,128.5100,1395900
20150723,126.9700,127.8400,126.5000,126.5100,1343500
20150724,124.3700,126.8900,123.5600,126.6800,2381200
20150727,123.7800,125.1800,123.1400,123.7800,3261100
20150728,128.0000,129.4600,127.0100,129.2400,3073200
20150729,130.2700,130.4700,127.8000,127.9500,2005300
20150730,129.8000,130.1500,128.0600,129.9700,1922000
20150731,129.5300,130.4700,129.1900,130.3500,1351800
20150803,128.6100,129.9700,128.0400,129.4200,1848400
20150804,126.0000,127.9900,125.5900,127.5000,2113400
20150805,127.8400,129.0000,127.5400,127.5700,1315400
20150806,127.1800,128.2900,126.6700,127.8600,1092200
20150807,126.8800,127.7300,126.6000,126.9500,901100
20150810,130.9300,131.0800,127.7200,128.2500,1682400
20150811,127.9800,129.5200,127.2400,129.3000,1535500
20150812,129.0600,129.4200,125.9300,126.9900,2129900
20150813,128.3900,128.9700,127.4100,128.5900,1206500
20150814,128.0500,128.8300,127.7200,127.9400,1003100
20150817,128.6100,129.1700,126.6700,127.5200,898700
20150818,128.0400,128.5500,127.7100,128.0400,934200
20150819,127.4400,128.5900,125.5500,126.6800,2466900
20150820,124.0800,127.0200,124.0400,126.6600,1893700
20150821,119.7500,123.5400,119.7300,123.5200,2733900
20150824,116.8400,120.3200,112.0000,113.0100,3052700
20150825,114.8700,120.5800,114.7600,119.6200,2391000
20150826,118.7300,118.7800,114.8800,117.2300,2706200
20150827,122.6000,123.6700,119.7300,119.8400,2401000
20150828,122.2700,123.5100,121.4100,122.0400,1323600
20150831,121.7500,122.9200,121.0300,122.7700,1406900
20150901,120.3100,121.4300,118.9000,119.1400,3146400
20150902,120.9000,121.9500,119.0000,121.5000,1329800
20150903,120.0300,121.3300,119.6100,121.3000,1458700
20150904,118.0000,119.0600,117.4900,117.6300,1162400
20150908,119.8200,120.0000,119.2700,119.8700,1404000
20150909,118.9900,121.4100,118.7200,121.0000,1282500
20150910,119.0200,120.0700,118.3500,118.7000,1106700
20150911,120.4900,120.5000,118.4700,118.9800,1399700
20150914,119.0200,120.0200,118.6900,119.9500,880800
20150915,121.7300,121.9600,118.7900,119.5000,1115800
20150916,122.8400,123.0600,121.0400,121.7200,1401000
20150917,120.1700,122.2500,119.7600,121.9500,2048100
20150918,115.2400,118.5900,115.1600,118.5800,3203900
20150921,114.8200,116.0500,114.3200,116.0000,2505600
20150922,113.2700,113.3800,110.8600,112.3300,2971100
20150923,112.2200,113.7600,111.7800,113.3000,1789400
20150924,111.1700,111.9400,108.2700,109.8900,2609800
20150925,110.5200,111.6500,109.8800,111.1000,2485500
20150928,106.8400,109.3600,106.7100,108.9700,2338000
20150929,108.1000,109.8400,106.8400,106.9500,2254000
20150930,108.5800,109.3800,106.7000,109.0200,2377800
20151001,105.4000,109.1400,104.7600,108.5000,2456800
20151002,107.9600,108.5400,103.0300,104.2200,3303000
20151005,111.7600,111.9900,108.1600,108.7600,2199200
20151006,112.1700,113.2300,110.5300,110.9400,1600300
20151007,112.5300,114.6000,111.0700,112.7300,1753400
20151008,114.2700,114.8600,112.0400,112.5900,1439200
20151009,113.0900,115.3700,112.8800,114.4900,1784200
20151012,111.9800,113.7100,111.7900,113.3200,1541200
20151013,109.9800,112.0700,109.9500,111.1000,1796200
20151014,109.3700,110.2900,108.6200,110.0800,1733700
20151015,109.1600,109.9700,107.5100,109.7700,2621100
20151016,108.7100,109.5200,107.4100,109.2600,2793800
20151019,108.5700,109.0000,107.8400,108.2200,2267900
20151020,109.4900,110.4600,107.1500,107.2300,2205500
20151021,108.5900,110.4400,107.8600,110.0600,1653900
20151022,111.8200,112.7300,108.6000,108.8600,2559000
20151023,112.8400,114.5200,112.1100,113.3900,2090600
20151026,112.1000,113.4900,111.8800,112.8400,1537400
20151027,102.3500,104.4400,100.6100,100.7500,8068400
20151028,103.2300,103.7700,99.7600,101.1000,4999900
20151029,103.4000,104.3600,102.4600,102.5100,3038100
20151030,103.5100,104.1800,102.5000,103.5500,3148600
20151102,106.8600,107.5800,103.2100,103.4900,2672500
20151103,107.4000,108.4000,106.0400,106.8600,2527000
20151104,106.7600,108.5200,105.0200,107.0500,2504600
20151105,106.5000,107.2500,105.2700,106.4900,2480600
20151106,106.4800,106.6800,105.0500,105.8600,1504000
20151109,105.2000,106.4900,103.7800,106.2600,2514900
20151110,103.7300,105.8900,102.2500,104.8900,3966700
20151111,100.0800,103.9100,99.8700,103.5200,3850100
20151112,97.8300,100.2000,97.7700,99.6600,2681600
20151113,98.6700,99.5300,97.4100,97.6800,1910700
20151116,99.1300,100.2800,98.1700,98.6200,2297400
20151117,97.9000,99.8200,97.7000,99.4800,2686600
20151118,98.3500,98.6000,97.6800,97.8600,1816800
20151119,98.5700,98.8600,97.7400,98.1500,1485300
20151120,98.7000,100.2000,98.4600,98.7100,1936100
20151123,98.1400,99.7500,97.8100,98.8000,1419000
20151124,98.6800,99.1500,97.4100,97.8600,2055800
20151125,99.5700,100.3000,98.9800,99.5600,1479300
20151127,99.7400,100.1400,99.1300,99.8200,536400
20151130,100.3700,101.2100,99.6100,99.9200,2341100
20151201,92.4100,96.8700,91.9200,96.5800,13064100
20151202,94.8500,95.3500,92.1700,92.2100,9087400
20151203,92.4800,93.9800,91.8000,93.9600,5274800
20151204,92.5000,92.7400,91.6500,92.4500,4127800
20151207,91.4100,92.4700,91.1500,91.8400,2810000
20151208,90.1800,90.9900,89.7300,90.2500,3664700
20151209,89.9200,91.1000,89.4400,89.6900,3428200
20151210,90.1600,90.2600,89.4800,90.2100,3224900
20151211,87.6100,89.1700,87.3500,88.8200,3009600
20151214,86.8300,87.8800,86.1100,87.4600,2796700
20151215,87.1000,87.5400,86.5800,87.0600,3017400
20151216,87.3600,88.5200,86.7100,87.8800,3638700
20151217,85.9600,87.5700,85.9300,87.0100,2351600
20151218,85.2100,86.5900,85.1800,85.8500,3604400
20151221,85.3900,86.4100,84.9900,85.9700,1804000
20151222,87.4100,88.3100,85.5100,85.6000,2811500
20151223,89.5600,89.9400,87.6700,87.9000,2707900
20151224,89.3000,89.9600,89.1700,89.5600,565200
20151228,89.2700,89.5200,88.2900,89.1200,1848200
20151229,89.8500,90.1600,89.4000,89.6000,1765500
20151230,89.1800,90.1300,89.1800,89.2400,1825300
20151231,88.0100,89.4900,88.0000,88.8500,1458600
20160104,89.9700,90.1500,86.0000,86.7500,3673900
20160105,89.0900,90.2400,87.9800,90.0500,2660200
20160106,88.6800,90.2400,87.9500,88.3300,2486000
20160107,87.1900,88.1800,86.7100,87.0300,2772900
20160108,86.0200,88.1600,85.5600,87.8700,3023800
20160111,85.4200,86.8100,84.6300,86.5900,3362200
20160112,86.6300,86.8500,85.2200,86.3500,2417800
20160113,84.9000,88.5700,84.7400,86.8700,2468200
20160114,86.6800,87.3900,84.0000,85.2200,2078600
20160115,84.3500,84.7400,83.1200,84.1100,2838700
20160119,83.5200,85.6900,82.7400,85.4500,2055200
20160120,84.2400,85.2300,79.8800,81.8900,3587600
20160121,86.0200,87.2900,84.2900,84.5800,2612300
20160122,86.4100,89.2300,85.6900,87.4200,2296500
20160125,84.0500,86.0900,84.0200,85.0000,1857900
20160126,85.3800,85.9400,83.5300,84.4700,2569100
20160127,85.2100,86.4400,84.1600,85.3000,1752300
20160128,86.9500,87.4900,85.3300,86.5100,2089000
20160129,89.8900,89.9500,87.0400,87.0400,2575700
20160201,91.1700,91.6300,88.0200,88.9400,2446400
20160202,88.9700,90.4000,88.3200,89.5500,2195100
20160203,90.6600,91.0400,86.8300,89.2000,2924200
20160204,97.5700,97.9700,90.8300,91.1800,5691400
20160205,99.0000,99.9200,95.0300,96.0800,3902600
20160208,98.4300,100.2300,96.8200,97.9100,3385600
20160209,99.7000,101.1900,98.4100,98.4100,3516100
20160210,96.3300,100.7900,95.7100,100.5800,4032600
20160211,95.2500,98.1600,93.5000,95.0500,2729300
20160212,97.0100,98.3700,94.9600,96.4500,2299500
20160216,99.1400,99.7600,96.3900,98.4600,2228700
20160217,97.5300,100.3900,97.1700,99.1000,3140400
20160218,97.2000,98.7000,95.6500,97.8800,2624500
20160219,96.5900,97.1200,95.0100,96.4700,2366700
20160222,98.5300,99.1700,97.5100,97.9500,1885700
20160223,97.5300,98.9100,96.7400,98.4800,2186500
20160224,96.1300,96.4300,93.2700,96.0800,2676300
20160225,97.7000,97.7400,95.5900,96.4900,1575700
20160226,97.6600,98.8000,97.2600,98.6700,1567600
20160229,97.5700,98.7200,97.4900,97.8000,1542400
20160301,100.2600,100.6400,97.1000,98.9400,2177200
20160302,99.4600,100.1600,98.0700,99.8100,2313100
20160303,101.2500,102.9900,99.0100,99.2300,2768400
20160304,102.2400,103.6600,100.3100,101.7300,3618100
20160307,105.0700,105.9400,102.0000,102.2400,2359500
20160308,101.7800,104.0000,99.3000,104.0000,3860000
20160309,102.0700,103.0500,100.4300,102.0600,1675800
20160310,102.7900,103.1100,100.7500,102.1100,2403800
20160311,104.0000,104.8100,103.2300,103.4300,2113900
20160314,105.1200,105.4800,103.3000,103.5500,2359800
20160315,104.5800,104.6200,103.2900,104.0000,1697500
20160316,106.3800,106.8000,103.9200,104.4200,1998000
20160317,109.5800,110.3900,105.5000,105.7500,2964900
20160318,110.0900,111.2900,108.1000,109.9400,4658600
20160321,110.6100,110.9900,109.4200,109.8300,1708300
20160322,109.4500,110.5900,109.2200,110.1100,1542500
20160323,107.7400,109.3200,107.6600,108.9500,2261400
20160324,107.4000,107.4200,104.8400,106.6700,1729000
20160328,108.4400,108.7700,106.6000,107.8400,1276900
20160329,109.9300,110.1300,107.0500,107.3600,1465300
20160330,109.3100,111.1600,108.3800,110.8300,1507800
20160331,109.9400,110.2900,108.9000,109.2000,1752500
20160401,110.1200,110.3900,106.9700,108.4800,1670800
20160404,109.0900,110.7100,108.6800,110.1100,1347800
20160405,108.0200,109.3600,106.6300,107.4900,1993100
20160406,106.4300,107.5000,104.3000,107.0700,3396300
20160407,105.0900,106.4000,104.8300,105.5100,2275100
20160408,106.2800,108.3000,105.8400,106.1100,1328200
20160411,106.2600,108.1400,106.2100,106.8300,1397500
20160412,107.8000,108.1900,106.1300,106.6900,1078500
20160413,113.7000,113.7700,108.7600,108.9600,4132800
20160414,114.5700,115.1700,112.7400,113.5100,2463200
20160415,115.3200,115.6100,114.1500,115.0000,2056100
20160418,116.6600,117.6800,114.5500,115.3400,2656300
20160419,117.7500,118.7400,116.3500,116.4600,2515900
20160420,116.6100,118.0200,116.1200,117.7500,1688900
20160421,115.1400,116.6400,114.6100,115.3600,1744800
20160422,116.1100,116.6100,114.6100,114.6700,2773500
20160425,114.9100,116.0000,114.1700,115.8600,1544300
20160426,116.1800,116.4900,115.1500,115.7000,2273200
20160427,116.7200,117.0500,115.6300,116.5600,3115200
20160428,116.6100,118.4700,115.8400,116.5200,1822000
20160429,117.0300,118.6400,115.7900,117.0200,1784000
20160502,116.5300,117.8800,115.6600,117.3900,2519200
20160503,118.6000,120.0000,114.3800,115.2700,3673000
20160504,114.4400,118.5500,112.9400,118.5400,3751300
20160505,113.8900,115.3300,113.5600,114.9000,1253400
20160506,114.9900,115.0600,112.8600,113.1900,1137800
20160509,112.4200,114.0700,111.7700,114.0700,1943900
20160510,114.7800,114.9500,112.3400,112.9400,2223400
20160511,114.7200,115.9300,113.8800,114.7900,1927700
20160512,114.3900,116.0000,113.8000,115.3500,1552400
20160513,111.7900,115.2700,111.6800,114.5900,1916100
20160516,114.1900,114.8100,112.0000,112.0000,1414200
20160517,114.2800,115.9900,113.5600,114.0000,1471300
20160518,110.6700,113.3000,110.0500,112.4500,2082200
20160519,108.0800,110.7600,106.2600,110.3300,2951000
20160520,108.2100,109.6000,108.0600,108.4900,1317600
20160523,108.1600,109.3600,107.3300,108.1000,864100
20160524,109.7100,109.9900,108.3600,108.5700,1160400
20160525,113.1700,113.4500,110.1600,110.5500,2029100
20160526,113.5000,114.8500,113.3600,113.7400,1746000
20160527,113.2400,114.4900,112.8400,113.4200,1412200
