20150529,34.1400,34.3300,33.9300,34.0500,2941500
20150601,34.1100,34.2700,34.0300,34.1200,2029600
20150602,33.3200,33.9200,33.1500,33.9200,3969800
20150603,32.6500,33.3900,32.4300,33.3000,4036200
20150604,32.4900,32.9700,32.4600,32.5600,3286700
20150605,31.7800,32.1200,31.4400,32.1200,5980200
20150608,31.7000,31.8500,31.4600,31.7500,3436500
20150609,31.7900,31.8700,31.6900,31.7400,2455800
20150610,32.1200,32.2100,31.7600,31.8700,3573100
20150611,32.6000,32.6500,32.2300,32.3300,4895600
20150612,32.2900,32.5200,32.2600,32.4000,3924200
20150615,31.9300,32.3800,31.8800,32.2500,4299500
20150616,31.9600,32.0500,31.7700,31.8700,2566000
20150617,32.3500,32.4100,31.9500,31.9500,3195800
20150618,32.8000,32.8800,32.4000,32.4000,2733500
20150619,32.5000,32.9000,32.4900,32.8000,2079000
20150622,32.4400,32.6900,32.2200,32.2200,1261900
20150623,31.9700,32.4200,31.9200,32.3500,1466000
20150624,31.6300,32.1200,31.6200,32.0100,2089600
20150625,31.3900,31.8000,31.3600,31.6900,3113500
20150626,31.8100,31.8200,31.2200,31.3700,4566600
20150629,31.5900,32.1000,31.5800,31.7800,3113100
20150630,31.8400,31.9000,31.5400,31.7500,4612400
20150701,32.1900,32.2000,31.7300,31.9300,3328900
20150702,32.7500,32.7700,32.4900,32.5000,3702200
20150706,32.9200,32.9900,32.5500,32.7100,4283900
20150707,33.9800,34.0800,32.9500,33.0200,5165600
20150708,33.7600,34.1600,33.7100,33.8500,3457500
20150709,33.5100,34.0400,33.4000,33.8500,3543800
20150710,33.7200,33.9600,33.4100,33.4100,2206200
20150713,33.8200,33.9900,33.5600,33.8600,2355700
20150714,33.7600,34.0400,33.6600,33.8800,2826800
20150715,33.8400,33.8600,33.4600,33.7500,1708500
20150716,34.3300,34.3700,33.8300,33.8500,1727500
20150717,33.6500,34.3400,33.6100,34.1900,3383900
20150720,33.3600,33.6100,33.2500,33.6000,3812400
20150721,33.0600,33.3700,32.7900,33.3200,3664300
20150722,33.1100,33.3200,32.9400,33.0600,2268000
20150723,32.7000,33.0700,32.4000,32.9900,3168500
20150724,32.9700,33.1900,32.6300,32.7100,2693300
20150727,33.2800,33.5000,32.9900,33.0400,2673600
20150728,33.5300,33.6800,33.1300,33.6800,2673800
20150729,33.6600,33.6700,33.1800,33.4000,2664600
20150730,33.9200,34.0800,33.4500,33.5500,2123100
20150731,34.2600,34.6100,34.2200,34.2700,2393100
20150803,34.3400,34.6100,34.1400,34.3400,2244800
20150804,33.9300,34.2800,33.9000,34.2500,1809500
20150805,33.7100,33.9700,33.5600,33.8900,1909600
20150806,33.9900,34.0200,33.5100,33.6800,2242600
20150807,34.2100,34.5000,33.7400,33.9100,2879700
20150810,34.2300,34.4300,34.1500,34.1700,2015500
20150811,34.7100,34.8400,34.0500,34.1400,2480000
20150812,35.1700,35.2400,34.4300,34.5700,2364300
20150813,35.1900,35.3300,34.7000,35.0200,1500300
20150814,35.3000,35.3100,34.9200,35.1600,1977100
20150817,35.5800,35.8400,35.1800,35.3700,2270100
20150818,35.7300,35.7600,35.4500,35.4900,3400900
20150819,35.8200,35.9700,35.3600,35.5700,2426400
20150820,35.6500,35.9500,35.3700,35.5700,2576000
20150821,35.5600,35.8000,35.3100,35.4400,5222600
20150824,34.1700,34.9600,34.0000,34.7900,6894100
20150825,32.7300,34.7700,32.7000,34.5800,4473500
20150826,33.1800,33.3000,32.4200,32.9800,3770400
20150827,33.7600,33.7800,33.1500,33.3300,2984900
20150828,33.4700,33.9300,33.0500,33.8000,2198800
20150831,32.7800,33.3800,32.5200,33.3100,2836400
20150901,32.1000,32.4800,31.9400,32.3200,3714800
20150902,32.2400,32.4200,31.8600,32.4200,2358000
20150903,32.4900,32.5700,32.1700,32.3200,2166200
20150904,32.2200,32.4300,31.9900,32.0800,2992800
20150908,32.6400,32.6500,32.1500,32.3300,2256000
20150909,32.2300,32.7900,32.1800,32.6800,2957400
20150910,32.2500,32.6600,32.1500,32.2000,2106600
20150911,32.6700,32.6900,32.0900,32.1100,1956900
20150914,32.6800,33.0100,32.6200,32.7600,1846000
20150915,32.9000,32.9800,32.3900,32.7800,1436900
20150916,33.2300,33.3100,32.8300,32.9500,1354200
20150917,33.7900,34.2800,33.1700,33.2400,3231300
20150918,33.6800,34.1700,33.4900,33.5300,3124600
20150921,33.8600,33.9600,33.6400,33.7900,1910300
20150922,33.5700,33.9300,33.3900,33.6900,2756300
20150923,33.7600,33.8600,33.4500,33.6400,2020600
20150924,34.2200,34.2400,33.3300,33.6300,2187300
20150925,34.5800,34.9800,34.0600,34.3100,1920200
20150928,34.4900,34.7800,34.3800,34.4000,1821600
20150929,34.5000,34.6700,34.2800,34.5300,1666400
20150930,35.3200,35.3500,34.5100,34.6800,2784000
20151001,34.9300,35.4500,34.5300,35.3900,3029200
20151002,35.6100,35.6100,34.8500,35.1400,2724100
20151005,35.7400,35.8500,35.2400,35.7400,2684500
20151006,35.6700,35.7100,35.1900,35.5600,3305200
20151007,35.4000,35.8100,35.1900,35.7300,2830600
20151008,35.9100,35.9800,35.1600,35.3400,1519000
20151009,35.6200,35.9400,35.3600,35.8900,2110100
20151012,35.8900,36.1200,35.5800,35.5800,1549500
20151013,35.7500,35.9900,35.5600,35.7800,3053100
20151014,35.6000,35.9900,35.5800,35.8500,1704200
20151015,36.2400,36.3000,35.6400,35.7000,1412100
20151016,36.3900,36.6800,36.2700,36.3700,1926200
20151019,36.5900,36.6300,36.1700,36.3100,2258300
20151020,36.7900,36.8900,36.4400,36.5300,1588200
20151021,36.6700,37.1600,36.6600,36.9000,1745000
20151022,37.1700,37.3000,36.6800,36.7700,1308100
20151023,36.7400,37.1300,36.5300,37.0800,2085900
20151026,36.8200,36.8200,36.2200,36.5800,1943600
20151027,36.5300,36.8900,36.3200,36.7300,2097100
20151028,36.2500,36.6900,35.8300,36.5600,2369600
20151029,35.7500,36.2200,35.1300,35.5600,4018700
20151030,36.0700,36.2700,35.6500,35.8700,2142600
20151102,35.9500,36.2200,35.7500,36.0600,2102500
20151103,36.2400,36.2700,35.5400,35.8100,2839700
20151104,35.8000,36.1900,35.6200,36.0100,3228600
20151105,35.8300,36.1100,35.7000,35.7700,3215400
20151106,34.2400,35.7800,33.9100,35.2500,4857600
20151109,34.4000,34.4500,33.8400,34.0200,3397000
20151110,34.9900,35.1000,34.4000,34.4400,2872100
20151111,35.3400,35.5200,35.0000,35.0600,2318400
20151112,34.8200,35.6400,34.6800,35.2700,1641800
20151113,34.6200,35.1500,34.4900,34.8500,1595600
20151116,35.5600,35.5800,34.5500,34.7100,2881100
20151117,35.0100,35.7400,34.8500,35.4100,2634800
20151118,35.3400,35.4100,34.6300,34.9700,2244700
20151119,35.4400,35.7000,35.2400,35.4100,1909600
20151120,35.6400,35.9200,35.5100,35.5900,1770600
20151123,35.2700,35.8300,35.1200,35.6700,1773100
20151124,35.0200,35.3100,34.7000,35.1100,1846400
20151125,34.8100,35.0700,34.6200,35.0700,1731000
20151127,35.1700,35.2800,34.8700,34.8700,762100
20151130,35.0200,35.3900,34.9600,35.2000,1793000
20151201,35.3900,35.4000,34.9600,35.1300,2018100
20151202,34.7900,35.3900,34.7500,35.2700,3175000
20151203,34.2400,34.6600,34.1800,34.6600,2896600
20151204,34.9800,35.0500,34.2400,34.3700,1858700
20151207,35.5000,35.5100,34.8200,34.9100,3442300
20151208,35.3800,35.6000,35.1000,35.4400,3038200
20151209,35.2600,35.6200,35.0800,35.2200,2392000
20151210,34.8700,35.3100,34.7200,35.2700,2808000
20151211,34.8600,35.0900,34.5100,34.7300,1700400
20151214,35.0300,35.2200,34.7600,34.7600,2827000
20151215,35.2200,35.4900,35.0400,35.1100,2471300
20151216,36.2300,36.2500,35.2900,35.3500,2145400
20151217,36.2000,36.4200,35.8600,36.1700,2304000
20151218,35.6100,36.0900,35.3400,36.0500,2619900
20151221,35.5900,35.9800,35.2500,35.7100,1883800
20151222,35.6900,35.8200,35.0000,35.6900,1947800
20151223,36.1000,36.1800,35.7600,35.8600,1996400
20151224,36.0100,36.1400,35.8900,36.0300,1003700
20151228,36.4100,36.4500,35.8900,35.9100,1708400
20151229,36.5700,36.7700,36.4200,36.5300,1213800
20151230,36.6800,36.8200,36.5900,36.6400,987200
20151231,36.0800,36.7200,35.8300,36.5700,1307700
20160104,35.6100,36.0900,35.2600,35.8300,4719500
20160105,35.8900,36.0200,34.9600,35.5600,2230400
20160106,35.9400,36.0700,35.5400,35.6700,1817300
20160107,36.1600,36.2400,35.5200,35.5900,3259500
20160108,36.1000,36.3900,35.9900,36.1600,3013300
20160111,36.0800,36.4200,35.8300,36.1500,2693000
20160112,35.9100,36.2700,35.5000,36.2300,2842200
20160113,36.1300,36.4700,35.9400,35.9400,3279800
20160114,36.7100,36.9500,35.9100,36.1000,3524300
20160115,36.1900,36.7400,35.8700,36.2400,3100200
20160119,36.8700,36.9800,36.2800,36.5000,3974800
20160120,35.9600,36.8500,35.4900,36.6700,2757800
20160121,35.9600,36.2700,35.6000,36.0200,2561300
20160122,36.5500,36.6400,35.8100,36.2200,2481300
20160125,36.3800,36.6600,36.2000,36.6400,1767200
20160126,36.8800,37.2600,36.4400,36.4900,3403700
20160127,37.3700,37.6000,36.7400,36.8600,3451200
20160128,37.8700,38.3100,37.0400,37.3500,2913200
20160129,38.8800,39.1000,38.0400,38.2400,4505500
20160201,39.1900,39.4400,38.6600,38.8700,2994000
20160202,39.4600,39.6100,38.9700,39.2800,3344100
20160203,39.4400,39.7800,39.2100,39.7800,4764300
20160204,39.2600,39.7600,37.5700,37.5700,4005900
20160205,39.8800,40.0000,38.6300,39.0600,2587000
20160208,39.8400,40.5800,39.3900,39.9700,3816200
20160209,39.8700,40.2100,39.5300,39.8300,3210800
20160210,39.4800,40.1300,38.9600,39.7500,3428700
20160211,39.2700,39.6100,39.0800,39.4500,2564400
20160212,39.1900,39.6400,38.8500,39.3300,3454400
20160216,39.1800,39.3400,38.6300,39.3400,2848400
20160217,39.0000,39.2800,38.8000,39.1900,2593300
20160218,39.6800,39.8500,38.8300,38.9800,2287700
20160219,39.4000,39.7900,39.2700,39.6500,3560600
20160222,39.6800,39.8400,39.3600,39.4700,1925300
20160223,39.9300,39.9900,39.2000,39.5800,2412400
20160224,40.2000,40.2800,39.7500,39.9400,2925200
20160225,40.5900,40.7900,40.1200,40.3900,2129900
20160226,39.5000,40.4700,39.4000,40.3100,2691800
20160229,39.5600,39.8900,39.3300,39.4100,2828400
20160301,39.4400,39.8900,39.0900,39.7100,2551300
20160302,39.4500,39.4600,38.3200,39.2600,2309700
20160303,39.6900,39.7100,38.7800,39.3300,3340700
20160304,40.3900,40.4800,39.2700,39.4200,3595000
20160307,40.5600,40.6100,40.1300,40.4800,2454300
20160308,40.8800,41.1200,40.3900,40.5300,3552000
20160309,40.9000,41.1500,40.6600,40.6600,2924000
20160310,41.0100,41.1600,40.6300,40.9200,3162100
20160311,40.9900,41.3200,40.7900,41.1200,2685400
20160314,40.9600,41.1800,40.7000,40.9900,1947400
20160315,41.0700,41.1800,40.8600,40.8600,2011500
20160316,41.3900,41.5000,40.6000,40.9200,2762300
20160317,41.7800,41.8700,41.3600,41.5000,3206100
20160318,41.3100,41.9200,41.3100,41.8600,4055500
20160321,41.3200,41.6000,40.8300,41.0900,2173500
20160322,41.0900,41.5600,41.0600,41.4300,1906600
20160323,41.5900,41.8700,40.9500,41.1500,2173700
20160324,41.6800,41.8500,41.5200,41.5800,1297700
20160328,41.6600,42.1100,41.4500,41.7900,1492100
20160329,42.2300,42.2900,41.6600,41.7800,2043500
20160330,42.2200,42.3300,41.8900,42.1800,1594500
20160331,42.4400,42.4900,42.0500,42.2600,2036300
20160401,42.7100,42.7500,42.1700,42.3900,2059600
20160404,42.6900,42.8700,42.1600,42.7500,1925600
20160405,41.7700,42.6500,41.7400,42.2100,2001400
20160406,41.8500,41.9000,41.5100,41.6300,2121400
20160407,41.5700,42.0700,41.4300,41.6700,2948100
20160408,41.7100,41.9900,41.6200,41.7200,1571900
20160411,41.6100,41.9400,41.5200,41.7800,1514900
20160412,41.7200,41.8200,41.4800,41.7000,1544000
20160413,41.3300,41.8200,41.0400,41.8200,1744000
20160414,41.2900,41.4300,41.1400,41.2000,1266300
20160415,41.5500,41.6800,41.2100,41.3200,2056400
20160418,41.6500,41.6500,41.2800,41.5500,2494700
20160419,41.7900,41.9000,41.4900,41.7100,2129300
20160420,40.3300,41.9900,40.2500,41.9000,3711400
20160421,39.3800,40.1600,39.2400,40.1600,2914400
20160422,39.6500,39.8000,39.2900,39.4800,2701900
20160425,39.5900,39.7000,39.3200,39.6500,3136500
20160426,39.4700,39.7700,39.3700,39.7200,2308200
20160427,40.0500,40.2600,39.3100,39.6100,3388500
20160428,40.3700,40.5800,38.9200,39.5300,2824500
20160429,40.6800,40.7800,39.7500,40.0700,2833900
20160502,41.1000,41.3300,40.6900,40.7300,2407300
20160503,40.9800,41.3800,40.6200,41.1500,2660200
20160504,41.3500,41.6200,40.5900,40.6400,2488800
20160505,41.2100,41.7200,40.9500,41.2400,1770900
20160506,41.1100,41.2300,40.5600,40.9500,2657700
20160509,41.3900,41.4900,41.0300,41.1600,2258400
20160510,41.6400,41.7800,41.2800,41.5000,1970700
20160511,41.6500,41.8200,41.4200,41.7600,1775100
20160512,42.0900,42.1900,41.4200,41.6100,2278100
20160513,41.9300,42.1300,41.5900,42.0700,1711100
20160516,41.8300,41.9500,41.6000,41.9000,2252500
20160517,40.9200,41.8500,40.6700,41.7100,1875600
20160518,40.3200,41.2600,40.1200,40.7100,2686900
20160519,40.8300,40.8700,39.8500,40.1300,2005900
20160520,40.8500,41.0100,40.4800,41.0100,1717700
20160523,40.6000,40.9900,40.5500,40.8900,2699900
20160524,41.2100,41.2500,40.6000,40.7600,1737900
20160525,40.9300,41.2300,40.8000,41.0600,1376800
20160526,41.4300,41.4700,40.8100,40.9800,1357000
20160527,41.5900,41.6400,41.2300,41.5300,1272000
