20150529,20.3700,20.5100,20.2400,20.3700,3535300
20150601,20.2200,20.4200,20.1800,20.4000,3308600
20150602,19.7300,20.2200,19.7000,20.2200,5056000
20150603,19.6200,19.7600,19.5200,19.7200,4083500
20150604,19.3000,19.7400,19.2800,19.5500,4208000
20150605,19.3200,19.4500,19.0600,19.1900,4800100
20150608,19.1800,19.4000,19.1800,19.2900,3023900
20150609,19.2900,19.3200,19.1500,19.1800,3668200
20150610,19.3900,19.6000,19.3900,19.3900,3652300
20150611,19.4900,19.5900,19.4200,19.4800,2417700
20150612,19.2600,19.4900,19.2400,19.4100,1611200
20150615,19.1300,19.2500,19.0500,19.2000,3275400
20150616,19.0800,19.1800,19.0300,19.1100,3005500
20150617,19.3900,19.4300,19.1200,19.1400,3856400
20150618,19.6700,19.7300,19.3700,19.4900,3742600
20150619,19.5200,19.7100,19.4800,19.6200,3827500
20150622,19.7100,19.8200,19.4600,19.5400,4178900
20150623,19.3400,19.7200,19.2800,19.6000,2679600
20150624,19.1700,19.4700,19.1700,19.3500,4494800
20150625,19.1600,19.3200,19.1200,19.2100,4704300
20150626,19.3500,19.3700,19.0500,19.1600,3511600
20150629,19.2600,19.5300,19.2600,19.2700,4244400
20150630,19.0300,19.3600,18.9200,19.3400,6446600
20150701,19.0800,19.1700,18.9900,19.0700,3134400
20150702,19.3500,19.3600,19.1000,19.1400,3589000
20150706,19.2200,19.4000,19.1100,19.3000,4107200
20150707,19.6000,19.6600,19.2700,19.2800,5090600
20150708,19.2200,19.6000,19.1100,19.5800,4985000
20150709,18.9500,19.4800,18.9400,19.3100,7152700
20150710,19.1200,19.2900,18.9600,18.9900,2918900
20150713,19.1700,19.2700,19.0700,19.1900,2202100
20150714,19.2600,19.3000,19.1400,19.1800,2129400
20150715,19.2700,19.2800,19.1300,19.2600,1667300
20150716,19.2400,19.4100,19.1600,19.3200,5125300
20150717,19.0000,19.3000,18.9900,19.2100,3744000
20150720,18.7500,19.0100,18.7200,19.0000,3683800
20150721,18.5900,18.8100,18.5500,18.7500,2245600
20150722,18.6200,18.8200,18.5600,18.5800,2780600
20150723,18.3400,18.6300,18.2300,18.5900,3371300
20150724,18.2900,18.4200,18.2000,18.3100,2845800
20150727,18.6800,18.7000,18.2700,18.2700,3452800
20150728,18.8900,18.9600,18.6100,18.7600,4595200
20150729,19.0800,19.1700,18.7700,18.8200,3367200
20150730,19.1400,19.2000,18.9600,19.0400,2423300
20150731,19.3400,19.4700,19.2000,19.2700,3686000
20150803,19.2200,19.4500,19.0900,19.3700,2634700
20150804,18.8600,19.4400,18.8300,19.2100,2147600
20150805,19.0400,19.1900,18.9000,18.9300,2940000
20150806,19.0800,19.1100,18.7100,19.0900,4578300
20150807,19.1400,19.2600,18.9300,19.0400,4399200
20150810,19.5300,19.5900,18.9200,19.0400,4787900
20150811,19.3600,19.6600,19.2600,19.5200,4562600
20150812,19.5900,19.6300,19.0000,19.0400,4325700
20150813,19.6400,19.7000,19.3300,19.5500,5087300
20150814,19.9200,19.9300,19.5500,19.5900,3747500
20150817,19.9200,20.0000,19.8500,19.9200,3332000
20150818,19.9100,19.9600,19.8400,19.8900,2802700
20150819,19.9000,19.9500,19.7000,19.8400,3316100
20150820,19.8200,20.1000,19.7000,19.7800,4707700
20150821,19.3100,19.8200,19.2900,19.7100,4218600
20150824,18.4900,19.0700,18.2500,18.5600,7274400
20150825,17.9200,18.9300,17.9000,18.8400,5067800
20150826,18.2300,18.2400,17.7200,18.1800,5287800
20150827,18.7500,18.7700,18.2800,18.3800,4020700
20150828,18.8200,18.8700,18.6400,18.7400,3995500
20150831,18.6200,18.7500,18.3300,18.7300,5289600
20150901,17.8400,18.3200,17.7500,18.3100,4717400
20150902,17.7200,18.0700,17.4800,18.0500,5898100
20150903,17.9400,18.0700,17.7500,17.7600,3506400
20150904,17.6100,17.7900,17.5400,17.7700,3504700
20150908,17.9800,18.0100,17.8000,17.8800,2542500
20150909,17.7500,18.0900,17.7200,18.0700,3845000
20150910,17.7300,18.0100,17.6800,17.7300,3279300
20150911,17.6900,17.7600,17.5700,17.6200,3233500
20150914,17.8100,17.8600,17.6700,17.7200,2862600
20150915,17.8700,17.9100,17.7100,17.8500,3002000
20150916,18.1400,18.1700,17.8300,17.9200,1809800
20150917,18.2800,18.5700,18.0700,18.1400,2496400
20150918,18.0500,18.3500,18.0100,18.0800,4632300
20150921,18.1900,18.3400,18.0600,18.1300,2875200
20150922,17.8200,18.1600,17.7500,18.0400,3422000
20150923,17.7500,17.9500,17.7200,17.8200,3123500
20150924,17.8200,17.9200,17.6900,17.7000,5344800
20150925,17.8900,18.0500,17.6800,17.8600,6715400
20150928,17.5400,17.9200,17.5300,17.8200,6013700
20150929,17.5300,17.6600,17.4800,17.5800,5777900
20150930,18.0400,18.0500,17.5700,17.6400,3367400
20151001,17.7700,18.1400,17.6000,18.1000,3464600
20151002,18.0300,18.0300,17.6200,17.7600,4183100
20151005,18.5500,18.5800,18.0600,18.1600,3812200
20151006,18.4900,18.6500,18.3500,18.5300,3052900
20151007,18.5700,18.8200,18.5100,18.5700,4415000
20151008,18.7400,18.8100,18.4800,18.5500,3545500
20151009,18.6700,18.8100,18.5500,18.7500,2330500
20151012,18.5400,18.8400,18.4800,18.6700,2881700
20151013,18.3900,18.6200,18.3600,18.5600,4469300
20151014,18.2600,18.4600,18.2400,18.4300,3805400
20151015,18.6600,18.7200,18.2700,18.3100,4947500
20151016,18.7000,18.8500,18.5700,18.7400,3066100
20151019,18.4800,18.5300,18.2600,18.3100,5051100
20151020,18.5900,18.6800,18.4300,18.4300,3329000
20151021,18.7700,18.9300,18.5700,18.6300,4191700
20151022,19.1300,19.2600,18.8400,18.8400,5540200
20151023,18.6200,19.2500,18.5700,19.1600,3988200
20151026,18.7700,18.7900,18.5100,18.6700,4498200
20151027,18.5900,18.7600,18.5100,18.6900,4322900
20151028,18.5300,18.7600,18.3100,18.6600,4340600
20151029,18.5300,18.5900,18.2700,18.4600,5457300
20151030,18.5500,18.6500,18.4300,18.5600,5422200
20151102,18.5000,18.6100,18.3600,18.5500,5130400
20151103,18.7300,18.7300,18.4000,18.4900,4075300
20151104,18.6800,18.8100,18.5900,18.7200,4442600
20151105,18.5100,18.9000,18.4700,18.7600,5799800
20151106,17.4600,18.7300,17.2600,18.4600,10387300
20151109,17.5000,17.5700,17.2700,17.4300,6192500
20151110,17.1300,17.4300,17.0800,17.2500,3397200
20151111,17.3300,17.3900,17.0100,17.1700,5128900
20151112,16.9100,17.3800,16.9000,17.2100,3381900
20151113,16.9600,17.0400,16.8600,16.9000,3838200
20151116,17.2300,17.2400,16.8800,16.9300,3017200
20151117,17.0700,17.3200,17.0100,17.2100,3482600
20151118,17.1600,17.1800,16.8700,17.0300,3038400
20151119,17.1000,17.2900,17.0500,17.1600,2664900
20151120,17.0900,17.3200,16.9900,17.1700,3251000
20151123,17.0000,17.2200,16.9600,17.1000,4644100
20151124,17.0600,17.1000,16.8500,16.9800,4707000
20151125,17.0800,17.1500,16.9200,17.0600,3043800
20151127,17.0000,17.1600,17.0000,17.0700,1181200
20151130,16.9500,17.0900,16.9400,17.0100,4070000
20151201,16.9900,17.1500,16.8400,17.0100,4259500
20151202,16.6000,17.0000,16.5700,16.9400,5754900
20151203,16.4500,16.6300,16.3500,16.5200,4726900
20151204,16.5100,16.6300,16.3700,16.4800,4627200
20151207,16.4100,16.5000,16.2100,16.4600,3844800
20151208,16.3400,16.3800,16.1500,16.2900,3236300
20151209,16.4100,16.6400,16.2600,16.3300,2873100
20151210,16.1400,16.5300,16.0700,16.4100,5313100
20151211,16.6900,17.4700,16.0500,16.1400,20470300
20151214,16.5400,16.8400,16.3000,16.6700,5570500
20151215,16.8900,16.9600,16.5900,16.6100,4938000
20151216,17.6000,17.6300,16.9300,16.9500,7606300
20151217,17.8400,17.8900,17.4400,17.6300,10916700
20151218,17.4300,17.8100,17.4100,17.7300,8626900
20151221,17.5300,17.5400,17.2600,17.4600,4986900
20151222,17.5900,17.7100,17.2600,17.5500,9144400
20151223,18.0500,18.1400,17.6800,17.6800,8384000
20151224,18.1100,18.2200,17.9800,18.0500,3405300
20151228,18.1800,18.2100,17.9000,18.0400,4482900
20151229,18.4600,18.4800,18.2400,18.3300,4442500
20151230,18.3000,18.4800,18.2200,18.4000,3638600
20151231,18.3600,18.4800,18.0600,18.2900,4090500
20160104,18.2700,18.2900,17.9500,18.2600,5118100
20160105,18.4400,18.4900,18.0400,18.3100,4854700
20160106,18.2100,18.4500,18.1000,18.2800,4372800
20160107,17.8500,18.1100,17.7800,17.9800,3701400
20160108,17.8100,18.2400,17.7700,17.9400,4660200
20160111,17.6000,17.8800,17.4400,17.7100,6813900
20160112,17.3000,17.6900,17.1300,17.6400,5609100
20160113,17.0700,17.5100,17.0300,17.3200,7041800
20160114,17.6300,17.7100,16.9400,17.1100,6195400
20160115,17.3000,17.4300,17.0100,17.2900,6491900
20160119,17.5000,17.5300,17.3200,17.4300,4798000
20160120,16.9000,17.4400,16.3800,17.2700,8473300
20160121,17.4300,17.6100,16.9000,16.9500,9739900
20160122,17.7800,17.8700,17.6100,17.7700,6390700
20160125,17.1000,17.8100,17.0200,17.6900,4858100
20160126,17.3700,17.4800,17.2000,17.2000,3556400
20160127,17.3100,17.4500,17.1700,17.3500,3908800
20160128,17.5400,17.6800,17.2600,17.5000,4402600
20160129,17.8700,17.9400,17.6800,17.7000,5865900
20160201,18.6200,18.8000,18.2400,18.2500,10143200
20160202,18.4200,18.6100,18.2100,18.5200,5600800
20160203,19.0500,19.2700,18.5400,18.5500,6606100
20160204,18.9500,19.2400,18.9100,19.0600,4189900
20160205,18.8500,19.0400,18.6600,19.0400,6012200
20160208,18.4300,19.0600,18.2800,18.8700,8203300
20160209,18.5500,18.7300,18.3200,18.4300,6138800
20160210,18.5100,18.7200,18.1200,18.5900,6144800
20160211,17.6500,18.2700,17.5200,18.1000,6796100
20160212,17.9700,17.9900,17.5500,17.6900,7357400
20160216,18.1000,18.2100,17.8000,18.0800,6571600
20160217,18.3400,18.4700,18.0400,18.2600,4172400
20160218,18.5600,18.6600,18.3000,18.3800,3643900
20160219,18.4400,18.4900,18.3000,18.4300,2863500
20160222,18.6400,18.8500,18.4900,18.5700,5069500
20160223,18.5800,18.5900,18.3900,18.4700,3282100
20160224,18.8600,18.8900,18.3600,18.4100,3920000
20160225,19.1400,19.1700,18.7300,18.9000,5659000
20160226,18.5300,18.9800,18.4000,18.7500,6866900
20160229,18.6300,18.8200,18.5000,18.5000,5603900
20160301,18.6700,18.9300,18.6000,18.8000,4188800
20160302,18.8200,18.8800,18.3200,18.5700,5520500
20160303,18.7800,18.8700,18.4800,18.8400,4531100
20160304,19.4900,19.6500,18.7000,18.7200,7060400
20160307,19.6900,19.8700,19.3500,19.4100,6150500
20160308,19.8600,19.9000,19.5100,19.6800,3918500
20160309,19.9500,20.1700,19.8300,19.8700,5377300
20160310,20.1900,20.3100,19.8400,19.9300,6677100
20160311,20.2800,20.4600,20.1500,20.3400,3223300
20160314,20.4300,20.5500,20.2200,20.2600,3783400
20160315,20.5100,20.5800,20.2600,20.3100,5307400
20160316,20.6300,20.7100,20.3200,20.4000,3559100
20160317,21.0700,21.1700,20.6700,20.6700,4062700
20160318,20.7300,21.2200,20.7200,21.1300,7773400
20160321,20.9500,20.9800,20.5600,20.6900,3092400
20160322,20.9700,21.0500,20.8400,20.9800,2698600
20160323,20.9400,21.0200,20.7900,20.9200,3025600
20160324,21.0000,21.0800,20.7200,20.8400,2021200
20160328,20.7900,21.0800,20.7000,21.0600,2826400
20160329,21.2500,21.2900,20.7400,20.7900,3483400
20160330,20.8500,21.3900,20.6500,21.3100,7644600
20160331,20.9200,21.0600,20.7700,20.9000,6063300
20160401,21.2000,21.2600,20.7300,20.8400,4669700
20160404,20.9600,21.1900,20.9100,21.1800,3055000
20160405,20.5100,20.9700,20.5000,20.8900,3407400
20160406,20.7200,20.7400,20.4700,20.5300,3750400
20160407,20.7300,20.8500,20.6100,20.6100,3196200
20160408,20.9100,21.0100,20.8200,20.9000,3524000
20160411,20.8600,21.1500,20.8000,20.9500,2329100
20160412,21.2600,21.3600,20.8900,20.9000,3648200
20160413,21.2000,21.3600,21.1000,21.3300,2396600
20160414,20.9600,21.2300,20.9000,21.1800,2916400
20160415,20.9900,21.0600,20.9000,20.9500,2740700
20160418,21.0200,21.0300,20.7600,20.9000,3955300
20160419,21.0000,21.1700,20.9100,21.1000,4859500
20160420,20.5800,21.0500,20.5500,20.9800,3448800
20160421,20.5500,20.7500,20.4600,20.6000,4541900
20160422,20.8100,20.9300,20.6600,20.6700,2565600
20160425,21.0600,21.0700,20.6500,20.7600,3855700
20160426,21.1000,21.2200,20.9700,21.0900,3080100
20160427,21.4300,21.5100,21.1400,21.1400,3577800
20160428,21.3600,21.5100,21.1500,21.2700,3039800
20160429,21.4500,21.5000,21.0900,21.2400,4204000
20160502,21.7000,21.7500,21.4400,21.4600,4366700
20160503,21.4400,21.6600,21.3200,21.5900,2559000
20160504,21.6800,21.8400,21.3200,21.4200,3601000
20160505,21.6500,21.8900,21.5500,21.6900,3166200
20160506,21.6300,21.7000,21.4600,21.6300,2182100
20160509,21.6800,21.8400,21.6500,21.7400,3982700
20160510,22.1000,22.1200,21.7100,21.7100,5953600
20160511,22.0100,22.3000,21.9500,22.1400,6124400
20160512,22.1100,22.1700,21.7200,21.7500,4730000
20160513,22.0000,22.2500,21.9100,22.0700,3532400
20160516,22.2400,22.2500,21.8900,22.0300,3818800
20160517,22.0000,22.2500,21.8700,22.1900,4290000
20160518,21.5300,21.9200,21.4000,21.8800,5178900
20160519,21.8900,21.9100,21.2500,21.4000,3391200
20160520,22.0700,22.0700,21.8100,21.9700,2592700
20160523,21.9800,22.1400,21.9400,22.0800,3231700
20160524,22.0300,22.1500,21.8800,22.0200,2921900
20160525,22.1200,22.1900,21.9400,22.0300,2492900
20160526,22.3500,22.3600,22.0200,22.1200,2469700
20160527,22.5100,22.5100,22.2600,22.3800,3540200
