20150529,83.5600,84.5200,83.3200,84.3800,2473600
20150601,83.3900,84.0400,83.1300,83.8000,2129300
20150602,83.9500,84.3000,83.2700,83.4400,2427900
20150603,84.3000,84.9100,83.9800,84.0000,2221400
20150604,83.1900,84.2800,83.0500,83.5500,3164000
20150605,84.9400,85.0100,83.7300,83.8900,3965400
20150608,84.9400,85.3700,84.6900,85.0800,3476700
20150609,85.5700,85.7200,84.5900,84.7400,2361700
20150610,86.9300,86.9900,85.4000,85.8000,4359300
20150611,87.6600,87.9400,86.7400,86.9900,2939100
20150612,87.5700,87.7800,87.1200,87.4700,2627500
20150615,87.4900,87.5900,86.7800,86.7800,2810100
20150616,88.0700,88.1200,87.1800,87.3700,2250500
20150617,87.8400,88.4900,87.7100,88.4900,2870300
20150618,88.5200,88.6500,87.7100,88.1600,2655700
20150619,88.4200,88.7600,88.0200,88.1500,3614800
20150622,89.3200,89.5000,88.9600,89.0000,2140900
20150623,89.3800,89.9900,89.1700,89.9300,1881000
20150624,89.0900,89.6500,89.0700,89.3100,2153800
20150625,88.8500,90.1000,88.5200,89.4800,2431700
20150626,89.0600,89.3200,88.7900,89.1600,3244000
20150629,87.7500,88.5500,87.6600,87.8700,3131100
20150630,87.9700,88.7500,87.7100,88.5200,2827500
20150701,88.6000,89.0100,88.1900,89.0100,2728800
20150702,88.3200,89.0700,88.0200,88.7200,1903700
20150706,87.7500,88.0000,87.2500,87.4100,1999400
20150707,87.8900,87.9600,86.3500,87.6700,2581300
20150708,86.2100,87.5400,86.1200,87.3900,2361700
20150709,86.7300,87.6100,86.7000,87.2200,2025700
20150710,87.6700,88.0800,87.1000,87.8200,1723600
20150713,89.0300,89.0900,88.1100,88.5300,2058800
20150714,89.0200,89.2200,88.5800,88.7300,1783800
20150715,90.1000,90.5600,89.0400,89.7400,2211300
20150716,90.9600,91.0800,90.5100,90.6500,2067300
20150717,90.9900,91.0200,90.2700,90.6300,2401100
20150720,91.4400,91.8500,90.5800,91.0800,2377100
20150721,91.7100,92.0600,91.2000,91.4200,2522000
20150722,91.6500,92.1000,91.2800,91.6200,2484000
20150723,90.7700,91.8000,90.6000,91.6200,2646200
20150724,78.8600,83.9000,78.2300,83.5400,16800000
20150727,78.6100,79.3800,77.9500,78.0400,7195600
20150728,78.6500,79.2500,77.8000,79.2500,7524100
20150729,79.6200,79.7400,78.8900,78.9400,4626500
20150730,81.5000,81.5800,80.1100,80.2200,4276500
20150731,81.3000,81.6000,80.9000,81.5800,3677200
20150803,81.6300,81.7000,80.7900,81.4600,3392900
20150804,81.3800,81.9200,81.2600,81.6300,2088400
20150805,81.8600,82.2200,81.3300,81.9500,3937500
20150806,81.1400,81.8300,80.8600,81.5400,3196300
20150807,80.8200,81.6300,80.2700,81.0000,2879000
20150810,82.4900,82.6700,81.3000,81.4700,2303100
20150811,80.8700,81.9200,80.4300,81.7100,2543800
20150812,80.6200,80.8900,79.1300,80.4400,3122100
20150813,80.7600,81.4200,80.3800,80.9800,2448700
20150814,81.2700,81.3600,80.3000,80.3300,1967000
20150817,81.6500,81.7800,80.5000,80.6900,2020200
20150818,81.2600,82.0800,80.8900,81.6100,2414600
20150819,80.1200,80.8700,79.7400,80.6600,4639000
20150820,79.0400,79.7700,79.0100,79.3000,2895600
20150821,76.6200,78.8200,76.6200,78.2900,4220400
20150824,73.5300,75.8700,67.7300,71.7900,4382600
20150825,72.2500,75.8500,72.2000,75.7900,3577000
20150826,74.7500,74.9100,72.4500,73.6200,3699900
20150827,77.3600,77.6300,75.5500,75.8100,4724900
20150828,77.3200,77.5200,76.7500,77.0700,2262200
20150831,77.7500,78.1100,76.6700,77.0200,2673000
20150901,74.3200,76.0700,73.8600,75.6800,2813000
20150902,75.3000,75.9400,74.1800,75.5400,2580200
20150903,76.1600,77.3500,75.6900,75.9900,2940000
20150904,74.8300,75.3200,74.1700,74.9500,2249800
20150908,76.7900,76.8000,75.7100,76.0000,2613000
20150909,75.8600,77.9800,75.6900,77.5200,2254200
20150910,75.8700,76.4300,75.3900,75.4600,2530900
20150911,75.6500,75.8900,74.9100,75.5900,2324400
20150914,75.7600,76.3400,75.2900,75.8100,2658200
20150915,76.3600,76.8000,75.9200,76.0000,3328300
20150916,77.2800,77.4100,76.1900,76.5800,2869600
20150917,75.8900,77.7000,75.5600,77.2900,2744500
20150918,73.5600,74.8800,73.3400,74.8400,4956100
20150921,74.5800,75.0200,74.0800,74.2100,2219900
20150922,73.6800,73.7800,72.9500,73.5200,2188000
20150923,73.5000,74.0800,73.1900,74.0800,2097300
20150924,73.1200,73.2400,72.1800,72.6000,3693200
20150925,74.0500,74.7300,73.8400,74.2200,2522200
20150928,72.1700,73.9500,72.1000,73.5800,1993200
20150929,71.5500,72.4900,71.0400,72.1200,2837800
20150930,72.5200,72.8600,71.7600,72.7200,2689600
20151001,72.9400,73.0200,71.7600,72.6300,4221000
20151002,72.8700,72.8700,70.1700,71.2100,3122500
20151005,75.3000,75.6400,73.3600,73.3600,2538700
20151006,75.2200,75.6900,74.6700,74.9000,2336700
20151007,74.9600,76.1700,74.6600,75.6800,2338200
20151008,75.0500,75.2600,73.8700,74.5500,2422000
20151009,74.4500,75.7100,74.2400,75.3500,2209500
20151012,74.2500,74.8800,74.0100,74.6500,1729900
20151013,73.9400,74.5700,73.6300,74.0700,2340900
20151014,72.5600,74.0500,72.3300,74.0000,3287400
20151015,74.5200,74.5400,72.6300,73.1800,2593300
20151016,74.6700,75.0800,74.1600,74.9500,2714200
20151019,74.6400,74.8800,73.9700,74.1400,2429300
20151020,74.5800,75.1600,74.4200,74.5400,2173500
20151021,73.6800,75.3000,73.6100,75.0100,3235800
20151022,74.9400,76.3800,73.7800,73.7800,4234100
20151023,81.1200,81.4100,77.1800,77.3600,6560700
20151026,79.6500,80.9300,79.4700,80.5100,3081900
20151027,79.3300,79.5900,78.9400,79.0800,1954300
20151028,81.1400,81.1900,79.2000,79.3400,2264200
20151029,80.2000,81.4100,79.9300,80.8800,2011900
20151030,78.9000,80.7300,78.8200,80.5500,2707000
20151102,80.2200,80.5000,79.2200,79.3700,2281600
20151103,80.8800,81.3700,79.7500,79.7600,1950900
20151104,80.5500,81.1900,80.3900,80.8300,2290700
20151105,79.5500,80.8200,79.5400,80.8200,3377200
20151106,81.4200,81.6200,80.4000,81.2300,3579200
20151109,80.4500,81.5900,80.1100,81.3400,2590200
20151110,79.3800,80.7700,79.3700,80.2800,2801000
20151111,78.8700,79.9300,78.6900,79.7600,2420500
20151112,77.3800,78.3300,77.1900,78.3300,3473100
20151113,76.9700,77.8600,76.7100,77.1400,2817700
20151116,77.9000,77.9000,76.6800,76.9500,2654000
20151117,76.3700,77.8500,76.3200,77.8000,3353500
20151118,78.2900,78.3100,76.6000,76.9500,3698500
20151119,79.5800,79.9800,78.5300,78.5300,3751800
20151120,79.4600,80.1700,78.8800,80.0700,3013600
20151123,78.8200,79.5500,78.7900,79.5500,1969900
20151124,78.6300,79.0200,77.6100,78.1000,2570300
20151125,79.0400,79.1600,78.4000,78.8500,1774900
20151127,79.0000,79.2500,78.2700,78.9800,907800
20151130,78.5100,79.5000,78.3700,79.0800,2999700
20151201,79.8200,79.8600,78.7600,79.0400,2204900
20151202,78.7700,79.9600,78.6500,79.6100,2570600
20151203,77.3300,79.1000,77.0500,79.1000,3035700
20151204,79.3700,79.5600,77.4000,77.9100,2665500
20151207,78.3300,79.0600,77.8200,78.7300,2262500
20151208,76.8600,77.7300,76.5400,77.4500,2630500
20151209,75.4200,77.2400,74.8800,76.3700,3517600
20151210,75.6100,76.4500,75.1800,75.3900,2428700
20151211,73.6800,74.5500,73.3000,74.2900,2915400
20151214,73.3100,74.6800,72.4900,73.8100,3448600
20151215,75.3700,75.5200,74.0800,74.2700,3039200
20151216,76.3600,76.5500,74.4000,76.1900,4175800
20151217,74.3800,76.7400,74.2800,76.5500,2890000
20151218,72.4700,73.9200,72.3200,73.9200,5097500
20151221,72.5800,73.5000,71.9500,73.0400,2503300
20151222,72.7700,73.0100,71.1000,72.6200,3367300
20151223,73.6900,73.9200,72.9600,73.1700,2361100
20151224,73.5200,73.9000,73.2600,73.6800,810700
20151228,73.1500,73.4200,72.2800,73.1500,1569800
20151229,73.7900,73.9900,73.1900,73.6000,1506200
20151230,73.2100,73.8000,73.1600,73.6200,1414600
20151231,72.1800,73.2600,72.1600,72.7100,1722100
20160104,70.7400,70.9100,69.8600,70.7700,3636200
20160105,69.4600,70.5500,68.7000,69.4300,5216200
20160106,68.5500,69.6900,67.9800,68.5500,4223300
20160107,65.0800,67.0000,64.8500,66.3400,5638300
20160108,64.2300,65.8900,64.0700,65.7500,4731700
20160111,64.7600,65.5400,64.0000,64.8200,3416800
20160112,65.8000,65.9700,64.6800,65.5600,3680300
20160113,63.6400,66.6600,63.4100,66.2800,5406000
20160114,64.6000,65.1100,62.5100,64.0100,4573000
20160115,62.8500,63.4600,61.8400,62.0000,4827300
20160119,62.1900,63.7000,61.5100,63.6900,3464500
20160120,60.7600,61.3700,58.9200,60.8000,5328000
20160121,61.1800,62.3000,60.5100,60.8500,3747300
20160122,61.1000,62.6000,60.5200,62.1500,4148100
20160125,58.6600,61.0100,58.4900,60.6900,5711500
20160126,60.3800,60.5000,59.1000,59.1000,5619900
20160127,63.3000,64.5900,61.2600,61.3000,8544900
20160128,62.9900,63.7900,62.1200,63.7900,6491500
20160129,65.6200,65.7000,63.2800,63.4900,6380200
20160201,65.0100,65.4500,63.7900,65.0000,4319500
20160202,63.2100,63.8600,62.8200,63.8300,5195700
20160203,63.1500,64.0100,59.8600,63.6600,6036600
20160204,63.7300,64.3600,62.8400,63.0000,4308500
20160205,63.3600,64.6300,62.6400,63.9200,3507800
20160208,60.8900,62.4500,60.1000,62.3300,3878300
20160209,62.4200,62.9300,59.7500,60.0400,4424000
20160210,62.2400,64.1200,62.1800,62.9200,3186400
20160211,60.1500,60.8800,58.7400,59.7100,4823200
20160212,62.5400,62.8400,60.6200,61.2100,5528000
20160216,64.2100,65.1300,63.0800,63.7100,4309000
20160217,65.1800,66.0500,64.8700,64.9600,3806000
20160218,65.9300,66.6800,65.1800,65.4800,4272100
20160219,65.7300,65.8800,64.7600,65.5000,2456700
20160222,67.7600,67.7900,66.4000,66.4400,3007600
20160223,65.7200,67.6100,65.3200,67.6100,3487000
20160224,65.4100,65.6400,63.4500,64.7700,2894800
20160225,66.4200,66.4200,64.8700,65.7600,2642200
20160226,67.2000,68.1900,66.6400,66.7300,3105800
20160229,65.7300,67.1800,65.7000,66.9300,3404300
20160301,67.9900,68.0000,66.1500,66.6700,4131800
20160302,69.1400,69.1400,67.7400,68.0200,2397500
20160303,69.6600,69.6600,68.6900,68.9700,2444600
20160304,69.5900,70.3900,68.9600,69.8100,2939300
20160307,69.5200,69.6200,68.7800,68.9400,2002700
20160308,68.4900,69.1700,68.0100,68.8500,2713800
20160309,68.7000,69.3000,68.2500,69.0400,2508100
20160310,69.2300,70.0000,68.1200,69.1800,2155600
20160311,71.0300,71.1200,70.0100,70.1900,2358000
20160314,69.9300,71.0100,69.7300,70.7800,2550400
20160315,69.3200,69.3200,68.3100,69.2900,3395800
20160316,69.3800,70.0800,68.8500,69.2100,3274100
20160317,69.5000,70.0600,68.5900,69.0500,4067500
20160318,70.5700,71.1200,69.5300,69.8200,5089800
20160321,70.8100,71.3900,70.0800,70.3100,2381000
20160322,70.4600,70.7800,69.9500,70.2800,1904900
20160323,70.2100,70.7700,70.0000,70.5200,2603800
20160324,69.7600,69.7800,68.8800,69.4400,2090100
20160328,69.2000,69.9700,68.9600,69.8100,1884400
20160329,68.8500,68.9600,67.5800,68.8300,4411700
20160330,69.1500,70.0000,69.0400,69.3000,2050000
20160331,69.3100,69.7900,68.9800,69.1500,3222700
20160401,70.8000,70.9700,69.2600,69.7300,2894900
20160404,69.8300,70.8900,69.7200,70.5900,1617400
20160405,68.5300,68.9500,67.7900,68.1000,3455200
20160406,68.2700,68.4200,67.2000,68.0100,3215900
20160407,66.5800,67.9800,66.1000,67.6600,2842900
20160408,66.6700,67.7200,66.4100,67.0300,2259300
20160411,67.2000,67.7000,66.7300,66.8300,3626200
20160412,68.3100,68.4600,67.4100,67.5500,2862000
20160413,70.8400,70.8700,68.9800,69.0000,3366100
20160414,71.4700,72.1800,70.4800,70.6600,2871400
20160415,71.3400,72.2400,71.0500,71.7200,2862500
20160418,71.6600,71.9000,70.5500,70.8900,1765400
20160419,72.8000,72.8900,71.4600,71.9600,2349100
20160420,75.4300,75.5500,73.3100,73.3500,4921500
20160421,74.7300,76.3000,74.6900,75.2500,2962000
20160422,75.5600,75.7300,74.4800,74.5000,1783000
20160425,74.9900,75.4700,74.4800,75.0800,2478000
20160426,75.9600,76.0000,74.6300,75.0300,2686100
20160427,74.3100,74.5000,72.8200,73.1300,6388700
20160428,73.3700,74.2600,72.9900,73.5600,2641800
20160429,72.3900,73.2900,71.8700,72.9900,2966500
20160502,73.5800,73.7300,72.0000,72.8700,2721000
20160503,71.9700,72.7100,71.4400,72.5600,2184500
20160504,69.6800,71.1700,69.2700,71.1600,4057500
20160505,69.1200,70.3300,68.6100,69.9300,5345400
20160506,69.3900,69.4300,68.4300,68.8000,3442600
20160509,69.6000,70.3700,69.2500,70.3100,2788900
20160510,71.1400,71.2800,69.9600,70.0100,2650200
20160511,70.3500,71.4500,70.3500,70.8300,2411900
20160512,69.3600,70.7300,68.8400,70.1700,2109900
20160513,68.7100,69.9600,68.3300,69.1500,2459700
20160516,69.2800,69.6600,68.3800,68.5300,2678700
20160517,68.8300,69.6700,68.4100,68.8800,2679000
20160518,70.9800,71.0100,68.6600,68.8300,4339200
20160519,70.5300,71.7900,69.8800,70.3800,3460700
20160520,70.9300,71.5700,70.4600,70.7600,2052300
20160523,70.6500,71.4900,70.4200,70.8200,1888200
20160524,71.6200,71.8500,69.6000,70.9100,2043100
20160525,73.2700,73.5300,71.8500,72.0400,2767100
20160526,72.5600,73.1600,72.2700,73.0300,1617300
20160527,73.8300,73.8300,72.3300,72.8800,2808400
