20150529,35.3700,35.6000,35.0200,35.1900,4165100
20150601,35.8100,35.9900,35.2300,35.4500,3954000
20150602,35.8400,36.3800,35.7700,35.8400,3036800
20150603,35.8700,36.0300,35.5000,35.6000,2248400
20150604,35.6300,36.0500,35.4100,35.5200,1815400
20150605,35.8000,36.0400,35.7200,35.7300,2388300
20150608,35.4100,35.9100,35.3500,35.6500,2936700
20150609,35.2800,35.5400,35.2100,35.2100,2195600
20150610,35.2300,35.7100,35.1500,35.4400,3939200
20150611,35.0700,35.4800,34.9500,35.2900,2919100
20150612,35.1200,35.1600,34.8300,34.9100,1840500
20150615,35.0500,35.1700,34.7600,34.9000,3387100
20150616,35.1800,35.3200,34.9200,35.0000,1903900
20150617,35.3300,35.6800,35.0500,35.1000,2368300
20150618,35.8000,35.8400,35.3500,35.3800,4172000
20150619,35.9100,36.1700,35.7000,35.8000,4904000
20150622,36.1400,36.3400,35.8800,36.0400,3102700
20150623,36.2300,36.4300,36.0400,36.1300,2436300
20150624,36.1000,36.7600,36.0200,36.3000,2622400
20150625,35.7100,36.1900,35.6300,36.1700,2373000
20150626,36.1200,36.2100,35.7000,35.8600,5948500
20150629,34.9900,35.9800,34.9400,35.8100,2662700
20150630,34.6100,35.3200,34.4000,35.1500,3929600
20150701,35.1300,35.1900,34.6700,34.9400,2921500
20150702,35.0000,35.4900,34.8500,35.1700,1988900
20150706,34.0900,35.0200,33.9400,34.8200,4708900
20150707,34.1600,34.3400,33.3100,34.1500,4987100
20150708,32.9000,34.3000,32.8500,33.8500,5061500
20150709,33.0800,33.5500,32.8900,33.3000,5615200
20150710,33.3800,33.4600,32.7200,33.0400,3031900
20150713,33.3400,33.8600,33.0000,33.7200,6564000
20150714,33.4300,33.8400,33.4000,33.5000,4633400
20150715,32.5800,33.3100,32.5100,33.2200,7507000
20150716,32.3000,32.7500,32.1700,32.7000,5193100
20150717,31.8500,32.2100,31.4700,32.1300,5402100
20150720,31.7200,31.9800,31.6700,31.9600,3456200
20150721,31.3600,31.8200,31.1000,31.6800,4888500
20150722,31.0500,31.4600,30.9300,31.3000,4620500
20150723,31.0000,31.6400,30.9700,31.4200,3322100
20150724,30.4700,31.0700,30.3100,30.9300,3657300
20150727,30.7500,30.7800,30.1300,30.3100,5652000
20150728,30.8800,31.1900,30.5000,30.7800,3828300
20150729,31.4500,31.6900,30.7700,30.8600,3976700
20150730,31.3000,31.4100,31.0700,31.2900,2371000
20150731,31.2000,31.5100,31.1400,31.3300,4147700
20150803,30.4300,30.6100,29.9200,30.6100,7957800
20150804,31.4100,32.6800,30.5000,32.0000,13250700
20150805,31.7300,31.8600,31.2500,31.7100,6206000
20150806,31.5600,31.9200,31.1700,31.7800,4301700
20150807,33.0700,33.4000,31.9200,31.9600,6916300
20150810,33.0700,33.3500,32.9500,33.2300,4402200
20150811,32.6400,32.7700,32.3800,32.3800,3207000
20150812,31.1900,32.1600,30.6700,32.1200,9342400
20150813,31.4600,31.7000,30.9400,31.2000,4807400
20150814,31.9300,32.2400,31.4200,31.6000,3812600
20150817,32.0200,32.0500,31.5600,31.8500,2546400
20150818,32.6300,33.1400,32.4600,32.6500,5722300
20150819,32.0800,32.4700,31.9000,32.3500,2452800
20150820,31.2100,31.8000,31.1900,31.8000,3270200
20150821,30.7100,30.9600,30.2400,30.9500,6067100
20150824,28.7200,29.4700,27.6200,28.7000,8649900
20150825,28.4000,29.7400,28.3900,29.4500,6095600
20150826,29.4000,29.4700,28.6000,29.0000,4965300
20150827,30.1000,30.2300,29.5300,29.7400,3891500
20150828,29.9600,30.4900,29.6800,29.8000,3391700
20150831,30.2500,30.7900,29.9300,29.9500,4822800
20150901,29.5900,30.1800,29.4400,29.6700,4347900
20150902,29.8000,30.0000,29.2100,30.0000,4571200
20150903,29.8500,30.2400,29.4600,29.4600,3383600
20150904,29.1600,29.6500,28.8600,29.4700,2842600
20150908,30.1500,30.2100,29.4400,29.7500,4441100
20150909,29.0600,30.4100,28.9600,30.2800,5111800
20150910,29.5100,29.7100,29.0000,29.1700,3556000
20150911,29.4400,29.4900,28.9500,29.4500,2488800
20150914,28.9900,29.3900,28.9300,29.3200,2231300
20150915,29.3800,29.5200,28.9400,29.0800,2642900
20150916,29.9200,30.0000,29.2400,29.4800,2579900
20150917,29.8500,30.4800,29.6800,29.9900,2499100
20150918,29.1000,29.6700,28.9900,29.3800,3260900
20150921,29.2900,29.7100,29.1400,29.2600,1968000
20150922,28.9200,29.0300,28.5500,28.9400,1947300
20150923,28.4000,29.1200,28.3500,29.0200,1720100
20150924,28.7300,28.9400,28.1500,28.3200,3676700
20150925,28.4800,29.1600,28.2900,29.0800,2292800
20150928,27.4400,28.5900,27.4200,28.2200,2431300
20150929,27.7400,27.8200,27.2200,27.4700,3145300
20150930,28.9300,28.9700,27.9900,28.0600,4848100
20151001,28.4500,29.0100,28.1400,28.8800,4173200
20151002,29.3500,29.3900,27.9300,28.1000,3642700
20151005,30.3100,30.6800,29.5900,29.6000,5369600
20151006,30.4100,30.8000,30.0800,30.2800,4075800
20151007,30.3500,30.9400,29.9800,30.4000,3621700
20151008,31.4500,31.8800,30.0900,30.2000,4466500
20151009,31.2800,31.6000,30.9300,31.4000,2500600
20151012,30.8300,31.5700,30.7600,31.4200,2081600
20151013,30.8000,31.2500,30.5400,30.7100,2513900
20151014,30.7700,30.9500,30.3700,30.8400,2496200
20151015,29.8600,30.9300,29.8200,30.8700,4512200
20151016,29.6900,29.8900,28.8500,29.8300,7789500
20151019,30.1700,30.3200,29.9100,29.9700,3543500
20151020,30.0600,30.3600,29.9300,30.1900,2853700
20151021,30.0600,30.9300,30.0300,30.6300,4909500
20151022,30.1500,30.4300,29.9300,30.3500,4117400
20151023,30.1300,30.3500,29.5300,30.3500,5600700
20151026,30.3200,30.6400,29.9500,30.3500,4315500
20151027,31.6500,33.0800,31.3300,32.3800,11331400
20151028,31.0000,31.6700,30.4000,31.5400,6927000
20151029,30.8600,31.2500,30.6300,31.0000,2905700
20151030,31.2000,31.3800,30.8500,30.8600,3276000
20151102,31.7400,31.8400,30.7800,31.1800,3401100
20151103,32.5500,32.8200,31.8100,31.9600,4279400
20151104,32.2800,32.7200,31.8800,32.5700,3008700
20151105,32.7200,32.9600,32.2300,32.4500,4360300
20151106,32.0600,32.7100,31.8900,32.5000,3767400
20151109,30.8800,32.0500,30.6700,31.9600,5239900
20151110,31.3700,31.4600,30.3200,30.6500,5436300
20151111,30.2400,31.3100,29.8200,31.3100,6116600
20151112,30.0200,30.9100,29.9200,30.0000,4898200
20151113,29.2300,29.6100,28.7400,29.4900,6141800
20151116,29.3800,29.8200,28.9400,29.2000,3438800
20151117,28.9300,29.5000,28.7000,29.3000,4357300
20151118,29.5900,29.6300,28.7500,29.0000,4459200
20151119,29.6600,30.1300,29.3300,29.4500,3044700
20151120,30.5500,30.5600,29.7100,29.8800,4094900
20151123,31.5500,31.5900,30.3900,30.5600,5379300
20151124,32.1700,32.3200,31.0400,31.1100,6860900
20151125,32.3900,32.5900,31.9800,32.2500,4211400
20151127,31.8200,32.5600,31.7500,32.3500,2221500
20151130,31.7700,32.2700,31.1800,31.6400,6319800
20151201,31.5700,32.2000,31.3600,32.0000,4616500
20151202,30.8800,31.5600,30.7700,31.0900,4059700
20151203,29.8700,31.0200,29.6600,31.0000,6689300
20151204,30.5800,30.7200,29.7100,29.8700,5403400
20151207,31.0700,31.1500,30.0700,30.4500,4114000
20151208,31.2200,31.3600,30.6100,30.8100,4637500
20151209,30.5100,31.6400,30.2100,30.7800,4905000
20151210,31.1200,31.2600,30.0700,30.5200,3980900
20151211,30.3800,30.9900,30.2800,30.7700,3293100
20151214,31.0900,31.2800,30.3000,31.0200,6159700
20151215,32.3400,32.6000,31.8100,32.0000,7191300
20151216,33.3300,33.4400,32.4100,32.4300,6851500
20151217,32.6400,33.4500,32.5200,33.4400,5771200
20151218,31.9900,32.6400,31.6300,32.3300,7342800
20151221,32.7000,32.7200,31.8700,32.1200,4689000
20151222,33.0300,33.1900,32.6100,32.7800,4475700
20151223,33.2800,33.4500,32.3900,33.3000,3865900
20151224,32.6500,33.2200,32.5500,33.0800,2726400
20151228,32.6200,33.0500,32.3900,32.5900,2685400
20151229,33.0000,33.2300,32.8300,32.8500,3378900
20151230,32.6700,33.0200,32.6100,32.9600,1398400
20151231,32.7300,32.9000,32.4900,32.6100,2582000
20160104,33.6400,33.6600,32.0800,32.3500,6508900
20160105,33.9700,34.1900,33.3100,33.8200,5592000
20160106,32.7900,33.4700,32.3700,33.2100,4493500
20160107,32.8900,33.2700,32.1000,32.1000,5203300
20160108,31.9500,33.2500,31.8700,33.0100,4760000
20160111,32.7700,32.8900,31.9800,31.9800,4162200
20160112,32.5900,33.4700,31.8400,33.2100,3718100
20160113,31.5200,32.9500,31.3900,32.7300,4696600
20160114,31.7600,32.1500,30.4900,31.5900,4181100
20160115,31.4300,31.6400,30.3600,30.8800,5791900
20160119,31.1600,32.1500,30.7900,31.6800,4374200
20160120,31.4600,31.6100,30.0600,30.7800,8553300
20160121,32.4700,32.9600,31.4200,31.5800,4915300
20160122,32.4300,33.4400,31.8800,33.1600,5162600
20160125,30.3500,32.1700,30.1800,32.0600,10744500
20160126,33.3300,33.9600,32.1000,32.7700,16514500
20160127,34.1900,35.2700,33.2700,33.3500,11581000
20160128,35.8200,35.8900,34.5300,34.7600,8616600
20160129,37.0500,37.0700,36.0200,36.2000,12055500
20160201,37.2100,37.4900,36.5000,36.8000,5928600
20160202,37.1500,37.7700,36.7300,37.3200,5272200
20160203,36.4200,37.5200,35.3400,37.3500,9979400
20160204,36.0900,36.2800,35.4400,35.9000,5336400
20160205,35.0500,35.9200,34.7400,35.9200,6189500
20160208,34.4300,34.7800,33.7700,34.6800,5793100
20160209,34.0500,34.7300,33.5500,33.9600,3612300
20160210,33.6500,34.3300,33.4900,34.2300,3777900
20160211,33.6300,33.8600,32.9500,33.1800,4983800
20160212,34.5300,34.6400,33.6200,34.0000,4672100
20160216,35.5800,35.6700,34.7600,34.7900,4501600
20160217,35.9700,36.1800,35.5000,35.9700,3935700
20160218,36.3100,36.5600,35.4600,35.6500,3778800
20160219,35.8200,36.4200,35.1900,36.0200,3352300
20160222,36.1800,36.5400,36.0200,36.1800,4144800
20160223,36.9500,38.4000,36.1800,36.2300,4919200
20160224,37.8900,38.0100,36.7400,36.7500,6786400
20160225,38.9000,39.0500,37.7300,37.9600,6923700
20160226,38.5700,38.9900,38.2900,38.9100,3379300
20160229,38.9400,39.2200,38.4900,38.7000,4850000
20160301,39.3300,39.5400,38.9300,39.0000,3888700
20160302,38.8700,39.0600,38.3400,38.6800,2858600
20160303,38.7900,39.0900,38.5200,38.8800,2153300
20160304,38.7800,39.4000,38.3500,38.8300,2824500
20160307,39.1900,39.2100,38.4300,38.6200,3248300
20160308,38.4600,39.2500,38.4000,38.8700,2805100
20160309,38.8100,39.0100,38.1900,38.7600,3375900
20160310,39.0900,39.5600,38.6300,38.6800,4345600
20160311,39.6600,39.8100,39.1900,39.4000,3622400
20160314,39.4000,39.9500,39.2300,39.5400,3343000
20160315,38.8600,39.1500,38.4800,39.0200,2902400
20160316,39.0100,39.1600,38.4100,38.8600,1389900
20160317,39.7200,39.9400,38.8600,38.9700,3241800
20160318,39.2700,39.7800,39.0300,39.7800,3327500
20160321,39.4100,39.5700,39.0400,39.2000,2204200
20160322,38.8600,39.3000,38.7000,39.1700,2661400
20160323,38.7500,39.3200,38.5000,38.6800,2029600
20160324,38.6800,38.7100,38.0600,38.7100,1809800
20160328,38.9300,39.2500,38.4400,38.6800,1865500
20160329,39.4100,39.5600,38.7900,38.8600,2981300
20160330,40.3200,40.5300,39.5800,39.6800,4349000
20160331,40.0900,40.8600,39.8400,40.3200,3330100
20160401,40.5200,40.6300,39.5400,39.5400,2601600
20160404,40.1500,40.8900,39.9900,40.6200,2423500
20160405,39.7100,40.0700,39.6900,39.8600,1936200
20160406,40.3000,40.4200,39.5400,39.8100,2492800
20160407,40.3100,41.4500,39.8700,40.8600,7251600
20160408,38.9700,40.3400,38.8000,40.3400,5455600
20160411,39.3100,39.5800,38.6700,39.0800,4635100
20160412,39.0100,39.4600,38.4600,39.1400,3446000
20160413,39.4500,39.5000,38.4100,39.0000,2864900
20160414,38.7200,39.6900,38.6700,39.4700,2630700
20160415,38.9800,39.4100,38.6000,38.6900,2476400
20160418,39.6400,39.6700,38.7600,38.9800,2492200
20160419,40.0700,40.5800,39.5500,40.0600,4720000
20160420,40.4900,40.6800,39.7600,39.9900,4693600
20160421,39.9900,40.7100,39.6700,40.5500,3400300
20160422,40.2800,40.6900,39.9700,40.2800,3532200
20160425,40.1900,40.4800,39.9100,40.4800,6955400
20160426,41.8600,42.0000,39.0600,40.5000,10674400
20160427,42.0000,42.1300,41.1800,41.6600,4697500
20160428,41.2100,41.9700,41.0600,41.7200,4050600
20160429,40.2700,41.1600,39.8100,41.1600,4362500
20160502,41.3400,41.4700,40.3400,40.4900,3392600
20160503,40.7100,41.2900,40.4300,41.0200,2721800
20160504,40.4200,41.0800,40.3000,40.5600,3026900
20160505,39.6200,40.5300,39.4200,40.4100,3035400
20160506,39.9100,39.9900,39.1200,39.5800,2881500
20160509,40.6900,40.8400,39.6900,39.9000,4131900
20160510,40.6100,40.7300,40.1200,40.5500,3700000
20160511,38.1800,39.5700,38.1600,39.5700,6208200
20160512,38.0100,38.3900,37.6100,38.3500,6427800
20160513,37.3000,38.0200,36.6400,37.7400,7709300
20160516,37.6500,37.9500,37.1300,37.4100,3501200
20160517,37.8800,38.2100,37.1000,37.5000,4397300
20160518,37.3800,37.8300,37.1700,37.7300,3189100
20160519,38.1000,38.2100,37.5100,37.5900,3315100
20160520,39.1300,39.2300,38.0100,38.2200,4469500
20160523,38.8800,39.4800,38.8300,39.0600,2836300
20160524,39.4800,39.5700,38.9700,39.0100,2641200
20160525,39.5100,39.6100,39.0100,39.2500,2785100
20160526,39.3300,40.0600,39.1700,39.8000,2745700
20160527,39.6000,39.6400,39.1700,39.3900,2660200
