20150617,31.5500,33.0000,31.2400,31.5000,1048800
20150618,31.5300,31.8800,31.2600,31.5300,231000
20150619,31.0300,31.3600,30.9300,31.2300,221100
20150622,31.5000,31.9200,31.1000,31.1000,107900
20150623,30.4000,31.5500,30.4000,31.5000,587400
20150624,29.9400,31.0000,29.7500,31.0000,607500
20150625,30.0000,30.0700,29.6500,30.0000,532700
20150626,29.4600,30.1200,29.1100,30.1200,1629100
20150629,28.9800,30.1600,28.9800,29.5000,298900
20150630,28.8000,29.1600,28.6500,28.6700,787900
20150701,27.5900,29.4000,27.5900,29.4000,9620000
20150702,30.3400,30.9800,27.2600,27.9300,8031600
20150706,30.4400,31.1800,29.2500,29.5600,4748600
20150707,30.7600,31.1900,29.9300,30.8500,2238400
20150708,30.2400,30.8200,29.8600,30.0000,1571300
20150709,29.3700,30.8700,28.9400,30.2600,3338700
20150710,29.8000,30.0900,29.3900,29.4400,1757300
20150713,29.7100,30.0300,29.4000,29.4000,1897000
20150714,29.6300,29.9300,29.1100,29.2900,3070200
20150715,29.4400,29.8100,29.2400,29.5200,3467600
20150716,29.1900,29.6600,29.1200,29.3700,4699100
20150717,29.2300,29.5900,28.8500,29.3700,3626900
20150720,29.2200,29.5400,28.7900,28.8900,2170900
20150721,29.5300,29.6200,28.7100,29.1700,2340300
20150722,28.8700,29.7300,28.8300,29.2500,1951300
20150723,28.8600,29.2300,28.6700,28.7400,2724800
20150724,28.7600,29.3800,28.6600,28.6900,1326900
20150727,28.8800,28.9400,28.3200,28.6000,1107700
20150728,29.4900,29.5000,28.7600,28.8500,1137800
20150729,29.5900,29.8400,28.4500,29.1900,2309500
20150730,29.6000,29.8000,29.2900,29.4200,768500
20150731,29.1800,29.9400,29.1500,29.6000,1802000
20150803,28.4700,29.9500,27.7000,28.0100,2560100
20150804,28.1900,28.6800,28.0500,28.2800,2533300
20150805,27.4000,29.1800,26.0900,29.1800,3498300
20150806,27.3400,27.4100,25.8200,27.2100,3865400
20150807,27.5000,27.5700,26.7700,26.9800,1416800
20150810,28.0100,28.8100,27.5200,27.6100,2033600
20150811,27.8200,28.1300,26.8800,27.2400,2261200
20150812,28.0000,28.1300,27.5100,27.7800,5667800
20150813,27.6900,27.9800,27.5500,27.9600,3734800
20150814,27.5900,28.2700,27.5700,27.7000,1780800
20150817,27.7000,27.8200,27.5100,27.6100,693100
20150818,27.2900,27.8000,27.2600,27.6500,1475500
20150819,27.3500,27.5400,26.7700,27.1000,2220300
20150820,26.4400,27.4100,26.4000,27.1200,1362000
20150821,25.7600,27.1100,25.7400,26.4900,1890600
20150824,24.4900,27.6900,23.4200,25.0200,3483600
20150825,23.4200,26.0600,23.4100,25.8300,2378300
20150826,23.6700,24.0300,23.1600,23.9600,2211900
20150827,25.1700,25.1800,23.8200,23.8700,2368600
20150828,25.5400,25.7000,24.9100,24.9100,2045300
20150831,25.3600,25.8200,25.0700,25.2900,1803300
20150901,24.0300,24.7100,23.8600,24.7000,2538000
20150902,24.3100,24.3300,23.7600,24.2700,2614400
20150903,24.1700,24.6100,24.1100,24.3400,1309100
20150904,24.2200,24.4300,23.7000,23.7400,1261500
20150908,24.5600,24.7200,24.2600,24.4000,894500
20150909,23.8900,24.7900,23.7900,24.0400,982000
20150910,23.4500,24.0400,23.3700,23.8700,1290000
20150911,23.5000,23.5000,23.0300,23.2500,1514200
20150914,23.1800,23.5900,23.0800,23.4600,778000
20150915,23.0400,23.4400,22.9600,23.2300,1495700
20150916,22.9700,23.2600,22.9100,23.0100,2544800
20150917,22.6900,23.2400,22.6300,23.1100,1723600
20150918,22.2100,22.7400,21.5700,21.7500,3520500
20150921,21.5500,22.4600,21.3100,22.3000,2176900
20150922,20.9200,21.4200,20.8000,21.4200,2624000
20150923,19.9800,20.9700,19.9300,20.8800,1844700
20150924,19.3800,19.8500,18.7000,19.7800,3554800
20150925,18.9900,19.6600,18.8800,19.4600,2889700
20150928,18.0500,18.9000,17.8500,18.8000,3361300
20150929,17.7000,18.7200,17.6400,18.1500,4650400
20150930,18.2900,18.3100,17.5100,17.5100,3336900
20151001,18.2100,18.7300,17.7200,18.4800,2623100
20151002,18.3600,18.9200,17.8800,17.8800,2369400
20151005,18.4600,18.9700,18.3800,18.3800,5125300
20151006,18.8500,19.0500,18.2900,18.4500,5778900
20151007,18.9900,19.3900,18.4300,19.0900,3695300
20151008,20.2500,20.8100,18.9200,19.1800,6381300
20151009,21.1800,21.2700,20.2600,20.4000,4390700
20151012,21.0800,21.3100,20.6500,21.1800,2937800
20151013,20.8900,21.1500,20.4600,20.7700,3755900
20151014,21.0900,21.2300,20.8200,20.8500,2474700
20151015,21.3000,21.7100,20.9300,21.2000,1539700
20151016,21.2000,21.7200,20.8900,21.6100,1705800
20151019,21.1500,21.2100,20.8400,20.9600,1652600
20151020,21.0800,21.2300,20.8000,21.0000,2541000
20151021,20.9000,21.2900,20.7900,21.1800,1751000
20151022,20.6500,21.1500,20.3100,20.9700,3794400
20151023,20.9400,21.0200,20.4500,20.5500,1193900
20151026,19.9600,21.0400,19.9200,21.0200,1999500
20151027,19.7000,19.8200,19.2100,19.7900,2396900
20151028,20.0000,20.0300,19.5000,19.7500,1834800
20151029,20.5600,20.5800,19.8700,19.8700,1309100
20151030,20.7700,20.9400,20.3300,20.5500,1459700
20151102,21.1200,21.1800,20.5600,20.6900,1497500
20151103,21.9700,22.3800,21.0000,21.5100,2712700
20151104,21.0900,22.3100,20.9100,21.9700,2061700
20151105,20.9800,21.3400,20.8200,21.3100,1635300
20151106,20.6200,20.7800,20.3700,20.6700,1510600
20151109,20.1800,20.8600,20.1400,20.5600,1003300
20151110,19.9800,20.3300,19.9300,20.1700,1232100
20151111,19.9300,20.0500,19.4700,20.0100,1567900
20151112,19.3600,19.7400,19.2400,19.7200,2499900
20151113,19.0800,19.4900,18.2900,19.3800,3036900
20151116,20.0700,20.0700,19.1000,19.2300,1531100
20151117,19.4800,20.1200,19.3500,20.0200,1086500
20151118,19.8200,19.8900,19.4000,19.8900,1155900
20151119,19.2800,19.8400,19.2200,19.8200,1003000
20151120,19.0700,19.5000,18.9500,19.3000,829300
20151123,18.8700,19.1500,18.7400,18.9700,1232900
20151124,19.3800,19.5400,18.6300,19.0400,1921800
20151125,19.2700,19.3400,18.9500,19.3000,746800
20151127,19.2900,19.3700,19.1600,19.2300,390600
20151130,19.1700,19.4400,19.0700,19.3800,1982400
20151201,19.0500,19.2300,18.8300,19.0600,1183900
20151202,19.7900,19.8900,17.8500,17.9000,34475900
20151203,19.0000,20.0200,18.8700,19.8500,7178800
20151204,18.8100,19.2100,18.2400,18.8500,3567400
20151207,17.9700,18.4200,17.2800,18.4200,7214900
20151208,18.2800,18.9800,16.9500,17.5200,5815500
20151209,19.3900,19.5600,18.6500,18.8900,3062100
20151210,19.2000,20.1100,19.0700,19.3600,2838800
20151211,18.7500,19.0000,18.3500,19.0000,3037500
20151214,18.6100,19.2200,18.3400,18.6400,4912700
20151215,19.5600,19.6200,18.9100,18.9700,4994500
20151216,19.5400,19.7800,19.0500,19.5900,3544500
20151217,19.6700,19.8300,19.2800,19.6500,3616500
20151218,19.3100,19.8900,19.2000,19.6500,11730600
20151221,19.3500,19.4800,18.7400,19.4100,3269900
20151222,19.4000,19.8400,19.1200,19.4600,3232000
20151223,20.0400,20.1700,19.5800,19.7900,3714200
20151224,20.0400,20.3400,19.9300,20.0200,900300
20151228,19.9700,20.0900,19.5600,19.8400,1737700
20151229,19.7700,20.3000,19.6000,20.1700,1047500
20151230,19.4900,19.7900,19.1800,19.5700,1464200
20151231,20.0000,20.0500,19.1800,19.3800,2574000
20160104,20.1000,20.2200,19.7500,19.8700,4060900
20160105,20.1900,20.2900,19.8400,20.1200,3158000
20160106,19.1900,20.0100,19.1200,19.9200,2283600
20160107,18.3700,19.0000,18.2500,18.7900,9144800
20160108,18.5500,18.8800,18.2800,18.5000,2204300
20160111,17.9300,18.6500,17.9200,18.5900,2288800
20160112,17.4600,18.3800,17.3500,18.2300,4341800
20160113,17.0000,17.9300,16.8500,17.6000,5118300
20160114,17.5100,17.6300,16.9400,17.1000,3030500
20160115,17.1000,17.2100,16.9200,17.1400,2966200
20160119,16.4900,17.4300,16.3400,17.3100,3255000
20160120,16.1300,16.3300,15.3900,16.2200,3297800
20160121,16.6300,16.9800,16.0100,16.1600,2597100
20160122,17.7500,18.4000,17.0100,17.0100,3064500
20160125,17.2500,18.2600,17.2000,17.3600,3453900
20160126,17.7500,17.8600,17.1700,17.4100,2150100
20160127,17.7500,18.2400,17.3800,17.6100,1384500
20160128,18.0500,18.5700,17.8500,18.3000,1835000
20160129,18.5500,18.5500,18.1000,18.1200,3340100
20160201,18.1100,18.3700,17.4800,18.2900,1967200
20160202,17.8900,18.0800,17.5100,17.7900,3358200
20160203,18.3900,18.4200,17.4400,18.1700,2163300
20160204,18.0600,18.7600,18.0200,18.6600,2988300
20160205,17.2800,18.3300,17.2600,18.3300,2753900
20160208,16.6100,17.0200,16.2100,16.8900,4577100
20160209,15.9300,16.5300,15.4600,16.4200,4974500
20160210,16.2200,16.4500,15.7000,15.9500,1655700
20160211,15.8900,16.0400,15.5300,15.9300,2139400
20160212,16.2800,16.3700,15.8800,16.2000,1544500
20160216,16.8200,16.8400,16.4300,16.5100,2043500
20160217,17.4600,17.5600,16.6500,17.0100,2186900
20160218,17.5400,18.3700,16.3600,16.3600,2871200
20160219,17.0800,17.4100,16.8300,17.3100,2014100
20160222,17.7100,17.7400,17.1300,17.4400,2194000
20160223,16.9600,17.9200,16.9000,17.5900,1862300
20160224,17.2600,17.3400,16.5300,16.6400,1244300
20160225,17.5800,17.5900,16.9100,17.2900,870200
20160226,18.0200,18.1800,17.6100,17.8900,1596600
20160229,18.1500,18.3700,17.8100,18.1800,2736400
20160301,18.0800,18.3300,17.6800,18.2600,1715400
20160302,19.2500,19.2900,18.0000,18.0300,1813000
20160303,19.8200,19.8600,19.0400,19.2700,2403300
20160304,19.6100,20.2500,19.2500,19.9800,2645900
20160307,19.7300,20.0000,19.5000,19.5500,3306900
20160308,18.9300,19.6900,18.9000,19.5000,1617200
20160309,19.7500,19.7700,19.0500,19.2600,2194800
20160310,21.4300,23.4000,19.4700,19.8000,14165500
20160311,22.9600,23.3200,22.4000,22.5400,5568600
20160314,22.9000,23.1700,22.5700,22.7700,3230400
20160315,23.0100,23.0300,22.4400,22.6000,2814800
20160316,23.0000,23.5800,22.6500,23.0000,3646200
20160317,23.5100,24.0400,22.8800,22.8800,3203600
20160318,24.8400,25.1700,24.7200,25.1400,70723104
20160321,25.0200,25.1200,24.8500,24.9000,10697500
20160322,24.9900,25.1000,24.9500,25.0200,10817800
20160323,25.0200,25.0500,24.9700,25.0300,11895000
20160324,25.0400,25.1500,25.0000,25.0000,12961300
20160328,25.0200,25.0800,25.0100,25.0600,13273800
20160329,25.0600,25.1000,25.0300,25.0300,15603600
20160330,25.1300,25.2300,25.0500,25.0500,19279700
20160331,25.1000,25.2000,25.0600,25.1500,14732100
20160401,25.0800,25.1500,25.0700,25.1100,9388900
20160404,25.1100,25.1800,25.0800,25.1200,8958000
20160405,25.1000,25.2200,25.0800,25.1400,11098000
20160406,25.1300,25.2000,25.1100,25.1600,6160100
20160407,25.2100,25.2200,25.1100,25.1300,5571400
20160408,25.2500,25.3100,25.1500,25.2300,5305100
20160411,25.3800,25.4900,25.2300,25.2400,7954600
20160412,25.5500,25.6500,25.3200,25.4000,6735200
20160413,25.4600,25.5500,25.4300,25.5000,3841800
20160414,25.4600,25.5000,25.3900,25.4900,3451800
20160415,25.4100,25.4500,25.3900,25.4300,5923200
20160418,25.3900,25.5000,25.3900,25.4200,5085200
20160419,25.3700,25.4700,25.2600,25.4500,10427200
20160420,25.4700,25.5600,25.3100,25.3900,5566400
20160421,25.4900,25.5700,25.4300,25.4700,2602800
20160422,25.6100,25.6300,25.4800,25.4800,6121300
20160425,25.5500,25.5900,25.5000,25.5800,1865100
20160426,25.9300,25.9800,25.5400,25.5600,6888600
20160427,25.6100,25.8300,25.5100,25.8300,8877200
20160428,25.6300,25.7500,25.4900,25.4900,3787100
20160429,25.6200,25.7100,25.5500,25.6300,5394100
20160502,25.6300,25.7200,25.5200,25.6200,5151300
20160503,25.5400,25.7000,25.5100,25.6300,3348100
20160504,25.5000,25.6200,25.4800,25.5300,5964600
20160505,25.4900,25.6300,25.4200,25.5400,2755600
20160506,25.3700,25.5300,25.3400,25.4800,6991400
20160509,25.6200,25.6200,25.3600,25.3800,4987500
20160510,25.5300,25.6500,25.4600,25.5700,3644500
20160511,25.5000,25.5600,25.4700,25.5100,2801200
20160512,25.4700,25.5700,25.4700,25.5300,4274700
20160513,25.4900,25.5500,25.4600,25.4800,4131100
20160516,25.5500,25.6100,25.5000,25.5200,1397600
20160517,25.5000,25.5800,25.5000,25.5600,4043200
20160518,25.5100,25.5600,25.4800,25.5100,5255300
20160519,25.5300,25.5400,25.5000,25.5000,4605000
20160520,25.5200,25.5800,25.4800,25.5400,5275200
20160523,25.5100,25.5500,25.5000,25.5200,5757200
20160524,25.5200,25.5600,25.5000,25.5300,5052000
20160525,25.5200,25.5500,25.5100,25.5300,3667600
20160526,25.5800,25.6200,25.5100,25.5300,5374600
20160527,25.5300,25.5800,25.5100,25.5400,2147600
