20150529,72.7500,72.9300,71.6600,72.5600,4838100
20150601,73.1000,73.4900,72.2500,72.7900,3191400
20150602,72.9000,73.3500,72.6100,72.8300,2623000
20150603,73.4700,73.6000,72.7000,73.2100,2649500
20150604,72.2100,73.4800,72.0100,72.9100,2767500
20150605,73.5500,73.6700,71.8500,72.0000,3187600
20150608,71.8400,73.2800,71.2400,73.2800,3830600
20150609,71.7600,72.4800,71.0000,72.4600,3236500
20150610,73.0300,73.3000,71.4700,72.0300,2476600
20150611,72.4000,73.4900,72.2500,73.1700,2371700
20150612,71.7700,72.3500,71.4700,72.2000,2288100
20150615,72.5600,72.6700,70.7300,71.3100,2844600
20150616,73.4000,73.5500,72.0000,72.0000,3434200
20150617,74.4200,75.8100,73.3100,73.5000,7291600
20150618,75.7100,76.2100,74.6000,74.6300,4230300
20150619,75.0000,75.9500,74.9600,75.5000,5372600
20150622,74.7800,75.7100,74.3500,75.5000,3112700
20150623,74.2000,74.9800,73.8600,74.8600,3142400
20150624,73.5000,74.5500,72.9900,74.1000,2763300
20150625,73.6100,74.6500,73.3700,74.3200,1958200
20150626,72.3400,73.9100,72.0900,73.7500,4089800
20150629,70.0000,71.8700,69.9300,71.6700,2698200
20150630,69.6300,70.7800,69.1100,70.6800,3559900
20150701,70.5400,71.0400,70.1500,70.5800,3060700
20150702,70.4200,71.0500,69.9800,70.9200,1562300
20150706,69.1600,69.8300,68.5500,69.7700,3586700
20150707,70.2600,70.5100,68.3300,70.1800,4937200
20150708,69.3900,70.4900,69.0700,70.0300,2988500
20150709,69.9600,71.6000,69.9400,70.5000,3297500
20150710,71.1400,71.4200,70.4700,70.9700,2252200
20150713,71.0500,71.8600,71.0000,71.5900,2446400
20150714,71.7900,72.0100,71.2100,71.2100,2024100
20150715,71.3600,72.1600,71.0700,71.7500,1722300
20150716,72.4200,72.4300,71.6300,71.9100,2774900
20150717,72.8100,73.5000,72.0700,72.5400,3005700
20150720,72.7700,73.1900,72.4100,72.8900,2175900
20150721,73.8300,73.9200,72.5000,72.6200,3620500
20150722,73.8700,74.4200,73.1800,73.3700,3296400
20150723,72.2100,74.5200,71.9700,74.2500,3231600
20150724,73.9200,74.1900,72.2600,72.7100,3480300
20150727,72.4600,73.8900,72.3100,73.3700,3478400
20150728,73.7900,73.8600,71.7500,72.7900,3435200
20150729,73.8800,74.1900,72.3300,73.0300,2158700
20150730,73.3600,73.8400,72.3400,73.6900,2362800
20150731,73.3000,74.1500,73.0100,73.4100,2144600
20150803,72.4400,73.6400,72.0600,73.5700,2581400
20150804,71.8900,72.7600,71.8000,72.4500,2089300
20150805,72.5300,73.6400,72.4300,72.5700,2108900
20150806,70.4300,72.8800,70.3200,72.7800,2195400
20150807,70.4100,70.7300,69.4800,70.4500,2226200
20150810,71.2700,71.5200,70.7000,71.1300,1814000
20150811,71.6300,71.8800,70.4000,70.6800,2406200
20150812,71.0400,71.3800,69.5600,71.1000,3135100
20150813,71.4000,71.9300,70.7500,71.4400,2302900
20150814,72.9900,73.2700,70.8600,71.1900,3246900
20150817,74.0400,74.1400,71.6000,72.5900,3073000
20150818,72.5800,74.0500,72.0300,73.9100,4126500
20150819,72.0400,72.9400,71.7400,72.5400,4774900
20150820,67.8200,72.0000,67.5000,71.6200,8168000
20150821,69.1500,71.5500,68.2800,69.0000,13138700
20150824,65.1700,68.9900,64.1600,65.7600,9650000
20150825,65.1800,68.2000,65.0200,67.5900,7104000
20150826,68.5200,68.6400,65.2900,66.7000,8044100
20150827,69.9400,70.2400,68.2500,69.3100,4918100
20150828,70.2500,70.8200,69.4700,69.7500,4191100
20150831,69.3600,70.2100,69.0300,69.7900,3891900
20150901,66.6300,68.6200,66.2600,67.8600,4373900
20150902,67.9800,67.9800,66.3300,67.5900,3465400
20150903,68.2500,69.2500,67.9500,68.3000,2937100
20150904,67.1300,67.9700,66.5400,67.2800,3146000
20150908,70.7600,70.8200,68.3100,68.3400,4098400
20150909,69.0300,71.3300,68.8500,71.0200,3652800
20150910,69.7400,70.0000,68.9200,69.0000,2861200
20150911,70.0500,70.0900,68.9000,69.5400,3442000
20150914,69.8900,70.4000,69.5400,70.2000,3436000
20150915,71.2700,71.7000,70.1500,70.6300,4276400
20150916,71.8800,72.0000,70.9800,71.5000,3330300
20150917,72.3200,73.2000,71.5000,71.5000,4205900
20150918,71.4000,72.4200,70.6200,71.3000,6039500
20150921,72.1400,72.6400,71.0600,71.7600,2914000
20150922,71.6500,71.9400,70.9100,71.3900,3460100
20150923,71.9900,72.3600,70.9700,71.5000,2688800
20150924,71.7100,72.0000,70.4500,71.5500,3056000
20150925,72.4400,73.6200,71.9500,72.6000,4829900
20150928,69.0400,72.6900,68.9700,71.9500,5638500
20150929,68.3800,69.6700,67.7100,69.0900,4660200
20150930,69.4300,69.6200,67.8200,69.0800,4080100
20151001,72.9100,73.0700,68.6800,69.1600,8106900
20151002,73.9300,74.0200,71.1600,71.6800,4838600
20151005,75.2700,75.7500,73.8600,74.0900,4169700
20151006,74.4200,75.2800,73.8900,75.0900,2519400
20151007,75.0000,75.2900,73.2500,74.6200,3044400
20151008,75.0900,75.9000,74.1200,74.9800,3804700
20151009,75.2500,75.7000,74.7400,75.2300,3113600
20151012,75.8800,76.2500,74.9900,75.3100,2594500
20151013,76.6300,78.3000,75.8400,76.5200,5578600
20151014,75.5800,76.5700,75.2100,76.2900,3447200
20151015,77.7000,78.3400,75.9100,76.1900,3295300
20151016,78.7700,78.8400,77.4600,78.1800,3566600
20151019,77.9300,79.3300,77.4800,78.4400,4346900
20151020,77.5300,78.5100,76.8800,78.0000,2006700
20151021,75.8300,77.5300,75.3100,77.4200,3134700
20151022,77.3700,78.4200,76.4500,76.4500,3280100
20151023,78.5600,79.3800,77.2700,78.2000,3971400
20151026,78.2200,79.3000,77.6400,78.5800,2740300
20151027,77.7500,78.6200,77.3200,78.0400,1683800
20151028,78.5300,78.5300,76.5700,77.8800,3266800
20151029,78.1400,78.7200,77.5700,78.5800,1822100
20151030,77.7100,78.6300,77.4200,78.1500,3371600
20151102,79.2000,79.8200,77.5000,77.7100,3110000
20151103,78.6300,79.3200,78.2500,79.0300,2398500
20151104,78.3900,79.4800,78.0800,78.8800,2585800
20151105,78.7100,79.4800,77.8000,78.4100,2601900
20151106,79.4100,79.6300,78.1800,78.5600,2835100
20151109,78.2200,79.0200,77.4100,78.9300,3088300
20151110,78.2500,78.3600,77.3000,78.2000,2610500
20151111,78.7100,79.0000,78.0900,78.5400,2385700
20151112,78.3000,79.7500,78.2300,78.4700,3159800
20151113,75.6000,78.0800,75.4200,78.0800,3922600
20151116,76.2600,76.3300,73.9400,75.5400,4053200
20151117,77.2400,78.4900,76.4100,76.5700,4567600
20151118,77.3500,78.0500,75.8100,77.7700,6442500
20151119,80.6400,82.9000,80.4500,81.0500,11602800
20151120,80.9900,82.1400,79.7100,80.9000,5336300
20151123,80.7800,81.7400,80.3900,80.4400,3593700
20151124,80.3900,80.8000,79.1300,80.3000,3420300
20151125,80.4100,81.1200,79.7500,80.3700,2487300
20151127,79.9700,80.4800,79.4500,80.2200,2221700
20151130,79.6900,80.1800,79.2900,79.7300,4375300
20151201,81.0100,81.1000,79.6500,80.3500,3689400
20151202,80.8800,81.9400,80.4200,80.7700,3363700
20151203,79.9300,82.0600,79.5600,80.9600,4769100
20151204,82.1400,82.1400,80.1600,80.3300,4340400
20151207,80.6800,81.8600,80.3000,81.8100,2954800
20151208,81.0800,81.4600,79.8600,80.2100,2103400
20151209,79.7100,81.4000,79.2200,80.8300,3181000
20151210,79.3800,79.9700,79.1600,79.8000,2027400
20151211,76.8700,78.8800,76.6500,78.3000,4466700
20151214,76.9900,77.6700,75.8500,76.7600,3932700
20151215,77.3700,77.8700,76.9700,77.6600,3359400
20151216,78.8900,79.1000,77.1200,77.6400,3726700
20151217,78.4300,79.3200,78.0400,78.9700,2654300
20151218,77.0300,79.4900,77.0300,78.1100,5869000
20151221,77.2900,78.3300,76.4300,78.3000,3001500
20151222,77.8600,78.0900,76.8500,77.5200,2097500
20151223,78.0400,78.9000,77.9400,78.2000,2641000
20151224,77.8300,78.3500,77.5800,78.0300,1084700
20151228,78.2000,78.2000,77.3800,77.6600,2317600
20151229,79.4400,79.7600,78.4400,78.5000,2224800
20151230,79.1400,79.8900,78.9700,79.3000,1814700
20151231,78.4000,79.4200,78.3600,78.9900,2450300
20160104,76.7100,77.2100,75.6400,77.1400,4891100
20160105,77.0500,77.9700,76.6700,77.0700,2648200
20160106,76.2900,77.3300,75.6300,75.7200,3475500
20160107,74.3000,75.6000,73.4700,75.1300,5963700
20160108,73.2300,75.2600,72.9000,74.7800,3672500
20160111,73.1800,73.8300,71.8600,73.7400,3646700
20160112,74.4600,75.2800,73.0500,73.9700,4077800
20160113,72.3500,75.7100,71.8000,74.9900,4700400
20160114,73.0700,73.6200,70.8700,72.4200,4727300
20160115,70.8600,71.0500,68.1800,69.8700,9561100
20160119,70.8000,72.1900,69.9000,71.8600,7353700
20160120,70.3300,70.8300,66.9400,69.1300,8068900
20160121,69.5100,70.6400,69.1400,70.3600,4635600
20160122,71.5500,71.6400,70.3000,70.4500,3747700
20160125,69.9200,71.4000,69.8000,71.2300,2754700
20160126,69.8700,70.1000,69.2200,69.9600,2928200
20160127,67.4300,69.8500,67.0300,69.2700,5473300
20160128,65.6900,67.5000,65.2700,66.8800,8729900
20160129,68.0600,68.1000,66.1200,66.4900,5582900
20160201,68.4400,69.0900,67.0700,67.5900,4394900
20160202,64.5200,67.7500,64.1600,67.6500,7589100
20160203,65.3400,66.5000,63.2400,65.4200,7955700
20160204,67.2000,67.3700,64.8300,65.6800,7131800
20160205,58.5100,63.2700,57.7500,63.1100,19018300
20160208,54.0500,56.9900,52.6000,56.8700,17922400
20160209,57.3300,58.5800,52.7900,53.6100,16374300
20160210,58.7600,61.5900,58.3800,58.5000,9825300
20160211,59.2400,59.8500,56.5800,57.1900,7736600
20160212,59.6800,60.5300,59.1000,60.0100,4898800
20160216,59.7200,60.9800,58.4600,60.6800,5391200
20160217,63.4900,64.4200,59.8900,60.3800,9826800
20160218,61.7000,64.1800,61.5800,63.4800,6710000
20160219,62.1400,62.3600,60.6600,61.7500,4845100
20160222,63.9800,64.3400,62.1400,62.1400,7353600
20160223,62.9000,63.7800,62.4400,63.7200,5258400
20160224,62.5200,62.9800,60.3300,62.0000,10785400
20160225,69.4200,70.8400,67.1400,70.5000,18232300
20160226,69.7200,70.0100,68.2800,69.6800,8348800
20160229,67.7500,69.1600,67.6500,69.1300,7628500
20160301,70.0200,70.0600,67.5000,68.1200,5141500
20160302,70.4300,70.5500,69.5200,69.6800,4922500
20160303,70.8000,70.9400,69.5200,70.0500,3237600
20160304,71.0600,72.1800,70.6300,71.1800,4347900
20160307,70.4900,70.8600,69.0000,70.5000,4613100
20160308,69.8200,70.9000,69.1700,69.7900,4072000
20160309,71.0400,71.1200,69.9200,70.0900,4254600
20160310,70.7000,72.3200,69.7900,71.4400,4977700
20160311,71.6300,71.9000,70.8700,71.1600,3425100
20160314,72.2200,72.4900,71.1700,71.3100,3848600
20160315,71.7000,72.3500,71.0900,71.7800,3201300
20160316,72.7300,72.9200,71.1100,71.2700,2981200
20160317,72.7200,73.1800,71.6000,72.5300,3369200
20160318,72.6500,73.5400,72.1900,73.1000,5951400
20160321,72.2500,72.6700,71.6900,72.5000,2846300
20160322,72.8500,73.2800,71.7000,72.1600,3341600
20160323,71.7800,72.5800,71.4900,71.6900,2938600
20160324,72.4400,72.4500,71.0600,71.5400,2698800
20160328,71.9500,72.6800,71.4100,72.3900,2681800
20160329,72.3000,72.6900,70.7100,71.5400,4596200
20160330,74.3000,74.6600,72.9600,73.0000,5172500
20160331,73.8300,74.3900,73.3800,74.0600,4207100
20160401,75.7300,75.9500,73.1100,73.3800,4547700
20160404,75.6900,76.4400,75.4100,75.8500,2978100
20160405,74.5800,75.5100,74.3600,74.8800,2359300
20160406,75.5800,75.6800,74.4700,74.7600,2033300
20160407,75.3200,75.4600,74.6800,74.9100,3833500
20160408,74.8500,75.9400,74.3000,75.7200,2375700
20160411,74.1600,75.5000,74.1300,75.4700,2142600
20160412,74.2700,74.5400,73.4400,74.5300,2239100
20160413,75.9500,76.1900,74.4500,74.7700,3090200
20160414,76.1500,76.5900,75.6600,76.0000,2687500
20160415,76.3100,76.5400,75.8800,76.2500,2123800
20160418,77.2700,77.2900,75.8600,76.2400,1908300
20160419,76.1900,77.5900,75.5300,77.5900,2162800
20160420,76.1400,76.6400,75.7900,76.2000,1988600
20160421,77.1500,77.8200,76.5000,76.6600,3540300
20160422,76.4800,76.8700,75.3500,76.2300,3174100
20160425,76.5100,76.8300,75.8800,76.1800,2445200
20160426,76.2100,76.8000,75.8000,76.8000,1943900
20160427,75.6900,76.2000,74.8000,75.6700,3339500
20160428,75.3800,76.6400,74.9600,75.3800,3791200
20160429,75.8000,76.0600,74.4800,75.0100,3221300
20160502,77.2500,77.4300,75.7100,76.3000,3281500
20160503,74.9000,76.6800,74.3800,76.4000,3266800
20160504,73.9900,74.6300,73.5400,74.3100,2834500
20160505,73.8100,74.5900,73.6400,74.1100,2082900
20160506,74.2500,74.3200,73.1700,73.5000,3080100
20160509,74.6200,75.3200,74.2000,74.2500,2118100
20160510,75.9200,75.9800,74.9500,75.1300,2701300
20160511,75.7900,76.9200,75.7800,75.9900,2484200
20160512,75.8900,76.7900,75.1900,76.4500,2718900
20160513,76.3700,77.3400,75.9500,76.0000,3575200
20160516,77.3100,77.6900,76.0000,76.6700,4127500
20160517,76.7700,77.5500,76.5700,77.4600,4569200
20160518,77.8700,78.4900,76.6400,76.7700,7229400
20160519,81.0900,82.4800,80.1500,82.2600,13749700
20160520,81.0200,81.8200,80.7200,81.6000,5092900
20160523,81.7300,82.1000,80.7100,80.7900,4870200
20160524,82.7500,83.4100,81.8300,81.9700,5802300
20160525,83.5700,83.9500,82.3400,83.0000,4932700
20160526,83.3500,84.4800,83.2500,83.8200,4739300
20160527,83.7700,83.8000,83.0100,83.1200,3127700
