20150529,34.0800,34.7800,33.9900,34.7600,8608900
20150601,34.2400,34.4700,33.9500,34.2300,8228300
20150602,34.1000,34.4400,33.9700,34.1700,6401500
20150603,34.1000,34.5600,34.0400,34.0900,6939300
20150604,34.0400,34.3100,33.8500,33.8900,7492400
20150605,34.4300,34.5400,34.0100,34.0400,4428900
20150608,34.0300,34.3100,33.7800,34.2900,6707800
20150609,33.7600,34.0700,33.6400,33.9300,4350400
20150610,33.9700,34.0200,33.6900,33.8700,5975300
20150611,34.9700,35.4800,33.9300,34.0200,10898500
20150612,34.7500,35.6200,34.6100,34.7300,8155400
20150615,34.6700,35.0200,34.4300,34.5500,4151900
20150616,34.5800,34.9300,34.4200,34.7000,6080600
20150617,34.8200,34.9600,34.4500,34.6000,6349900
20150618,35.5400,35.6700,34.9700,34.9700,8336500
20150619,34.9900,35.5500,34.9900,35.3900,9072700
20150622,35.0500,35.4000,34.9500,35.2200,7553300
20150623,34.8600,35.4300,34.7900,35.2300,9117200
20150624,33.8900,34.9600,33.7400,34.7600,16653900
20150625,33.7000,34.1600,33.6800,34.0100,7915300
20150626,33.6700,33.8800,33.3600,33.7200,11074800
20150629,32.4800,33.6300,32.4700,33.3400,14840400
20150630,32.6500,32.9200,32.4000,32.7900,11046700
20150701,32.9000,33.1600,32.7100,32.9300,6202300
20150702,32.6800,33.1500,32.6300,33.0800,6735300
20150706,32.5000,32.7400,32.2000,32.3700,6036800
20150707,32.7900,32.9600,32.1500,32.5700,8526800
20150708,31.7900,32.5700,31.7200,32.4500,6816000
20150709,31.9000,32.4900,31.8900,32.1200,6876100
20150710,32.1300,32.3800,31.9700,32.3200,6025800
20150713,31.9000,32.3800,31.8800,32.3500,10270500
20150714,32.0700,32.3200,31.8800,31.9100,12428400
20150715,32.4000,33.1000,32.1900,32.8300,14437900
20150716,32.1700,32.7600,32.0700,32.7500,6915000
20150717,32.1800,32.4800,31.8500,32.3100,6642200
20150720,32.0000,32.4600,31.9600,32.2900,6201400
20150721,31.8600,32.2900,31.5500,32.0200,7728700
20150722,31.5700,32.0500,31.1800,31.8900,8867800
20150723,30.8500,31.5800,30.6600,31.5300,7468700
20150724,30.8100,31.1700,30.6500,30.8500,7596100
20150727,30.5200,30.9200,30.4000,30.6100,7335800
20150728,31.0800,31.1500,30.7200,30.7400,7301200
20150729,31.4900,31.5400,31.0100,31.0900,6882700
20150730,31.4600,31.5400,31.3000,31.3900,5642900
20150731,31.2800,31.6200,31.1900,31.4900,5739600
20150803,31.1400,31.3500,30.9000,31.3400,5750300
20150804,30.8700,31.3600,30.6900,31.1400,6619100
20150805,30.7600,31.2600,30.7400,31.0700,3810700
20150806,30.4300,30.7600,30.2300,30.7600,7076800
20150807,29.9600,30.4200,29.8300,30.3600,5240100
20150810,30.2400,30.4300,30.1600,30.1700,6247200
20150811,29.3300,30.0700,29.2200,29.9800,12869800
20150812,29.5200,29.6100,28.7300,29.1200,8673500
20150813,29.3900,29.6800,29.3600,29.5100,4498500
20150814,29.6200,29.6800,29.3800,29.3900,3321300
20150817,29.6800,29.7100,29.3100,29.5100,5480200
20150818,29.6200,29.7500,29.5500,29.6900,4543900
20150819,28.9200,29.4900,28.8200,29.3400,6419400
20150820,28.3600,28.8600,28.3500,28.5500,7364800
20150821,27.3800,28.2700,27.3700,28.0700,9974700
20150824,26.2700,26.9500,24.4700,24.7400,17265100
20150825,25.3100,27.0900,25.2900,27.0600,13115200
20150826,26.3700,26.4300,25.6100,26.1300,15569900
20150827,27.4900,27.5100,26.5000,26.6700,13925100
20150828,27.8000,27.8600,27.2600,27.4000,9956200
20150831,27.3800,27.6700,27.3000,27.6100,6141200
20150901,26.7300,26.9500,26.5800,26.6900,7851100
20150902,26.9900,27.1900,26.5400,27.0700,6163200
20150903,27.2800,27.5000,27.0200,27.0600,8053500
20150904,26.8500,27.2000,26.7500,26.9500,5389200
20150908,28.0000,28.0300,27.3800,27.4500,8316800
20150909,27.8100,28.6200,27.7300,28.1700,10451000
20150910,28.0200,28.1200,27.8000,27.8500,7848900
20150911,28.5000,28.6600,28.0400,28.0600,12344700
20150914,28.3900,28.5700,28.2400,28.4600,7280700
20150915,28.8900,28.9500,28.4100,28.4900,6611200
20150916,29.2500,29.3200,28.8400,28.8700,7975900
20150917,29.1800,29.6300,29.0600,29.1900,7466000
20150918,28.1600,28.9100,27.8900,28.9000,15215100
20150921,28.1000,28.5200,28.0400,28.3000,7838900
20150922,27.2700,27.7500,27.0700,27.7500,10079000
20150923,26.5800,27.4000,26.4600,27.3200,13957900
20150924,26.3900,26.5600,26.0200,26.2600,8748600
20150925,26.5200,26.9600,26.4500,26.7100,8083000
20150928,25.9900,26.6000,25.9600,26.4800,10146200
20150929,25.9400,26.0900,25.6900,26.0500,12031800
20150930,26.9000,27.0000,26.2600,26.3500,12728300
20151001,27.0300,27.2700,26.7100,27.1300,9032900
20151002,27.3100,27.3200,26.4500,26.5300,5656900
20151005,27.8300,27.9400,27.3600,27.4800,6412700
20151006,27.7000,28.0600,27.6300,27.8400,5280400
20151007,28.3700,28.5600,27.9100,27.9600,6868900
20151008,29.0900,29.1600,28.2500,28.3200,8454400
20151009,29.0800,29.6700,28.8700,29.2800,7545600
20151012,28.3700,29.0000,28.2200,28.9400,8680900
20151013,27.7100,28.2600,27.6200,28.1600,11205900
20151014,27.1900,27.8500,26.8900,27.4400,13325700
20151015,27.8900,28.0300,27.1700,27.5500,11025000
20151016,27.4300,28.0600,27.3900,27.9700,10142700
20151019,27.3300,27.4100,27.0500,27.3000,7968800
20151020,27.7600,27.9400,27.2000,27.2400,7143400
20151021,27.4900,28.0800,27.4200,27.9300,7858900
20151022,28.1300,28.4000,27.7000,27.7300,7064700
20151023,28.3700,28.5800,28.0600,28.3000,6541300
20151026,27.8900,28.4600,27.8400,28.3100,6221000
20151027,26.8300,27.7000,26.7100,27.6200,7522900
20151028,27.3000,27.5600,26.8900,27.0300,7075200
20151029,27.2500,27.4100,26.9700,27.0300,5715200
20151030,26.9900,27.4900,26.9900,27.3300,6448400
20151102,27.4300,27.5000,26.9600,26.9900,5091900
20151103,27.5500,27.7100,27.2500,27.3700,4756600
20151104,27.4400,27.7700,27.3200,27.6300,4516900
20151105,27.2500,27.6600,27.2300,27.4800,5703700
20151106,27.0700,27.3800,26.8500,27.2100,5719100
20151109,27.7800,28.4100,26.3700,27.0100,20425200
20151110,27.9500,28.3000,27.6100,27.7800,10153200
20151111,27.5300,28.2400,27.4100,28.0500,6031700
20151112,27.0500,27.6300,27.0300,27.2600,6506400
20151113,26.9300,27.4300,26.8500,26.9500,6387000
20151116,27.3100,27.3200,26.6700,26.8900,5109400
20151117,27.1700,27.5800,26.6300,27.3200,7157300
20151118,28.2700,28.4500,27.6200,27.7100,12417500
20151119,29.2100,29.6100,28.0200,28.3500,16391100
20151120,29.8900,30.5300,29.2200,29.3500,18374600
20151123,29.0800,29.9300,29.0000,29.7900,7546300
20151124,29.0300,29.1800,28.7800,28.8700,5003800
20151125,28.8300,28.9500,28.6600,28.8400,5594500
20151127,28.9900,29.0600,28.7100,28.8000,2522500
20151130,28.4300,29.0600,28.4000,28.9500,8371100
20151201,28.6000,28.6700,28.1800,28.4700,5861600
20151202,27.5300,28.5400,27.3400,28.5000,12603400
20151203,27.1000,27.5700,26.7200,27.4900,14231400
20151204,26.8600,27.0200,26.2100,26.5200,13329100
20151207,26.0300,26.9600,25.9400,26.7500,11233800
20151208,24.9900,25.6700,24.9600,25.6200,14228500
20151209,25.0100,25.3300,24.6400,24.8800,11337100
20151210,24.7000,25.3200,24.6400,25.0300,8988000
20151211,25.7200,25.8600,24.5800,25.2900,20106400
20151214,25.2900,25.7700,25.0000,25.6400,9381600
20151215,26.2900,26.4100,25.5400,25.6000,13110900
20151216,26.4300,26.8300,25.9400,26.4200,9639900
20151217,25.6000,26.5600,25.6000,26.4000,7939000
20151218,25.2000,25.5100,25.0000,25.4600,13482700
20151221,25.1200,25.5900,25.0200,25.4800,6034600
20151222,25.7500,25.8400,25.2500,25.3500,6003300
20151223,26.1400,26.3700,25.5600,25.7600,5730600
20151224,26.1300,26.4000,26.0700,26.1500,1594100
20151228,25.9400,26.2300,25.8500,26.1500,3084800
20151229,26.3800,26.4200,26.0200,26.0800,4107800
20151230,25.9000,26.2100,25.8600,26.1200,4584000
20151231,25.9500,26.1400,25.5000,25.5000,4742200
20160104,25.7900,25.8000,25.0800,25.3700,9561200
20160105,25.5300,25.9900,25.2100,25.8000,5216300
20160106,24.3700,25.2200,24.1700,25.0700,8385100
20160107,23.6200,24.3000,23.5900,23.8200,9836600
20160108,23.4800,23.8500,23.4400,23.8000,9672100
20160111,23.5200,23.7900,23.1800,23.3800,11067600
20160112,23.7000,24.1400,23.2100,23.5800,11894500
20160113,22.3500,23.9100,21.7500,23.5200,22024200
20160114,23.2600,23.7900,22.5600,22.6500,16585900
20160115,22.7600,22.8300,22.1500,22.2500,12619400
20160119,22.7300,23.3000,22.4700,23.1200,10900700
20160120,22.2900,22.5800,21.3300,22.2900,10577700
20160121,22.3600,22.8100,21.6600,22.0000,10706700
20160122,22.4200,23.2200,22.1300,22.9200,9452400
20160125,21.9700,22.5200,21.9100,22.3500,5609300
20160126,22.2700,22.3500,22.0100,22.1500,9213500
20160127,21.9700,22.6700,21.8000,22.3000,9713100
20160128,22.3700,22.5200,22.0300,22.2700,6289700
20160129,23.0200,23.0300,22.5300,22.5500,8511700
20160201,22.8600,22.9900,22.3800,22.6000,8454400
20160202,22.0300,22.6800,21.8600,22.6100,6987700
20160203,22.3600,22.5300,21.6400,22.3400,7298200
20160204,23.0500,23.4500,22.3500,22.3500,10388200
20160205,22.8300,23.2500,22.6600,23.0400,6624800
20160208,23.0100,23.0600,22.2800,22.6400,11307000
20160209,23.8800,23.9300,22.5600,22.5600,16839500
20160210,24.1300,24.3700,23.8400,24.0200,12241900
20160211,23.4100,23.9400,23.0400,23.6500,8209300
20160212,24.1900,24.2200,23.2600,23.2700,8227300
20160216,24.7600,24.9900,23.9700,24.7800,11678300
20160217,24.8300,25.1800,23.7500,24.3700,12621000
20160218,24.8200,25.0800,24.5500,24.8200,9067400
20160219,24.5100,24.9100,24.4100,24.6400,32691000
20160222,25.3000,25.7100,25.2100,25.4400,9755300
20160223,24.3800,25.4000,24.3600,24.8600,9002800
20160224,24.4900,24.6900,23.5800,24.0100,9136300
20160225,24.3600,24.7000,24.0500,24.4200,6817500
20160226,24.3100,24.8100,24.2700,24.5000,8390800
20160229,24.1400,24.5000,24.0100,24.2600,8625800
20160301,24.6400,24.9600,24.2600,24.4500,13853000
20160302,24.5500,25.2200,24.5000,25.1400,26099500
20160303,24.9000,25.0500,24.4500,24.5500,27055700
20160304,25.2300,25.5000,24.8600,25.0600,10427000
20160307,25.5400,25.6800,25.0500,25.2100,7705700
20160308,24.7000,25.3400,24.6700,25.2500,7759600
20160309,25.0800,25.1800,24.7000,24.7400,8301200
20160310,25.2900,25.6700,24.8500,25.2700,8714500
20160311,26.1000,26.1800,25.5000,25.6100,8732200
20160314,26.1800,26.4100,25.9800,26.1900,10799200
20160315,25.9500,26.0100,25.6100,25.9700,7185300
20160316,26.1800,26.3000,25.7500,25.8800,5184300
20160317,26.6900,26.7900,26.1300,26.2400,6422800
20160318,27.0200,27.2700,26.6900,26.8600,13520700
20160321,26.6600,27.1400,26.4300,27.0600,4820000
20160322,26.3700,26.5900,26.3100,26.4300,4973000
20160323,25.8600,26.3700,25.8100,26.3500,6385800
20160324,26.1700,26.1800,25.5100,25.7700,4321700
20160328,25.6200,26.1500,25.4300,26.0400,5605000
20160329,25.8900,25.9900,25.0300,25.4000,6010200
20160330,26.3000,26.4600,25.9300,26.0100,6534100
20160331,25.7500,26.2800,25.6800,26.0600,9411900
20160401,25.6200,25.7100,25.1700,25.6400,10800600
20160404,25.1600,25.7400,25.0300,25.5300,19195100
20160405,25.0500,25.2100,24.7200,25.0200,9088300
20160406,24.8500,25.0600,24.4600,25.0100,10246400
20160407,24.6200,24.8800,24.4600,24.6600,8911100
20160408,24.8000,25.2800,24.6600,24.8700,9359300
20160411,24.5300,24.9700,24.3600,24.7300,11923100
20160412,24.9900,25.1200,24.5600,24.6500,10778000
20160413,26.0300,26.3200,25.0700,25.9000,17213500
20160414,26.1400,26.4300,25.7800,26.4300,8685000
20160415,25.9300,26.4400,25.7900,26.3500,7462400
20160418,26.0700,26.2700,25.6100,25.7400,5884300
20160419,26.4100,26.7700,26.1200,26.2700,8125600
20160420,26.5200,26.6700,26.2600,26.4400,6957000
20160421,26.8000,27.0900,26.5000,26.5700,6900100
20160422,27.5300,27.6200,27.0000,27.0000,12616700
20160425,27.1400,27.6300,26.9100,27.4000,6535400
20160426,27.6500,27.7000,27.1000,27.1000,8080800
20160427,27.8300,27.9700,27.4200,27.5500,6554800
20160428,27.3700,27.9400,27.3100,27.6000,7697600
20160429,27.2700,27.3600,26.8200,27.0400,10538000
20160502,27.3800,27.5400,26.9400,27.2700,6854600
20160503,26.5400,26.9400,26.2500,26.8000,9652700
20160504,26.1700,26.6200,26.0300,26.4800,5953300
20160505,26.0400,26.5000,26.0000,26.2000,6580500
20160506,26.1600,26.3000,25.8400,25.9200,4732300
20160509,25.8500,26.1800,25.6800,26.1800,5603900
20160510,26.3700,26.4900,25.8900,25.8900,6106600
20160511,25.8900,26.3900,25.8900,26.3700,4430600
20160512,25.5400,26.0600,25.3600,25.9700,8039100
20160513,25.1200,25.6300,24.9300,25.4700,8820800
20160516,25.2300,25.4400,25.1200,25.1300,6084100
20160517,25.4200,25.8900,25.0600,25.1200,9096100
20160518,25.7500,25.9700,25.2500,25.2600,8356200
20160519,25.5500,25.7100,25.2600,25.3800,6642800
20160520,25.8200,26.0200,25.5600,25.5700,5530700
20160523,25.5800,25.8700,25.5500,25.7100,4702900
20160524,25.4600,25.7800,25.2500,25.5800,8525000
20160525,25.8300,25.9000,25.5000,25.5200,5070400
20160526,25.7800,25.9400,25.5700,25.5900,3816100
20160527,25.8900,25.9200,25.6700,25.8300,6004700
