20150529,86.0900,86.8300,86.0800,86.3800,681300
20150601,86.3500,86.6800,85.8200,86.3900,495000
20150602,85.9500,86.3000,85.7700,85.8100,682400
20150603,86.2100,86.4400,86.1000,86.2800,731200
20150604,85.3300,86.4400,85.2300,86.1500,566700
20150605,85.4600,85.5000,84.7100,85.1700,362100
20150608,85.1900,85.7600,85.1000,85.3900,475100
20150609,85.5100,85.6600,84.9800,85.2900,268900
20150610,86.3800,86.6700,85.3800,85.9700,295000
20150611,86.4400,86.7700,86.3500,86.7100,429000
20150612,86.0500,86.2200,85.0600,85.8900,276400
20150615,84.3600,85.5300,83.8700,85.2500,913800
20150616,85.3000,85.5500,84.4500,84.4500,360400
20150617,85.5700,85.7800,85.0300,85.5000,297400
20150618,86.4700,86.7300,85.9500,85.9500,409500
20150619,86.8000,87.0600,86.1000,86.4000,1097100
20150622,87.5400,87.6800,86.8600,87.0000,370000
20150623,87.4400,87.9900,87.3500,87.8900,726700
20150624,86.5600,87.5100,85.8600,85.8600,623800
20150625,85.8400,86.9800,85.7500,86.9800,585300
20150626,85.4100,86.1800,85.0200,86.0100,1378600
20150629,84.2500,85.4700,84.1800,85.0100,446900
20150630,84.5900,85.2400,84.5400,84.8200,459000
20150701,85.3300,85.4200,84.9600,85.2600,500500
20150702,85.2100,85.7600,84.6900,85.6700,383300
20150706,85.1000,85.3800,84.6000,84.6000,333600
20150707,84.7400,85.4800,83.9100,85.2900,755200
20150708,83.7400,84.6900,83.5800,84.2600,633100
20150709,84.1600,84.9300,84.0000,84.7100,411100
20150710,85.0500,85.4000,84.5200,85.2000,453900
20150713,86.0200,86.0900,85.1900,85.8500,345500
20150714,86.2800,86.4800,85.6700,86.1100,225500
20150715,86.0800,86.4000,85.8600,86.2400,497200
20150716,86.7800,87.2900,86.3700,86.6700,913100
20150717,85.5500,86.5100,84.6300,86.5000,1074700
20150720,86.1000,87.0000,85.6600,86.0000,699200
20150721,85.1900,86.7600,85.1800,86.1800,583900
20150722,86.9400,87.0700,85.2000,85.7600,856700
20150723,85.7400,86.9900,85.5700,86.8600,483600
20150724,84.2500,85.5600,84.1200,85.2300,464000
20150727,83.7700,84.4100,83.6600,84.2000,431600
20150728,84.8200,84.8300,83.4300,84.0900,427400
20150729,85.2700,85.3300,84.3200,84.8600,508400
20150730,85.2600,85.4900,84.2700,84.7200,262500
20150731,85.5000,86.0000,85.4100,85.7200,573000
20150803,86.1300,86.2000,85.0400,85.8100,346700
20150804,86.9500,87.0500,85.8600,86.3000,594700
20150805,87.6100,87.9500,87.1700,87.9200,858400
20150806,87.2200,87.7100,86.8900,87.7100,471500
20150807,87.4300,87.6100,86.3300,86.7500,535500
20150810,88.3400,88.7200,88.1600,88.2000,467400
20150811,87.9200,88.0000,87.2900,87.5600,377100
20150812,87.8500,88.0100,86.7500,87.0000,507400
20150813,88.0900,88.6300,87.4800,87.9500,497400
20150814,88.4900,88.7000,87.8600,88.0600,415600
20150817,89.1400,89.2000,87.7400,88.3000,376500
20150818,88.8600,89.7400,88.8100,89.3500,489900
20150819,87.6400,88.3500,87.1500,88.3000,522300
20150820,86.6000,87.7100,86.6000,87.0400,563700
20150821,84.8700,86.9700,84.8700,86.3400,712000
20150824,81.5300,83.5800,78.0000,80.9900,1174000
20150825,81.2300,83.5300,81.1200,83.3200,1016900
20150826,84.0100,84.2400,81.7200,83.2100,991500
20150827,85.5000,85.7800,84.3100,84.5300,697500
20150828,85.3700,85.7500,84.6900,84.9400,518700
20150831,84.9900,85.6200,84.5200,84.8600,640400
20150901,83.0600,84.3600,82.7100,83.6000,761100
20150902,84.6200,84.6800,83.5500,83.9300,567800
20150903,85.0900,85.6300,84.8000,85.0700,509900
20150904,83.7500,84.6600,83.4800,84.0200,458900
20150908,86.3700,86.3800,84.8600,85.1500,636500
20150909,85.0400,87.2500,84.9300,87.0300,698200
20150910,85.2100,85.6800,84.9200,84.9200,622200
20150911,85.7600,85.8500,84.8600,84.8700,304800
20150914,85.3200,85.8800,85.2400,85.8800,431000
20150915,86.5300,86.7200,84.9000,85.5700,489500
20150916,86.3300,86.6600,85.9700,86.4200,718700
20150917,86.6400,87.6400,86.1900,86.4900,745200
20150918,86.4200,86.6800,85.2600,85.4200,2424200
20150921,87.3200,87.6000,86.4500,86.9800,715800
20150922,86.0100,86.6000,85.4700,86.2400,790300
20150923,86.5800,86.8100,85.6600,86.3000,518100
20150924,86.1500,86.9200,85.0300,85.8800,751700
20150925,88.4000,89.7300,86.3800,86.9300,1088400
20150928,85.7500,88.3500,85.7300,88.0400,626200
20150929,84.8000,85.9900,84.1800,85.9900,935200
20150930,85.7500,86.3400,84.7600,85.4500,849000
20151001,85.4900,86.2800,84.7700,86.1600,719500
20151002,86.3100,86.3800,83.4800,84.2600,1086800
20151005,87.6000,88.1400,86.6800,87.2700,692800
20151006,85.7400,88.0000,85.4600,87.1900,798700
20151007,87.3400,87.4700,85.9600,86.3900,624600
20151008,89.2700,89.4800,86.6600,87.3500,782400
20151009,89.8200,90.4100,88.9900,89.6100,560300
20151012,91.0400,91.3700,89.7300,90.0600,649300
20151013,91.4600,92.3700,88.9100,88.9100,951600
20151014,90.6800,92.5600,90.5300,92.1100,681200
20151015,93.0900,93.1200,91.4300,91.4300,817600
20151016,92.5500,93.5000,92.1100,93.2900,457100
20151019,92.6700,92.9700,92.1500,92.4800,362000
20151020,92.7700,93.2500,92.4000,92.4000,442400
20151021,91.3400,93.4900,91.2000,93.4000,492700
20151022,92.3700,92.7300,91.5400,91.9900,506000
20151023,93.5000,93.6700,91.8600,93.1100,381500
20151026,93.5300,94.0400,93.2500,93.5700,443400
20151027,92.6600,93.5900,92.1300,93.2500,515100
20151028,92.9800,94.3500,92.1200,93.2400,545700
20151029,92.3400,93.5400,92.0700,92.9800,581300
20151030,93.0900,93.4000,92.3200,92.5000,963100
20151102,93.4000,94.0400,93.1100,93.5900,584200
20151103,92.4700,93.7200,92.2600,93.6500,711500
20151104,91.4900,92.9500,91.0100,92.7200,731300
20151105,90.8100,92.3500,90.5900,91.4800,671700
20151106,90.8800,91.4400,90.5200,90.8500,584300
20151109,90.7500,91.0100,89.9600,90.7400,495600
20151110,91.3100,91.5800,89.5700,90.5300,538600
20151111,91.5700,92.0000,91.1800,91.8600,612900
20151112,90.1800,91.6200,90.1400,91.3100,411300
20151113,89.5100,90.7400,89.3500,90.2500,455800
20151116,89.4500,89.5000,88.3000,88.8700,805900
20151117,89.5700,90.1200,89.0300,89.3900,863700
20151118,91.3700,91.5500,89.8200,89.9100,713800
20151119,90.7600,92.4400,90.7500,91.4700,945700
20151120,91.3100,91.6400,90.9700,91.2100,1890600
20151123,92.1700,92.2000,91.0200,91.0200,469900
20151124,91.6700,92.0000,90.7900,91.8500,400200
20151125,91.9800,92.0500,91.3900,91.8300,265700
20151127,92.0100,92.1500,91.3700,91.8000,216800
20151130,91.5900,92.6200,91.5300,91.9400,594500
20151201,93.1400,93.1500,91.5300,91.9900,495300
20151202,92.0400,92.9800,91.9600,92.9300,348600
20151203,90.1600,92.2500,89.7600,92.0500,576700
20151204,92.6700,92.8100,90.3200,90.3500,491300
20151207,92.0100,92.6900,90.0600,92.3800,417200
20151208,92.5100,92.8000,91.2300,91.5600,598200
20151209,91.2300,92.5200,90.7900,92.5200,560100
20151210,91.5400,91.9400,90.8800,91.3500,339500
20151211,89.9000,91.6100,89.7800,90.7700,464600
20151214,89.9100,90.9100,89.4500,90.2700,665900
20151215,90.3400,91.7800,89.9000,90.8100,559500
20151216,91.2400,91.6000,90.2100,90.9900,736300
20151217,90.5200,92.0000,90.0500,91.4700,511000
20151218,88.5000,91.4300,88.4600,90.4100,1112500
20151221,89.2100,90.2300,88.5800,89.4700,704400
20151222,91.1300,92.3400,89.4500,91.4900,993300
20151223,91.5200,91.9200,91.1500,91.6700,533300
20151224,91.5400,91.9100,90.9600,91.2000,211300
20151228,92.0200,92.0600,90.5600,91.2200,360300
20151229,92.8200,93.6400,92.0600,92.6200,352300
20151230,92.2400,93.3900,92.1700,93.0200,294700
20151231,91.0500,92.3900,91.0400,92.0500,315000
20160104,88.2900,89.8300,87.8200,89.8200,715600
20160105,88.4300,89.2400,88.0900,88.5800,627900
20160106,88.0300,88.8400,87.0100,87.3100,479100
20160107,86.8800,87.7400,86.2100,86.8200,840500
20160108,84.6300,87.2000,84.4500,87.1900,806700
20160111,85.3100,85.5600,84.3800,84.9200,685000
20160112,86.8500,87.1200,85.1600,85.2500,667400
20160113,84.8100,87.0300,84.5700,86.9600,483300
20160114,85.5400,86.1500,84.7000,85.3700,516400
20160115,84.0300,84.5100,82.6000,83.7200,702900
20160119,83.5000,85.1900,82.9400,84.6800,744000
20160120,82.3400,83.3400,80.2700,82.2700,770400
20160121,80.3300,83.3700,80.0000,82.6300,1489000
20160122,82.4400,82.9500,81.0600,81.3600,810600
20160125,81.8500,82.6700,81.6900,82.2700,586900
20160126,82.8600,83.3300,81.9800,82.0200,686900
20160127,82.7600,83.6900,82.4500,82.9200,723400
20160128,83.1400,83.7500,82.7500,83.4000,817300
20160129,85.9200,85.9800,82.7900,83.5700,1119600
20160201,86.1100,86.7300,84.6200,85.4200,767500
20160202,85.2400,86.3900,84.8800,85.5900,968700
20160203,84.7500,87.0000,83.8900,86.5200,908400
20160204,85.1700,85.3900,84.4900,84.8500,683700
20160205,83.3200,85.2900,82.9000,85.0000,782700
20160208,82.6400,82.8600,81.2000,82.8000,649600
20160209,83.4900,84.2400,81.8800,81.9900,575000
20160210,83.2800,84.9900,83.1700,83.8500,453300
20160211,82.1200,82.9000,80.2700,82.0000,360400
20160212,83.0100,83.5500,81.8600,83.1200,598200
20160216,83.9800,84.2100,83.0300,84.1400,599500
20160217,83.6000,83.6500,80.2200,80.3000,1246000
20160218,83.0800,84.0900,81.9100,83.8600,524900
20160219,83.3800,83.7500,81.9100,82.6100,708200
20160222,84.6400,84.8700,83.9800,84.0900,605400
20160223,83.9600,84.6400,83.6300,84.5600,388100
20160224,84.2100,84.3300,82.8400,83.3300,442000
20160225,84.7800,84.7800,83.7100,84.5600,474700
20160226,84.8600,85.0000,84.2800,85.0000,384100
20160229,83.9900,85.1500,83.9900,84.8400,495900
20160301,85.9600,86.0500,84.3200,84.6400,399900
20160302,86.0700,86.1000,85.0800,85.6700,473400
20160303,86.7200,86.8000,85.4300,85.9800,375600
20160304,87.0000,87.5500,86.4700,86.7500,829100
20160307,87.9300,88.4100,86.5000,86.7200,687400
20160308,87.6500,88.3300,86.7900,87.4300,430800
20160309,87.2400,88.1900,86.6500,87.9300,593900
20160310,87.7400,88.5000,87.0500,87.7500,451300
20160311,89.0700,89.1100,86.3900,88.4000,466500
20160314,89.5000,89.7300,88.3600,88.8900,581100
20160315,89.6200,89.8300,88.4700,88.6600,643400
20160316,89.8300,90.1600,88.8600,89.4900,493300
20160317,90.0100,90.3300,89.4100,89.9500,777000
20160318,90.4900,90.7200,89.6000,90.1600,865100
20160321,90.1800,90.8900,89.5100,90.1200,841100
20160322,90.3500,90.5000,89.5400,90.4200,723900
20160323,86.2800,91.3000,85.8600,91.0000,1979900
20160324,87.5200,87.9500,85.9400,86.2500,1154700
20160328,88.6500,89.1300,86.9200,87.7600,645000
20160329,89.6500,89.8700,88.3700,88.3700,569500
20160330,89.7300,90.2500,89.6000,90.0000,678900
20160331,89.8100,90.0000,89.0500,89.3300,694800
20160401,90.0700,90.1700,89.0400,89.1900,549900
20160404,88.9100,90.9800,88.8000,90.3200,539800
20160405,88.3400,89.1800,87.2700,87.2700,692900
20160406,88.9500,88.9500,88.2500,88.4400,590300
20160407,88.9300,89.0000,88.1500,88.5100,982700
20160408,89.3200,89.6300,88.8000,89.5000,475500
20160411,89.1100,90.0600,89.0600,89.6800,642400
20160412,89.8300,89.9600,88.9600,89.3500,526400
20160413,90.5900,91.3800,90.4400,91.3800,996000
20160414,90.2600,90.7800,90.0400,90.4100,613000
20160415,90.0100,90.5000,89.7300,90.4000,400600
20160418,90.3100,90.5000,89.7500,89.8200,337900
20160419,90.4700,90.6000,89.9900,90.5000,627800
20160420,90.1600,90.5300,90.0600,90.4000,507800
20160421,89.1600,90.0000,89.0800,90.0000,565900
20160422,89.7000,89.8400,89.2600,89.2600,539700
20160425,89.4600,89.7700,89.0900,89.6500,565700
20160426,89.8300,90.0600,89.4300,89.5900,780900
20160427,89.9700,90.5000,89.3000,89.9500,627700
20160428,89.2800,90.4200,89.1200,89.7300,1263000
20160429,89.7800,89.8300,88.5100,89.0100,721000
20160502,89.9600,90.1600,89.5300,89.8400,471400
20160503,89.6100,89.7700,89.3100,89.5800,556600
20160504,89.8400,90.1300,89.3700,89.5500,447300
20160505,89.9400,90.3900,89.8500,90.1800,476000
20160506,91.0000,91.1200,89.6100,89.8000,788800
20160509,91.4600,91.7300,91.0900,91.2900,681400
20160510,91.9000,91.9800,91.5100,91.7500,550300
20160511,91.4400,91.9600,91.4000,91.6900,464800
20160512,91.6900,91.9400,91.2500,91.7300,455900
20160513,91.5200,92.1700,91.3100,91.6600,698900
20160516,91.7400,92.0900,91.4200,91.6300,647000
20160517,91.2700,91.9100,91.1900,91.7200,637700
20160518,91.1400,91.8500,90.5500,91.1700,797200
20160519,91.4200,91.7200,90.6400,90.9500,572600
20160520,92.0500,92.5400,91.6600,91.9100,1033400
20160523,92.3200,92.5000,91.9900,92.0000,516200
20160524,94.0900,94.1600,92.4600,92.5400,1030900
20160525,93.8200,94.3700,93.4400,94.3700,814700
20160526,93.9500,94.5300,93.8000,93.8700,572400
20160527,95.0900,95.1000,93.6400,93.9600,788800
