20150529,33.2400,33.8000,33.0100,33.5700,5442000
20150601,32.8700,33.3700,32.8500,33.2400,4816600
20150602,32.9600,33.1200,32.7100,32.8300,4601100
20150603,32.9900,33.1600,32.7800,32.9000,4347200
20150604,32.8300,33.3000,32.7200,32.8600,4776900
20150605,32.1800,32.7800,32.1800,32.7400,3876900
20150608,32.2200,32.3400,32.0500,32.2000,3783000
20150609,32.0700,32.2800,31.8300,32.2800,3086700
20150610,32.2600,32.5000,32.0700,32.0700,3191800
20150611,32.7300,32.8300,32.3000,32.3700,3713300
20150612,32.5600,33.0500,32.5400,32.6600,3084400
20150615,32.3700,32.5000,32.1100,32.4500,2984900
20150616,32.2200,32.3700,31.9000,32.2400,3404800
20150617,32.2100,32.4900,31.9800,32.3400,3219200
20150618,32.3600,32.4900,32.2400,32.2400,3733600
20150619,32.4600,32.6000,32.2400,32.3400,4133700
20150622,32.6500,32.9600,32.5000,32.6400,3486800
20150623,32.5500,33.0100,32.4900,32.7800,5070500
20150624,31.8800,32.6600,31.5100,32.5600,11369700
20150625,29.9200,31.6400,29.8900,31.5200,16783600
20150626,29.9900,30.2400,29.2800,29.9500,15536300
20150629,29.5300,30.3300,29.5000,30.0900,6761600
20150630,29.3800,29.8600,29.3700,29.8000,5479000
20150701,29.5700,29.6200,29.3800,29.4900,4763100
20150702,29.6100,29.6900,29.4800,29.5800,3658000
20150706,29.4500,29.6200,29.2100,29.4300,4921700
20150707,29.8800,29.9400,29.2400,29.5300,4530100
20150708,29.4900,29.8500,29.3900,29.6800,6600800
20150709,29.4900,29.8400,29.3500,29.7300,4324900
20150710,29.7600,30.0400,29.6200,29.8200,3685700
20150713,30.0000,30.0300,29.6100,29.8600,3926900
20150714,29.9800,30.0900,29.7500,29.9300,4625700
20150715,29.6700,29.9700,29.4300,29.8500,5574700
20150716,30.4900,30.5300,29.7500,29.8000,5894300
20150717,30.9400,31.1300,30.4900,30.5000,9012400
20150720,30.5000,31.0000,30.4600,30.9400,5490000
20150721,29.7200,30.3900,29.6700,30.3700,4644300
20150722,29.1900,29.8000,29.1100,29.7000,4721100
20150723,28.9600,29.3500,28.9000,29.2100,5870200
20150724,28.0300,29.0500,28.0100,29.0500,6520600
20150727,28.1200,28.3000,27.5000,27.9600,5833200
20150728,28.2200,28.4700,27.9800,28.3300,4480200
20150729,28.1600,28.1800,27.7800,28.1200,6479000
20150730,28.1600,28.2200,27.8700,28.1200,5565400
20150731,28.6000,29.0600,28.3800,28.4200,6925000
20150803,28.9000,29.0300,28.4000,28.7400,6371700
20150804,28.4300,28.8900,28.3700,28.8800,5086300
20150805,28.5600,28.9100,28.4000,28.6600,5688900
20150806,27.9300,28.0600,26.4800,27.5200,13508100
20150807,27.6500,28.0700,27.3300,27.9000,7704900
20150810,28.7600,28.8000,27.7200,27.8200,5873000
20150811,28.2400,28.9200,28.1000,28.6200,4552800
20150812,28.5300,28.5500,27.6400,27.9900,5304400
20150813,27.9700,28.6200,27.7500,28.5500,5846300
20150814,28.2700,28.3800,27.9900,27.9900,3816300
20150817,28.4200,28.5800,27.9600,28.1000,3292400
20150818,28.1200,28.6100,28.0500,28.3100,4753400
20150819,28.3700,28.5400,27.9200,28.0000,3766300
20150820,27.7100,28.2300,27.7000,28.1600,3760700
20150821,27.1100,27.9500,27.1100,27.5900,5755100
20150824,25.8600,26.6900,24.8100,25.7600,10127900
20150825,25.1700,26.5900,25.1600,26.5900,7080000
20150826,26.3700,26.5200,25.3400,25.7600,8906200
20150827,26.7400,26.8000,26.2200,26.6700,7642400
20150828,27.0400,27.2700,26.6200,26.7000,4785200
20150831,27.0400,27.2900,26.8100,26.9800,5508900
20150901,25.9000,26.6500,25.7700,26.5800,6195500
20150902,27.0000,27.1600,26.1100,26.3800,10175400
20150903,26.7700,26.9400,26.3800,26.3800,5027400
20150904,26.1800,26.4000,26.0800,26.3800,5944700
20150908,26.9600,27.0700,26.5500,26.6000,9591800
20150909,26.9700,27.5200,26.8900,27.2400,5811200
20150910,26.7800,27.1200,26.6900,27.0000,7831300
20150911,26.2800,26.7300,26.1100,26.7200,6059300
20150914,26.0700,26.2900,25.8100,26.2700,3701200
20150915,26.4700,26.5400,25.8100,26.2900,5446700
20150916,26.1300,26.6300,26.0900,26.5100,4934700
20150917,26.0400,26.3900,25.6100,26.0300,5639600
20150918,25.6300,25.8500,25.4100,25.7600,8333700
20150921,25.8800,26.0700,25.7000,25.7200,4148400
20150922,25.3800,25.7900,25.3300,25.6700,5241900
20150923,25.1500,25.8400,25.1500,25.4300,4049400
20150924,25.0200,25.2900,24.8100,25.0000,6792100
20150925,25.3600,25.6000,25.0800,25.2700,5740600
20150928,24.6100,25.2200,24.5600,25.2000,6898400
20150929,24.6900,24.8300,24.2900,24.7000,5279900
20150930,25.1200,25.2300,24.8300,24.9100,5522900
20151001,24.6000,25.2000,24.4800,25.1200,4458200
20151002,24.6500,24.6500,24.1100,24.3500,4971300
20151005,25.6400,25.7000,24.8000,24.8200,4026100
20151006,25.6200,25.8700,25.5200,25.6200,5358200
20151007,26.0600,26.1800,25.8000,25.8800,3890500
20151008,26.5100,26.5500,25.8200,26.0000,3675300
20151009,25.7200,26.5800,25.6100,26.4900,5020700
20151012,25.8600,25.8900,25.4800,25.7400,3541800
20151013,25.7800,26.0500,25.6700,25.7800,3339500
20151014,26.1800,26.3800,25.8500,25.8500,3472300
20151015,26.9800,27.0100,26.2600,26.3100,4160800
20151016,26.8100,27.1300,26.6100,27.1200,4085900
20151019,26.9200,27.0300,26.6400,26.7300,4432500
20151020,27.2500,27.3200,26.8400,26.9100,2694800
20151021,27.2000,27.5000,27.1700,27.4500,2988300
20151022,27.9100,27.9800,27.4100,27.4200,4140100
20151023,28.0200,28.1700,27.8500,28.0800,3546700
20151026,28.3200,28.3900,27.9500,28.0400,4220000
20151027,27.6400,28.3000,27.5300,28.1900,3632900
20151028,28.1200,28.2900,27.7000,27.7900,3089100
20151029,28.0800,28.1000,27.7300,28.0300,3035000
20151030,28.2100,28.3500,27.8900,28.1400,3720800
20151102,28.4100,28.4600,28.0100,28.3100,4808400
20151103,28.4900,28.5300,28.1000,28.2000,4474700
20151104,28.0200,28.6000,27.9600,28.5300,6207500
20151105,28.7100,29.3700,28.2000,28.2500,7443900
20151106,28.5700,28.7700,28.0200,28.7700,5289400
20151109,28.8100,28.8700,28.4100,28.5000,4414000
20151110,28.6000,28.7800,28.3700,28.6800,3269300
20151111,28.4300,28.7800,28.3600,28.6800,3851800
20151112,28.0000,28.3000,27.9100,28.2800,3658800
20151113,27.7000,28.2000,27.6700,28.0000,4480400
20151116,28.4800,28.4800,27.6900,27.7500,3367100
20151117,28.1300,28.4700,28.0500,28.4500,4106000
20151118,28.4900,28.5100,28.1700,28.2500,3789400
20151119,28.4700,28.6300,28.4200,28.5100,3828400
20151120,27.2300,28.1100,27.1400,28.1000,5796100
20151123,27.3100,27.4800,26.9800,27.2100,4149000
20151124,27.2300,27.4500,27.0400,27.1100,3570000
20151125,26.9800,27.1800,26.9600,27.1800,2970800
20151127,27.0600,27.1900,27.0100,27.0600,1631400
20151130,26.9300,27.1300,26.8900,27.0600,4595300
20151201,27.0300,27.1200,26.6100,26.9900,5543000
20151202,26.4700,27.1000,26.4600,27.1000,4266600
20151203,26.4600,26.8000,26.3000,26.5900,6508000
20151204,26.7100,26.8000,26.4100,26.4900,5513300
20151207,27.1300,27.2000,26.4900,26.7000,5394400
20151208,26.5400,26.9900,26.4600,26.8500,6477000
20151209,26.3800,27.0800,26.2800,26.4900,5283900
20151210,25.9900,26.5800,25.9300,26.3900,5108500
20151211,24.9100,25.6800,24.8500,25.6800,5951700
20151214,24.3800,24.9200,24.2100,24.9200,6390000
20151215,25.3400,25.4300,24.5100,24.5100,6981100
20151216,26.1200,26.2800,25.5000,25.5100,6804000
20151217,25.4000,26.1900,25.3900,26.1100,4374400
20151218,25.1100,25.4100,24.9800,25.2900,8752300
20151221,25.1600,25.4300,24.9800,25.2900,5599700
20151222,25.1800,25.3000,24.7000,25.2000,5261600
20151223,26.0200,26.0300,25.3200,25.3200,4069100
20151224,25.8700,26.0100,25.6400,25.9900,1582900
20151228,25.8400,25.8700,25.4700,25.7400,3228900
20151229,25.8800,26.1800,25.7400,26.0000,3457700
20151230,25.3800,25.8800,25.3600,25.8100,2772300
20151231,25.1600,25.3400,25.0900,25.3000,3276700
20160104,25.1100,25.2300,24.7800,24.8500,4939000
20160105,24.9900,25.1900,24.7700,25.1100,4283500
20160106,24.7200,24.9000,24.5600,24.6800,4083400
20160107,24.2200,24.7000,24.1700,24.4100,4902800
20160108,23.9700,24.5500,23.9000,24.3700,4337600
20160111,24.1200,24.3200,23.8300,24.1800,4971400
20160112,23.4000,24.3700,23.3000,24.3500,6017400
20160113,23.0200,23.6800,23.0000,23.5000,6916600
20160114,23.8900,23.9800,23.0200,23.1000,7178700
20160115,23.2900,23.6000,22.7600,23.2800,6894100
20160119,23.2200,23.6000,23.0700,23.5400,4501100
20160120,22.2400,22.9000,21.9400,22.7700,8295900
20160121,22.6200,23.0700,22.3700,22.3700,10569800
20160122,23.8000,23.8300,23.0700,23.0700,6316100
20160125,23.7600,24.1700,23.4900,23.6700,7626700
20160126,24.5600,24.7300,23.8200,23.8300,5288700
20160127,24.6300,25.0400,24.2300,24.3800,6427000
20160128,24.8200,25.0000,24.3400,24.8400,4887000
20160129,25.4200,25.4300,24.8500,24.9100,4860100
20160201,25.9000,26.0700,25.0100,25.2000,4773300
20160202,25.2100,25.6500,24.9100,25.6500,4314800
20160203,26.0800,26.2200,25.1300,25.4100,4881100
20160204,26.5400,26.7000,26.1200,26.1700,5722200
20160205,26.6100,27.0400,26.3600,26.4500,8633800
20160208,25.6300,26.5000,25.3700,26.2800,9290100
20160209,24.8100,25.5000,24.5500,25.3100,10292100
20160210,24.5900,25.5800,24.5000,25.0600,7047300
20160211,27.2900,27.7500,25.3700,26.1000,15041000
20160212,28.6100,28.7300,27.2800,27.5000,10675000
20160216,28.9200,29.1500,28.3900,28.9000,5918800
20160217,29.7300,29.8400,28.7500,29.1500,7100600
20160218,30.3200,30.8100,29.6900,29.8400,8243800
20160219,29.7300,30.3500,29.4400,30.3200,6510900
20160222,29.9900,30.1800,29.7200,30.1200,5476000
20160223,29.2500,29.7500,29.0300,29.7000,6814100
20160224,30.0100,30.1300,28.8500,29.0800,7120800
20160225,30.4100,30.6100,29.8100,30.1500,4700700
20160226,30.1700,30.4900,29.8000,30.4900,4829800
20160229,30.5900,30.8200,30.0200,30.1700,6387800
20160301,31.1200,31.3700,30.6900,30.9000,6917700
20160302,31.1500,31.6300,30.3300,30.4200,6450400
20160303,31.3700,31.6200,31.0900,31.1900,5372400
20160304,31.5900,32.0200,31.1900,31.3800,6292700
20160307,31.7700,31.9000,31.2600,31.4400,5096600
20160308,31.5100,31.9900,30.9600,31.9900,5550500
20160309,31.5300,31.6800,30.9200,31.6000,4206900
20160310,31.7100,32.0200,31.3400,31.5500,6562100
20160311,31.8700,31.9800,31.3800,31.9500,4128300
20160314,31.9500,32.0600,31.6800,31.8300,3527400
20160315,31.3200,31.9300,31.0700,31.7600,5593900
20160316,32.1700,32.2000,31.1000,31.4100,5314400
20160317,31.3000,31.6100,30.7500,31.5900,7928400
20160318,31.7000,31.7300,31.3300,31.4600,7913700
20160321,31.7000,32.0100,31.5300,31.7000,3569600
20160322,31.6200,32.0900,31.6000,31.7000,4077900
20160323,31.0200,31.6200,30.8900,31.5800,5105000
20160324,31.1600,31.1600,30.6800,30.8700,5416800
20160328,31.0800,31.3400,30.7900,31.3100,3157800
20160329,31.5900,31.6300,30.8800,31.1000,3393100
20160330,31.8700,32.0400,31.3500,31.3500,3661000
20160331,31.9600,32.4900,31.6900,31.9100,6807700
20160401,32.1800,32.2000,31.3700,31.8200,6219600
20160404,32.2300,32.7000,32.1500,32.2000,5186800
20160405,32.1000,32.4200,31.7900,32.2200,5271200
20160406,32.4900,32.5200,31.9400,32.1500,3832600
20160407,31.8700,32.4600,31.7600,32.3700,5704500
20160408,31.8800,32.2700,31.7300,32.1400,3873200
20160411,32.0800,32.3800,31.9600,32.1500,2921000
20160412,32.0000,32.4200,31.9500,32.0900,3529600
20160413,32.1900,32.3000,31.6800,32.0300,3308900
20160414,32.0900,32.2900,31.8200,32.0800,3383600
20160415,32.2600,32.2900,32.0000,32.0500,2956900
20160418,32.2200,32.4000,31.9600,32.1200,2989500
20160419,32.7100,32.9400,32.2400,32.4100,3578600
20160420,32.8000,32.9200,32.5500,32.6700,3966600
20160421,31.3900,32.7600,31.2700,32.6800,4348000
20160422,31.3900,31.5900,31.2800,31.3700,4160200
20160425,31.1800,31.4400,31.0100,31.3200,3717900
20160426,31.4200,31.7200,31.0500,31.4000,3160000
20160427,31.5800,31.6200,31.2300,31.4100,4423500
20160428,31.3600,31.6900,31.2300,31.3900,3361000
20160429,30.9500,31.4100,30.9500,31.3400,5359600
20160502,31.4800,31.5000,30.8500,31.1900,7744300
20160503,30.5800,31.0000,30.2300,30.9700,7598200
20160504,30.9600,31.2500,30.4500,30.4600,6656800
20160505,28.2000,29.4600,28.0700,29.3900,20521500
20160506,28.5400,28.6800,27.6100,28.1600,9445000
20160509,28.2100,28.5400,27.8100,28.5400,6057100
20160510,28.7300,28.7900,28.2900,28.5600,5924500
20160511,28.3100,28.8200,28.2600,28.7900,3903600
20160512,28.4600,28.7100,28.2400,28.5000,3940800
20160513,27.8800,28.5300,27.8600,28.4300,4112900
20160516,27.8200,28.1800,27.7800,27.8900,3863400
20160517,27.4500,27.9800,27.3900,27.7800,5193100
20160518,26.8800,27.6100,26.7500,27.4900,5896500
20160519,26.9200,27.1100,26.6500,26.8800,6537000
20160520,27.0600,27.2100,26.8400,27.1300,4545400
20160523,26.9100,27.0900,26.9000,27.0000,3988300
20160524,27.2000,27.2500,26.9600,27.1600,4142400
20160525,27.1800,27.5800,27.1000,27.3000,3996000
20160526,26.6300,26.7900,26.3500,26.6400,3873500
20160527,26.8100,26.9200,26.6500,26.6500,3173100
