20150529,24.5100,25.3200,24.4300,25.2400,7873100
20150601,24.6400,24.9100,24.5100,24.5600,3354900
20150602,24.3000,24.5700,24.0800,24.4900,4165100
20150603,24.0800,24.2700,23.5700,23.8900,4362000
20150604,23.7400,24.0900,23.6100,23.7000,3142100
20150605,24.0600,24.1400,23.4100,23.4400,2484400
20150608,23.7700,24.3400,23.7600,24.0800,2264000
20150609,23.8100,24.0000,23.4100,23.8400,2685200
20150610,23.9800,24.0500,23.8100,23.8100,2230000
20150611,23.9800,24.1800,23.9300,24.0900,1563000
20150612,23.9400,24.0300,23.7000,23.7300,1399000
20150615,23.8200,23.9200,23.4700,23.6300,1598500
20150616,23.8500,24.0300,23.5700,23.6700,2971200
20150617,24.2900,24.4900,23.8900,23.9700,1884800
20150618,24.4400,24.5400,24.1400,24.3700,2725700
20150619,24.3600,24.5400,24.2100,24.4600,3289500
20150622,24.5100,24.6600,24.3900,24.5700,2523400
20150623,24.6600,24.6900,24.3200,24.5500,1694800
20150624,23.8500,24.4600,23.7400,24.4000,3327900
20150625,24.2300,24.3100,23.8500,23.8500,3255900
20150626,25.1900,25.2200,24.2500,24.3200,7671300
20150629,24.0100,24.9500,23.9000,24.9300,3674600
20150630,23.9400,24.3900,23.8900,24.3000,4077500
20150701,24.8600,24.8900,23.5100,24.2000,4019300
20150702,25.0200,25.2600,24.5300,24.9800,4026400
20150706,24.6100,25.0300,24.5400,24.7500,4095800
20150707,24.8500,24.8700,24.0200,24.7300,3670600
20150708,24.4500,25.1300,24.3800,24.5600,2835500
20150709,24.8500,25.1000,24.6900,24.9500,3289500
20150710,26.6700,27.0900,26.5000,26.7200,6281300
20150713,26.8200,27.0300,26.5400,26.7400,3141000
20150714,26.8000,26.9700,26.4700,26.7600,4198100
20150715,27.4900,27.5200,26.7200,26.8000,3813000
20150716,27.3000,27.7900,26.5500,27.7900,5858500
20150717,27.1500,27.3800,26.7200,27.0300,2962900
20150720,26.5600,27.1900,26.4200,27.0500,2960600
20150721,26.7300,27.1000,26.5600,26.6500,2517000
20150722,26.7300,26.9000,26.2300,26.7100,3343200
20150723,26.1100,26.7800,26.1100,26.7800,1825200
20150724,26.2000,26.5900,26.1400,26.3200,2035900
20150727,25.9000,26.1400,25.7100,25.9900,2767600
20150728,26.5900,26.6100,25.8700,26.0800,1956500
20150729,26.8200,26.8700,26.2500,26.5700,2806200
20150730,28.0500,28.9500,26.5500,26.7700,6480500
20150731,28.2200,28.5000,27.7500,27.9900,3432600
20150803,28.2000,28.3300,27.9100,28.3000,2062300
20150804,27.9400,28.6100,27.8300,28.1400,2474800
20150805,27.6000,28.2200,27.2100,28.0800,3532200
20150806,26.5300,27.9600,26.0600,27.8000,6623500
20150807,25.8200,26.6600,24.4700,26.4900,7388300
20150810,26.4400,26.9500,26.1000,26.1000,3072000
20150811,25.4400,26.3400,25.3100,26.1000,2907200
20150812,25.6200,25.7500,24.8700,25.1500,2691600
20150813,25.4800,25.8200,25.1000,25.3700,1668500
20150814,25.5300,25.6100,25.1500,25.4700,1923100
20150817,25.9600,25.9800,24.9900,25.2400,1639100
20150818,25.4600,25.9300,25.3000,25.9300,1773100
20150819,25.0900,25.3300,24.8600,25.2700,1692900
20150820,24.4800,25.1200,24.4700,24.9200,2530700
20150821,23.7400,24.4800,23.7400,24.1900,3696200
20150824,22.6600,23.6200,21.3700,22.3700,4300800
20150825,22.5900,23.4100,22.5900,23.2300,3354200
20150826,23.2900,23.3300,22.6000,23.3300,3360300
20150827,24.0600,24.3100,23.4900,23.5600,2514400
20150828,25.2100,25.2500,23.9300,23.9400,5566400
20150831,25.1700,25.3000,24.7900,25.0900,4432800
20150901,25.6600,26.2100,23.8300,24.4700,10274700
20150902,26.3600,26.3700,25.5300,26.1400,5704300
20150903,27.1700,27.7300,26.2200,26.2800,5386900
20150904,27.4400,27.5800,26.6800,26.8300,3937500
20150908,28.6200,28.7400,27.4600,28.0000,6069400
20150909,28.0600,28.9700,28.0100,28.8000,4887300
20150910,27.2900,28.3000,27.1000,28.2300,4969700
20150911,27.8000,27.9700,26.7300,27.2200,4784100
20150914,27.9400,28.0000,27.4000,27.9000,2996200
20150915,28.5400,28.5900,27.7200,27.9200,3764600
20150916,28.5400,28.6700,28.2400,28.4600,2876700
20150917,32.5100,33.2100,32.5000,32.8900,114021504
20150918,33.1300,33.2400,32.3700,32.4200,22160400
20150921,33.1200,33.2500,32.9900,33.0800,11717700
20150922,33.0500,33.2700,33.0400,33.0400,7223400
20150923,33.1300,33.2500,33.0400,33.0600,5202700
20150924,33.0800,33.1500,33.0300,33.0900,9569800
20150925,33.1000,33.2400,32.9100,33.1000,7584600
20150928,32.5100,33.1400,32.4200,33.0400,7124300
20150929,32.1000,32.7300,31.9400,32.5500,5403000
20150930,32.4700,32.5800,32.0200,32.2500,5009300
20151001,32.8100,33.2800,32.7200,32.9500,8563800
20151002,33.0100,33.0600,32.5800,32.7000,5161400
20151005,33.0000,33.2500,32.9500,33.2000,3956000
20151006,32.9500,33.0900,32.8300,32.9000,4141500
20151007,33.1100,33.2000,32.9500,33.0000,6228800
20151008,33.1900,33.2400,32.9200,33.0200,3937600
20151009,33.0200,33.2400,33.0100,33.1900,3343700
20151012,33.0500,33.1900,33.0000,33.0500,2749300
20151013,33.1600,33.2000,33.0700,33.1100,5385500
20151014,33.0600,33.2600,32.9500,33.1800,4544700
20151015,33.1200,33.2000,33.0100,33.0800,5143600
20151016,33.0100,33.1500,33.0000,33.1500,2449500
20151019,32.9700,33.1800,32.8900,33.0700,5881100
20151020,32.9400,33.1100,32.9000,32.9800,2959800
20151021,32.7700,33.0400,32.6700,32.9800,3043400
20151022,32.6200,33.0100,32.4900,32.8800,2463600
20151023,32.7100,32.8300,32.5500,32.7600,2815400
20151026,32.5500,32.7700,32.4000,32.6900,2584400
20151027,32.8100,32.9900,32.7000,32.7000,5361800
20151028,32.5000,32.8400,32.4900,32.8000,4906300
20151029,32.5900,32.6400,32.4100,32.5700,2363900
20151030,32.5900,32.6900,32.5000,32.5600,2042000
20151102,32.5000,32.6600,32.5000,32.5600,2396000
20151103,32.4600,32.6500,32.4200,32.5000,2766400
20151104,32.3500,32.5000,32.0600,32.5000,2807600
20151105,31.9500,32.3100,31.9000,32.3000,4602900
20151106,31.3500,32.0500,31.2200,31.9800,7821500
20151109,31.1500,31.4900,31.0400,31.4000,3679800
20151110,31.1000,31.3900,30.7300,31.1600,2137100
20151111,31.4000,31.5500,30.8500,31.1500,2563400
20151112,31.3000,31.4100,30.9600,31.3100,2063500
20151113,31.0000,31.4000,30.9000,31.2700,1717200
20151116,31.3100,31.3200,30.9000,31.0000,1706900
20151117,31.1700,31.7100,31.0800,31.2500,2623200
20151118,31.4100,31.4200,31.1300,31.2700,1422700
20151119,31.1100,31.5000,30.9100,31.4400,2316900
20151120,30.9800,31.3700,30.9000,31.2800,2558700
20151123,30.7300,31.1500,30.3700,30.9500,2766500
20151124,30.4900,30.6900,30.2800,30.6200,4385800
20151125,30.3800,30.6300,30.2800,30.5200,2984000
20151127,30.2800,30.4500,30.2000,30.3900,1669000
20151130,30.5000,30.5200,29.5000,30.2800,5654900
20151201,30.5800,30.8000,30.3800,30.5400,4140600
20151202,30.2600,30.7100,30.2200,30.5000,2455500
20151203,29.8700,30.4100,29.5700,30.3000,5716200
20151204,29.9700,30.1700,29.7900,29.9000,1966600
20151207,29.6400,29.9300,29.2300,29.8800,4220800
20151208,29.4600,29.6200,29.2700,29.5900,3691100
20151209,29.9900,30.1200,29.0700,29.2900,6187400
20151210,29.8600,30.3200,29.7900,30.0000,2670700
20151211,30.1400,30.7100,29.8000,30.3200,5402500
20151214,29.7500,30.1900,29.4900,30.0500,3715700
20151215,30.2800,30.4800,29.8100,29.8500,3948600
20151216,31.2200,31.2500,30.4300,30.5000,3697800
20151217,31.2800,31.4400,31.0000,31.2300,4112800
20151218,31.0000,31.3700,30.9400,31.1900,6451700
20151221,30.8400,31.1400,30.6100,31.0700,2389700
20151222,31.7700,31.7800,30.9100,30.9400,2523600
20151223,31.5400,31.5900,30.8800,31.2300,3184000
20151224,31.7100,31.9300,31.4700,31.5500,4563100
20151228,31.8500,31.9000,31.6000,31.6300,3365500
20151229,31.9200,31.9700,31.7000,31.9000,2186300
20151230,31.8600,31.9600,31.8100,31.8900,2817400
20151231,31.9000,32.0100,31.8300,31.8600,2276000
20160104,31.6200,31.7500,31.4700,31.6300,3502700
20160105,31.6800,31.7000,31.3400,31.6300,5493300
20160106,31.5900,31.8400,31.3000,31.3600,3721500
20160107,31.4100,31.8100,31.2600,31.3600,3458400
20160108,31.0100,31.9500,30.9900,31.5000,6924000
20160111,30.7800,31.2400,30.5300,31.1300,3207500
20160112,31.4600,31.4700,30.8500,30.9000,2701700
20160113,30.8100,31.5000,30.6900,31.4000,4141400
20160114,31.2000,31.5600,30.7700,30.9800,3885000
20160115,30.9500,31.0400,30.6500,30.7300,4545200
20160119,31.3300,31.4700,30.8800,30.9000,2831400
20160120,31.3400,31.5000,30.6500,31.1200,5637800
20160121,31.3200,31.7400,31.0000,31.2700,1781700
20160122,31.3500,31.6800,31.0800,31.5600,1929300
20160125,31.1000,31.4500,31.0300,31.4400,1319800
20160126,31.2700,31.5000,31.1500,31.1500,2126600
20160127,31.0300,31.3700,30.8800,31.2100,2733700
20160128,31.6100,31.9200,31.1500,31.1500,2166200
20160129,31.9100,31.9900,31.6800,31.7900,1969500
20160201,32.2000,32.2700,31.5800,31.8700,1827600
20160202,31.9100,32.0800,31.7500,32.0000,2927600
20160203,32.0200,32.0500,31.4100,31.9600,2062600
20160204,31.9700,32.2800,31.7700,31.9600,1551400
20160205,31.6800,32.1200,31.6200,31.9700,1886800
20160208,31.7600,31.8300,31.3300,31.6000,4904700
20160209,31.6200,31.9700,31.4200,31.5200,2924300
20160210,32.2300,32.3500,31.6500,31.8500,3029600
20160211,32.0300,32.2500,31.8600,31.9400,2637500
20160212,32.4300,32.4700,32.0000,32.2800,1522500
20160216,32.6900,32.7200,32.2900,32.5000,1663500
20160217,32.5500,33.0000,32.4700,32.8400,2312800
20160218,32.4100,32.6000,32.2700,32.6000,1634700
20160219,32.4400,32.6600,32.3500,32.3500,1589000
20160222,32.5300,32.6000,32.4100,32.4300,1442600
20160223,32.3800,32.7400,32.0800,32.5100,1807000
20160224,32.3700,32.5000,32.0900,32.3400,1866100
20160225,32.4500,32.6300,32.2500,32.5300,1790900
20160226,32.5100,32.7400,32.3600,32.3800,2428200
20160229,32.5300,32.7600,32.4000,32.5100,2661700
20160301,32.7000,32.7500,32.5300,32.7000,2210600
20160302,32.9100,32.9200,32.5700,32.6900,1867000
20160303,33.2500,33.3000,32.8100,32.8100,2800400
20160304,33.2800,33.4500,33.1900,33.3500,2136100
20160307,33.3000,33.3200,33.0200,33.1000,2048900
20160308,33.2500,33.3200,32.8600,32.8600,2136900
20160309,33.2800,33.3100,33.1100,33.3000,2097800
20160310,33.0400,33.4100,32.9800,33.3700,3842000
20160311,32.8900,33.1900,32.8800,33.1500,2234200
20160314,32.8500,33.0200,32.5700,32.6100,2328000
20160315,32.9500,33.2100,32.7300,32.7500,2048000
20160316,33.0500,33.2300,32.9500,32.9500,1550800
20160317,33.0000,33.1900,32.9500,33.0500,1689300
20160318,32.7900,33.1200,32.7500,33.0000,7268000
20160321,32.9900,33.1000,32.7500,32.9400,1752800
20160322,32.9500,33.0400,32.8600,33.0100,1021500
20160323,32.9800,33.0500,32.9000,32.9500,1786200
20160324,32.9600,33.0400,32.8800,32.9500,2599200
20160328,33.0100,33.1800,32.9600,33.0300,1594900
20160329,32.9800,33.0900,32.8900,33.0400,3053200
20160330,33.0000,33.0400,32.8500,33.0000,1980500
20160331,33.0000,33.0700,32.8600,33.0400,1879000
20160401,32.9500,33.0700,32.8700,33.0000,2286900
20160404,32.9700,33.0100,32.9000,32.9600,1935200
20160405,32.6500,32.9600,32.6300,32.9300,4267600
20160406,32.9400,32.9800,32.6800,32.7000,1613400
20160407,32.7600,32.9200,32.7200,32.8500,3124700
20160408,32.9300,32.9600,32.7200,32.8100,1657300
20160411,32.9200,33.0800,32.9200,32.9900,2226100
20160412,33.0000,33.0400,32.9400,33.0000,1815300
20160413,32.9700,33.1000,32.9400,33.0000,2667300
20160414,32.9500,33.1000,32.9400,32.9700,4207100
20160415,33.5900,34.0500,33.0000,33.0000,9281900
20160418,33.5800,33.7200,33.5000,33.5300,1969100
20160419,33.5600,33.6700,33.5500,33.6300,2486900
20160420,33.5600,33.6200,33.5300,33.6000,1980600
20160421,33.5100,33.6700,33.4100,33.5800,4698500
20160422,33.6300,33.6800,33.4500,33.5500,2679600
20160425,33.7700,33.8500,33.5500,33.6200,2545500
20160426,33.4600,33.7200,33.4400,33.6600,2613000
20160427,33.4500,33.5800,33.1700,33.5600,2489900
20160428,33.3800,33.5200,33.2700,33.3000,1950700
20160429,33.3900,33.5500,33.2000,33.3200,2264400
20160502,33.6500,33.6700,33.2500,33.3500,2690200
20160503,33.8300,34.0900,33.5900,33.6200,4488100
20160504,34.4500,34.5100,34.2900,34.3500,6588100
20160505,34.5700,34.6600,34.2800,34.3800,8098300
20160506,34.5000,34.6000,34.5000,34.5300,4851700
20160509,34.6000,34.6200,34.5000,34.5000,2240600
20160510,34.6400,34.7000,34.5700,34.6500,3592500
20160511,34.6100,34.6100,34.4700,34.5600,3578500
20160512,34.5600,34.6400,34.5300,34.6000,2073800
20160513,34.6000,34.6400,34.5500,34.5500,3001600
20160516,34.4600,34.5400,34.3000,34.5100,4560300
20160517,34.3900,34.6400,34.3600,34.4700,4994600
20160518,34.5400,34.6500,34.3500,34.3800,6002600
20160519,34.5000,34.6300,34.4400,34.4400,2857600
20160520,34.6400,34.7100,34.4500,34.5500,5754200
20160523,34.5800,34.6800,34.5800,34.6400,2493200
20160524,34.6100,34.6900,34.5800,34.6200,1515900
20160525,34.6400,34.6900,34.6000,34.6200,2790400
20160526,34.6200,34.6900,34.6100,34.6400,1736700
20160527,34.6700,34.6900,34.6200,34.6300,1502200
