20150529,102.3800,103.2100,101.8200,103.1500,4961500
20150601,102.5100,103.0600,102.0900,102.9000,3292000
20150602,101.8300,102.2500,101.2000,102.0500,3002400
20150603,101.9100,102.6000,101.7900,102.4000,2780300
20150604,100.8700,101.9600,100.2800,101.2000,3896100
20150605,99.9500,100.7600,99.8100,100.6200,3536400
20150608,99.4100,99.9900,99.1700,99.8200,3161400
20150609,99.9800,100.4500,99.1400,99.4100,3299700
20150610,102.1300,102.3800,100.4000,100.5000,3909200
20150611,102.6300,103.3700,102.3600,102.5200,3361300
20150612,102.2200,102.8200,101.6800,102.2600,2930900
20150615,102.5800,103.3500,101.8600,102.8700,5501500
20150616,103.1700,103.2800,102.2800,102.6100,4010100
20150617,103.8200,104.1600,103.1900,103.6200,3101900
20150618,105.0600,106.0000,104.0400,104.0700,4827100
20150619,105.4700,106.0800,104.7800,105.4700,5664400
20150622,106.1400,106.5000,105.7200,105.9300,3515700
20150623,106.4700,106.6800,105.8100,106.4400,3787300
20150624,105.3300,106.8800,104.9800,106.2000,4655100
20150625,105.0100,106.1100,104.3700,105.5100,5300400
20150626,105.8400,105.8800,104.8200,105.3600,15550100
20150629,104.8100,105.8200,104.7600,104.9800,4671900
20150630,104.8800,105.7000,104.7300,105.4400,4251300
20150701,105.7100,105.8800,104.8600,105.7500,3909500
20150702,105.5500,106.2200,105.3600,105.8300,2509700
20150706,104.8100,105.7700,103.6300,103.8800,4041100
20150707,106.3800,106.4300,104.0700,105.1000,4782300
20150708,104.1900,105.9300,104.1800,105.3700,4825900
20150709,105.7000,106.3900,105.5900,106.0100,5564500
20150710,107.4400,107.7500,106.6400,106.8500,4486600
20150713,109.1600,109.1600,107.8200,108.5000,3720100
20150714,109.8200,109.9600,108.8000,109.2000,3756800
20150715,109.9000,110.2600,109.2100,109.5300,4286800
20150716,110.5400,110.7000,110.0400,110.4300,2937300
20150717,110.1400,110.5400,109.4900,110.5400,3004400
20150720,110.9800,111.1500,109.6400,110.1400,2579300
20150721,110.0600,110.9400,109.5700,110.7000,2561400
20150722,110.9800,111.0700,110.0100,110.1100,3130300
20150723,110.1900,111.6400,109.9900,111.2500,2957600
20150724,110.4900,111.2700,109.9000,110.5000,3255600
20150727,109.7700,110.0400,108.7600,109.6900,3979300
20150728,111.6400,111.9100,110.0600,110.3200,4085500
20150729,113.4500,113.6500,111.6500,111.6700,4685500
20150730,112.9400,113.1500,112.2500,112.6900,3920700
20150731,112.4700,113.5000,112.4500,113.3500,4730100
20150803,112.8200,113.5800,112.0500,113.1700,4774600
20150804,109.9600,111.3000,106.5600,110.7400,9542400
20150805,111.2000,111.5600,110.2700,110.5000,4307500
20150806,108.1200,111.7500,108.0900,111.4100,6783300
20150807,107.7400,108.2800,107.1400,108.1200,4548000
20150810,108.6200,109.3500,108.2800,108.6600,3335700
20150811,108.0800,109.1800,107.4300,108.0700,2905300
20150812,108.3200,108.5000,106.7600,107.5900,3913800
20150813,107.6700,108.8700,107.3300,108.7800,3565200
20150814,107.6700,108.1100,107.3200,107.7700,2087000
20150817,108.7400,108.8200,106.9900,107.0700,3405500
20150818,108.4600,108.8500,107.9000,108.3400,3032900
20150819,106.7600,108.2500,106.6000,108.0700,4685800
20150820,106.0200,107.5500,106.0200,106.4000,4754800
20150821,102.2100,105.2300,101.0500,104.9900,8199200
20150824,100.2100,104.2100,81.3700,96.2900,13610400
20150825,100.0000,104.4100,99.9300,104.1400,8518200
20150826,102.8700,103.5400,100.8400,103.3800,8957800
20150827,105.2000,105.5400,103.0500,104.4300,6216200
20150828,104.1800,105.4700,103.3800,105.3900,5082700
20150831,102.4000,104.3500,102.0400,104.3300,5010200
20150901,100.2700,101.3900,99.8000,100.6400,6787400
20150902,101.1100,102.0600,99.8600,101.4800,5809500
20150903,101.5900,102.8300,101.1900,101.8100,3963300
20150904,100.1200,100.8600,99.6300,100.2400,4361500
20150908,102.1400,102.1900,100.6700,101.9700,4641800
20150909,100.2300,103.5900,100.0100,103.1400,3886700
20150910,100.8000,101.7000,99.5800,99.9800,4151000
20150911,101.5200,101.5400,100.2100,100.5700,3381000
20150914,100.1600,101.6900,100.0200,101.5400,3614100
20150915,101.6000,102.0900,100.1100,100.8000,3545900
20150916,101.5400,101.9900,100.7500,101.5700,3471600
20150917,101.3400,102.6300,100.3700,101.5800,4437500
20150918,99.0300,100.9200,98.8200,99.7100,8916800
20150921,100.9100,101.0900,99.5000,99.7700,3889100
20150922,100.0300,100.2500,99.1700,99.6900,3546700
20150923,100.6300,100.8800,99.4600,100.1300,4033600
20150924,99.1700,100.4900,98.6000,99.5000,4894800
20150925,98.6100,99.8600,98.2300,99.7900,4938400
20150928,96.3500,98.4500,96.0200,98.3000,5897000
20150929,95.1200,97.3200,94.5400,96.3500,6944200
20150930,96.4800,96.8900,95.5800,96.3300,5904400
20151001,96.9100,97.1000,95.0300,96.4900,6385200
20151002,98.9600,99.0000,95.5200,95.5800,5549000
20151005,101.9700,102.2500,99.7600,99.8600,6942400
20151006,99.8200,102.1500,99.6400,102.1000,4985500
20151007,101.0100,101.3700,99.9800,100.5700,4393200
20151008,102.1700,102.5000,100.5000,101.0100,5140000
20151009,102.0000,102.5200,101.5200,102.0100,4410300
20151012,103.0700,103.5200,102.0200,102.2000,3443300
20151013,102.0500,103.7800,101.8000,102.8200,4123700
20151014,100.4500,102.7200,100.0200,102.2000,4186000
20151015,102.4100,102.4900,100.2500,100.9900,3729400
20151016,103.3800,103.8200,102.2900,103.0000,3820200
20151019,103.5100,103.5900,102.5000,102.8800,3129900
20151020,103.6000,104.4000,103.1600,103.3300,4620200
20151021,103.2900,104.5700,102.8900,103.9700,3670900
20151022,104.2900,104.5200,103.2900,104.0200,6172200
20151023,103.9500,104.9700,102.5800,104.9700,5838800
20151026,103.4700,104.3400,103.0300,103.9900,4986400
20151027,105.2900,106.0000,103.0500,103.2200,6893700
20151028,103.8100,105.4900,102.5200,105.1200,6465800
20151029,103.8000,104.7400,103.5600,104.3200,6799100
20151030,98.7800,103.8000,96.4000,103.8000,23729900
20151102,100.3800,100.3800,98.2000,99.4500,7290500
20151103,99.8900,100.3600,99.2200,99.6500,4303500
20151104,99.5700,101.0800,98.3600,100.4200,7584900
20151105,99.5400,100.3400,98.8900,99.8000,4105000
20151106,98.7000,99.5900,98.2800,99.1600,4166700
20151109,97.9900,98.3500,96.9900,98.2700,4013600
20151110,97.8400,98.2900,97.5800,97.9100,4400100
20151111,94.8500,98.1100,94.6400,98.0000,7996700
20151112,93.1200,94.6000,92.7600,94.2100,8111500
20151113,91.8100,92.8700,91.4700,92.5500,7508600
20151116,93.6200,93.6400,91.8200,91.8700,5355600
20151117,93.7900,94.9500,93.2200,93.7500,4705700
20151118,95.1900,95.3600,93.8100,93.8500,4932000
20151119,92.4900,95.3900,92.1300,95.2000,6399000
20151120,91.9300,93.1900,91.7900,93.1200,6925000
20151123,91.5600,92.1100,90.1000,91.9400,5968000
20151124,92.2500,92.5800,90.8300,91.1900,4474400
20151125,93.9000,94.4500,92.4800,92.5200,5013800
20151127,94.6300,95.0500,94.0100,94.1900,2688000
20151130,94.0900,95.9600,94.0000,94.5600,5722100
20151201,95.4500,95.5700,94.1300,94.6700,6695600
20151202,94.5000,95.5500,94.4000,94.9500,5505500
20151203,92.8500,95.1900,92.6400,94.6200,6014000
20151204,95.4600,95.6600,93.1900,93.2800,5170800
20151207,96.3400,96.4900,95.4900,95.8000,5330400
20151208,95.6600,96.4000,94.9100,95.8600,4645000
20151209,94.9800,96.4500,94.1100,94.9800,5400100
20151210,94.7400,95.5500,94.4200,94.9100,3513500
20151211,93.2400,94.7400,92.5400,94.7400,6095900
20151214,94.1100,94.2300,92.3700,93.4200,5827600
20151215,92.5900,95.4500,92.4900,94.9700,8631500
20151216,97.5600,97.8100,93.4600,94.1500,10374000
20151217,94.7100,97.3800,94.7100,97.2200,6977600
20151218,94.8600,95.5000,93.5300,94.1000,9128500
20151221,95.9500,96.3300,95.0500,95.2700,3689800
20151222,98.2700,98.5600,96.3200,96.8300,6232600
20151223,98.5100,99.0900,98.0700,98.6100,3796500
20151224,98.8600,99.2600,98.3100,98.4500,1793000
20151228,98.4200,98.9800,98.1300,98.4100,2710800
20151229,99.3600,99.5200,98.5100,98.9000,2819600
20151230,98.7400,99.6000,98.7100,99.3600,2500700
20151231,97.7700,98.7200,97.7500,98.6200,3442400
20160104,96.4600,96.5700,95.3700,96.1700,5911000
20160105,96.7400,97.1500,95.9000,96.3900,5414800
20160106,95.5600,96.4600,95.0700,95.5300,5901400
20160107,94.1800,95.6900,93.9200,94.5000,6309700
20160108,93.5600,96.0000,93.2800,94.5900,5634400
20160111,94.9200,95.3000,93.5900,93.8300,6243400
20160112,95.6900,96.1900,94.6900,95.6400,5333500
20160113,94.1100,96.6300,93.9500,95.8400,6270900
20160114,95.5100,96.3400,94.1100,94.1100,4986800
20160115,93.9000,95.1100,92.9500,93.5100,7556600
20160119,95.0600,95.5600,94.3400,94.8700,6258600
20160120,94.1200,95.0000,92.3500,93.3600,7107700
20160121,94.4800,95.3100,93.5100,94.5500,4845700
20160122,95.6400,96.0900,94.3800,95.8000,4376900
20160125,94.0700,95.8000,93.9900,95.5600,5734900
20160126,94.0400,94.5100,93.4200,94.1300,4529000
20160127,94.3400,95.3100,93.4800,94.1300,3905600
20160128,93.4900,95.2700,93.0800,95.2700,4074700
20160129,96.5900,96.5900,93.2100,94.2100,6245300
20160201,97.3200,97.8900,95.5600,95.8900,3915200
20160202,94.9400,96.4100,94.7300,96.1500,4437800
20160203,95.3700,96.0300,93.8600,95.5700,5070200
20160204,94.6300,95.5500,93.9100,95.0500,4686800
20160205,93.1000,94.7900,92.5600,94.5500,6353500
20160208,89.6500,92.3800,89.2400,92.2200,9664800
20160209,90.5100,91.9600,86.5000,87.0200,11876900
20160210,93.1100,94.3500,91.0600,91.2000,7471500
20160211,93.8700,94.3900,91.4800,91.8300,8835600
20160212,95.8600,95.9700,94.0300,94.6700,4701700
20160216,96.9400,97.6300,96.3400,96.9400,5943300
20160217,97.6900,98.2500,96.9700,97.4000,5626600
20160218,96.8900,97.7300,96.3800,97.5000,4093200
20160219,97.5900,97.6600,96.0600,96.4000,4349700
20160222,97.4600,98.7900,97.0000,98.0400,4200400
20160223,96.7500,97.5000,95.8900,97.3700,4486900
20160224,96.8800,97.1000,94.9300,96.2900,6380600
20160225,98.4000,98.4300,97.1000,97.3600,4619700
20160226,97.6600,98.7800,96.3900,98.5800,6130100
20160229,97.1700,98.3400,97.1400,97.3300,4840800
20160301,98.3000,98.4400,97.5800,98.1600,3483400
20160302,98.6300,98.8900,97.8900,98.1900,3372100
20160303,99.3800,99.4800,98.1000,98.4000,3656000
20160304,99.2800,99.7500,98.6600,99.3600,3709500
20160307,98.4200,99.1700,98.1200,98.5400,4531100
20160308,99.0400,99.7500,98.0000,98.0000,4355000
20160309,100.5200,100.6000,99.1100,99.4200,5153200
20160310,99.3400,100.9000,98.6100,100.8200,4876600
20160311,100.3600,100.4700,99.6000,100.0000,3585100
20160314,101.0200,101.2400,99.8300,100.3300,3054400
20160315,101.1800,101.5900,100.1500,100.2300,3129700
20160316,100.9800,101.3500,100.3000,101.1800,3846700
20160317,101.1100,101.4900,100.0400,101.0800,4516800
20160318,101.5800,102.6700,100.9600,101.2600,7216200
20160321,101.7400,102.4400,101.1500,101.1600,3572800
20160322,101.9400,102.7200,100.9500,101.1700,4052900
20160323,100.7400,102.1000,100.5500,101.6700,4228200
20160324,101.4300,101.4700,100.0000,100.6900,3035800
20160328,101.8400,102.2300,101.1400,101.3200,3580700
20160329,102.4700,102.8400,101.0100,101.7400,3801100
20160330,104.0500,104.4000,102.7500,102.9900,4487700
20160331,103.7300,104.4000,103.6000,104.0000,3956000
20160401,104.8200,105.0000,102.9100,103.3600,6269200
20160404,104.4800,104.5600,103.6800,103.8900,3991800
20160405,103.1800,104.2100,102.9500,104.0300,4367600
20160406,103.3900,103.9100,102.7400,103.1400,3753000
20160407,100.9400,103.2400,100.4400,103.1400,4957200
20160408,101.4700,101.9700,101.1500,101.7400,2924800
20160411,100.7700,101.7500,100.7300,101.6700,3434700
20160412,101.2300,101.4500,100.4100,101.2200,2794300
20160413,101.1300,101.9400,100.9800,101.6000,3396000
20160414,101.1100,101.6200,100.8600,101.4200,3384900
20160415,102.2400,102.3800,100.5900,100.9500,3273900
20160418,102.5000,103.2300,101.9700,102.2000,3177800
20160419,103.4600,103.6000,102.5100,102.5200,2915600
20160420,102.5100,103.2500,102.3500,103.1900,3007100
20160421,101.2200,102.8700,101.0300,102.5100,4018400
20160422,101.4400,101.6200,100.4000,101.3300,2652400
20160425,101.9500,101.9900,100.7800,101.0000,2322800
20160426,102.8500,102.8900,101.6600,101.9500,2832300
20160427,102.7000,103.4200,101.9100,102.9800,3141300
20160428,101.2100,102.4100,101.0000,101.9900,4032200
20160429,100.5000,101.3400,99.8700,101.0000,4568600
20160502,101.4500,101.9300,100.2600,100.5000,5308200
20160503,103.9200,104.4400,100.5200,101.8200,6334000
20160504,103.9000,104.4200,102.9300,102.9300,4607100
20160505,105.1500,105.6100,103.7700,103.9000,5278500
20160506,104.8500,105.5000,104.3500,104.6300,4262800
20160509,105.7400,106.6700,104.8000,104.9300,4537100
20160510,106.1000,106.3500,105.5900,106.0000,3107900
20160511,104.1600,105.8800,104.1400,105.8800,4068200
20160512,104.8500,105.4500,104.2200,104.4000,3816600
20160513,103.6700,104.8500,103.4700,104.3800,3393700
20160516,104.5500,104.7600,103.2700,103.6700,2808100
20160517,102.1100,104.5400,101.7300,104.2200,4953900
20160518,101.5200,102.4000,99.6500,101.3200,5632500
20160519,100.9500,102.1100,100.5100,101.5800,3610400
20160520,99.4600,101.3600,99.0800,101.3600,10458300
20160523,98.0700,99.7100,97.9400,99.5800,6215600
20160524,97.3800,98.8400,97.1300,98.5900,9327400
20160525,97.5500,98.2300,97.3500,97.6100,7121400
20160526,96.9500,98.0000,96.6600,97.4700,6666900
20160527,96.9400,97.2700,96.7000,97.1200,4439900
