20150529,103.0000,103.5700,102.6700,103.1400,6673400
20150601,102.6300,103.7500,102.4900,103.4700,5412400
20150602,102.5800,103.1100,102.1100,102.6500,5040000
20150603,102.1700,103.3800,102.1200,102.4000,5175700
20150604,101.3900,102.3700,100.9800,101.8900,6896400
20150605,101.5900,103.1000,100.9900,101.1800,6080900
20150608,100.4200,101.3900,99.9500,101.2900,8213900
20150609,100.4200,101.2500,100.2200,100.7000,7157000
20150610,101.8300,102.5800,101.5200,102.5200,7588400
20150611,101.1200,102.2000,100.9400,101.8700,5582900
20150612,99.8700,100.6900,99.6300,100.5200,6475500
20150615,99.2900,100.0600,99.1300,99.4500,6178100
20150616,100.0400,100.4500,98.8100,99.2000,8763700
20150617,99.7600,101.1700,99.5200,100.8300,8231100
20150618,100.2500,100.9000,100.1500,100.2600,7168000
20150619,99.4700,100.1700,99.4600,99.7200,10512000
20150622,100.2900,100.3700,99.3700,99.8300,6416100
20150623,100.0900,100.4300,99.5400,99.9600,5697900
20150624,99.2700,100.6800,99.2700,99.9800,7451900
20150625,98.3400,99.6600,98.2900,99.4500,6062800
20150626,98.6000,98.6900,97.8100,98.2400,10015500
20150629,96.6900,97.9600,96.6000,97.5000,8764600
20150630,96.4700,97.6600,96.2200,97.4500,9925400
20150701,96.0900,96.6200,95.5500,96.3000,7295300
20150702,95.8700,96.6700,95.7200,96.3600,6419100
20150706,94.7700,95.5600,94.4800,95.0600,8341600
20150707,95.2700,95.4800,93.5000,94.4100,11774900
20150708,93.5600,95.0900,93.2600,94.5900,7719100
20150709,93.7800,95.2100,93.7600,94.9000,7909000
20150710,94.4100,94.9500,94.0700,94.5300,5631900
20150713,94.6000,94.8900,94.1500,94.3100,5038800
20150714,95.5500,95.7900,94.3900,94.4000,5218600
20150715,94.2400,95.7000,93.8900,95.0400,6490400
20150716,94.4800,94.7300,93.9000,94.2800,6422700
20150717,93.1500,94.3900,92.9000,94.2300,8214200
20150720,92.9400,93.4900,92.5900,93.3000,6006900
20150721,93.9000,94.1400,93.0000,93.0000,7043100
20150722,93.5100,94.3300,93.2900,93.5100,9327500
20150723,92.9400,94.0700,92.7000,93.5700,7360700
20150724,90.6000,92.7800,90.3500,92.7800,11158400
20150727,89.1400,90.0900,88.7400,89.8600,10342700
20150728,92.4000,92.6900,89.4300,89.4500,11536900
20150729,93.2500,93.4000,91.4400,91.9800,9821500
20150730,93.0300,93.8100,92.7500,93.4500,6435700
20150731,88.4800,91.7500,88.0100,91.5200,19063400
20150803,85.6000,87.3300,85.3200,87.2800,14142200
20150804,85.2100,86.9000,84.6800,85.7400,8537200
20150805,84.0300,86.0000,83.8700,85.4400,11254600
20150806,85.1900,85.5800,82.8900,83.5600,9805000
20150807,83.7500,85.2600,83.4300,84.7100,7422000
20150810,85.8900,86.1000,83.8800,84.2000,8342000
20150811,85.7800,85.9800,83.6000,84.3800,9797400
20150812,86.7900,87.1100,84.9200,85.0000,11316300
20150813,85.8500,86.3400,85.4500,86.0300,9562400
20150814,85.9900,86.4200,85.2900,85.7800,7748900
20150817,83.2300,84.5100,83.1100,84.4600,12602500
20150818,83.4400,83.7700,82.8200,83.0800,9093400
20150819,80.9100,82.9100,80.6700,82.8700,13129000
20150820,79.2400,81.2900,79.2400,80.6600,11857200
20150821,75.7600,79.5900,75.7100,78.8700,18383600
20150824,72.1200,75.3800,69.5800,70.5500,24191900
20150825,70.0200,75.0200,69.8400,74.9300,21128000
20150826,73.0900,73.1000,70.9500,71.7200,17400400
20150827,77.6400,78.1200,74.5600,75.0000,21539600
20150828,80.4300,81.2000,77.5800,77.7200,23735400
20150831,80.9900,81.0800,77.9200,80.0100,16880400
20150901,78.1900,79.3900,77.5200,78.7600,17954200
20150902,78.0600,79.7500,77.2300,79.7500,14255900
20150903,78.2600,79.4200,77.6900,78.7000,12282600
20150904,76.6700,77.6300,76.4500,77.3000,11210000
20150908,76.8400,77.5600,76.2400,77.5300,9316500
20150909,74.9200,78.2000,74.7500,77.4300,11297400
20150910,75.6600,75.8000,74.3100,75.7300,11475200
20150911,75.7900,76.2500,75.0900,75.9400,11032100
20150914,75.7700,76.0000,74.9600,75.5200,10235500
20150915,77.1700,77.6900,76.2100,76.4300,11678100
20150916,79.0200,79.2100,77.7700,77.8200,12593500
20150917,79.4100,80.4700,78.6000,79.1200,12324300
20150918,77.7400,78.7000,76.9700,77.9100,18635900
20150921,78.0900,78.7300,77.8400,78.3000,8523500
20150922,77.2500,77.6900,76.4900,76.8400,9692300
20150923,76.1200,77.5300,75.7600,77.4000,9043000
20150924,76.8900,77.3100,75.1000,75.4500,10302600
20150925,77.7000,78.1600,76.9200,77.8700,10862600
20150928,75.7700,76.9300,75.7500,76.6600,10567000
20150929,76.2500,76.6600,75.2800,76.0400,8797800
20150930,78.8800,79.0200,77.0000,77.1500,14108800
20151001,78.3400,80.8900,77.8100,79.7200,11111900
20151002,81.5500,81.5500,77.3100,77.7400,13051900
20151005,84.0300,84.1900,82.3500,82.4100,14196800
20151006,86.9900,87.6300,84.0700,84.1800,18897100
20151007,88.1200,89.5100,86.2800,88.2500,17670500
20151008,89.9100,90.1400,87.8000,87.8900,11299100
20151009,89.5700,90.4000,88.6700,90.2000,10011100
20151012,88.7400,89.9800,87.8700,89.8600,7917500
20151013,88.3800,88.9400,87.2900,87.8000,8012500
20151014,89.7600,89.9700,87.7100,88.2300,9734500
20151015,90.7200,90.8700,88.4400,89.6500,8960400
20151016,91.2900,91.6600,90.0200,91.5500,7754600
20151019,90.0300,90.5400,89.2200,90.3600,8900400
20151020,89.9900,90.4900,89.3900,89.5000,8221100
20151021,89.3300,90.6300,89.1400,89.4400,7423400
20151022,91.6200,91.8100,89.7400,89.7400,8971700
20151023,91.2400,91.9300,90.0900,90.7500,8134800
20151026,88.7700,90.8800,88.5800,90.8700,8606600
20151027,87.7000,87.9600,86.7400,87.7300,9328800
20151028,89.7900,90.1200,87.9200,88.2100,8236500
20151029,89.8900,90.9300,89.1400,89.3200,6686000
20151030,90.8800,91.9800,89.4100,91.1400,11559300
20151102,94.9600,95.2800,90.4800,90.6100,14277300
20151103,98.1400,98.6400,95.4200,95.4200,17669200
20151104,96.7700,98.1000,96.0800,98.0200,11931300
20151105,94.5500,96.5500,94.3300,96.0500,11184800
20151106,94.0300,94.0700,91.7600,93.7100,9634200
20151109,92.3200,94.4500,92.1000,93.4800,7659100
20151110,93.2300,93.5000,91.8400,92.1000,6823100
20151111,92.1900,93.7100,91.8600,93.3900,6085300
20151112,89.8600,91.1500,89.2500,90.7500,8951300
20151113,88.6800,89.9700,88.1900,89.5700,7676600
20151116,91.4500,91.4700,87.7900,87.7900,10101100
20151117,91.0300,92.5000,90.7000,91.2700,7575800
20151118,92.2100,92.7500,91.0300,91.4400,6886900
20151119,90.8300,92.3700,90.4300,92.0300,6096700
20151120,89.0100,91.3100,88.8100,90.6400,8561400
20151123,90.0100,90.4400,88.1100,88.6500,6889600
20151124,91.3500,92.3000,89.8000,90.1900,8549000
20151125,90.8700,91.3200,90.1600,90.7100,5419300
20151127,90.3700,90.8400,90.0500,90.2500,2547800
20151130,91.3200,91.9600,90.4400,90.6400,12179400
20151201,92.4800,92.6500,90.9700,90.9700,6975500
20151202,90.2500,92.6900,90.0300,92.6000,11830700
20151203,88.8500,91.4200,88.3600,90.8100,10996800
20151204,89.7100,89.8200,86.4900,87.9000,13170200
20151207,87.2800,87.9400,84.9000,87.4800,15378900
20151208,86.4400,88.0000,84.2500,85.8100,13397500
20151209,87.6000,90.1400,86.3000,86.6700,14675800
20151210,89.3000,90.4600,87.6100,88.0000,14534800
20151211,86.4400,87.9100,86.0900,87.8500,13186900
20151214,89.3300,89.5900,85.4100,86.3000,12430700
20151215,92.7600,93.4000,90.5500,90.5800,19086400
20151216,93.4400,93.8200,90.8100,92.5800,16917900
20151217,90.5400,94.0000,90.4000,93.5000,14082500
20151218,89.8100,91.2700,89.3000,90.0600,20167200
20151221,89.2400,90.7000,88.2100,90.4000,12852300
20151222,90.2700,90.7900,88.3000,89.1200,9661700
20151223,93.8100,93.8500,91.5700,92.2000,11172800
20151224,92.0500,93.9500,92.0100,93.9500,4998700
20151228,90.3600,90.7200,89.6900,90.3100,6800000
20151229,91.2500,92.5800,91.0700,91.8900,6471200
20151230,90.0900,90.9800,89.8900,90.1000,5600200
20151231,89.9600,90.8600,89.0200,89.3800,6988700
20160104,88.8500,90.1100,87.5700,89.5300,11397300
20160105,89.6100,89.6500,87.8400,89.0500,7883400
20160106,86.0700,87.7800,85.1600,87.4400,14511400
20160107,83.0200,85.7500,82.6700,84.5500,15368800
20160108,82.1300,83.8400,81.2200,83.3900,11891600
20160111,80.7700,82.9700,79.7700,82.8500,14366400
20160112,82.1500,82.4000,79.6900,82.2000,13477500
20160113,81.3300,84.2500,80.0100,83.1600,15550100
20160114,85.4700,86.1700,80.9500,81.9500,16433400
20160115,83.6700,83.8100,80.8700,81.6400,17870300
20160119,81.5100,84.7500,80.7900,84.1700,13155600
20160120,78.9800,80.3100,75.3300,79.9800,26151100
20160121,81.0500,81.6500,78.0200,78.8000,16107800
20160122,83.5400,85.1900,81.7200,84.4600,15724600
20160125,80.8900,84.2900,80.8000,82.2900,12370300
20160126,84.1200,84.5000,81.3500,81.9700,12191400
20160127,83.2900,86.1000,82.3600,83.9500,12380600
20160128,85.9200,86.6900,83.7000,85.7500,13017400
20160129,86.4700,86.7100,82.9500,84.0500,20248900
20160201,85.2900,86.0900,84.2400,85.1500,10958300
20160202,81.2400,83.0400,80.9600,82.7100,13326200
20160203,84.6200,84.6300,79.8500,82.3900,13964100
20160204,84.7900,86.1900,83.8300,84.5900,12825000
20160205,82.8800,84.2900,82.2600,83.9400,15090100
20160208,85.9900,86.7000,81.1000,81.7600,17712800
20160209,82.9200,85.7900,82.1700,85.0800,12605600
20160210,83.0400,83.9000,81.5000,82.7700,12110300
20160211,82.9900,83.6600,80.6400,81.6000,12741400
20160212,85.4300,85.5800,83.2000,83.8000,9835100
20160216,84.8100,85.3900,83.3100,85.2300,10631500
20160217,88.3100,88.6600,85.0200,85.4100,12710500
20160218,86.7300,89.2500,86.6100,88.7500,9517800
20160219,86.5000,86.5400,84.8000,86.3300,9783300
20160222,88.8200,89.8400,86.5000,86.5000,10299900
20160223,84.9100,88.4800,84.7000,88.3900,10655800
20160224,85.2700,85.4900,82.9000,83.3300,9775200
20160225,85.3000,85.7100,83.7400,85.6700,9452600
20160226,84.3500,87.1000,84.2800,86.9700,9369900
20160229,83.4400,85.2000,83.0700,84.9400,11549600
20160301,86.1300,86.5300,83.3700,84.1200,11614700
20160302,87.1400,87.1800,84.4000,85.4000,9637600
20160303,87.5300,87.5700,86.0500,87.0000,8526100
20160304,87.9300,88.6200,86.7000,87.4200,9328600
20160307,90.6700,90.7600,87.5500,87.9400,12784300
20160308,88.7400,91.0800,88.3300,90.3800,10508400
20160309,92.8200,94.6400,89.4700,89.7000,19323100
20160310,93.9400,93.9500,92.0200,92.7900,12090900
20160311,94.5800,96.1400,93.3800,94.9500,14098800
20160314,94.2600,94.8300,93.0900,93.5700,6898900
20160315,94.2700,94.4000,92.2500,93.1500,7006300
20160316,95.4000,96.1400,93.7200,94.7200,9969200
20160317,96.8900,97.7400,95.2900,96.2500,10679400
20160318,97.6900,97.9100,95.8600,97.8500,14436300
20160321,96.4400,97.5400,95.9100,97.0200,8040100
20160322,95.5000,96.9100,95.3200,95.7500,7567100
20160323,93.5900,94.8100,93.0400,94.7200,10302800
20160324,94.8500,94.9400,92.2500,92.5400,8159100
20160328,94.6800,95.0800,94.0000,94.9000,5054000
20160329,95.3200,95.3900,92.9400,93.7900,6616600
20160330,95.2500,96.6900,95.1600,96.3500,6182900
20160331,95.4000,96.2000,94.9500,95.1900,5943900
20160401,94.2600,94.7800,93.3200,93.6900,7555900
20160404,93.4300,94.4800,93.0400,94.4400,6552000
20160405,92.6700,93.3500,92.4300,93.0000,6662000
20160406,94.8400,95.0000,92.8200,93.1500,6836400
20160407,94.7900,95.0300,94.0800,94.3700,6817700
20160408,96.3300,96.8700,95.7600,96.2500,7108500
20160411,95.2400,97.3000,95.1500,96.8700,6644200
20160412,97.5100,97.9400,95.4300,95.6900,8783400
20160413,97.6000,97.9100,97.0300,97.8000,6406800
20160414,97.9800,98.2700,97.3600,97.6500,6162200
20160415,97.2300,97.8000,96.9600,97.7100,6551600
20160418,98.7000,98.7600,95.5200,97.2300,7770200
20160419,100.5000,100.5300,98.1600,99.0000,10584800
20160420,101.6900,102.5400,99.8400,100.0800,10150500
20160421,101.4000,102.8000,101.1100,101.6400,8278600
20160422,102.0100,102.5000,101.5000,101.7400,5754000
20160425,101.5100,101.7700,100.8300,101.4700,6612100
20160426,102.2900,102.9800,101.7100,102.0500,5650700
20160427,103.8500,103.9400,102.3800,102.9000,8383600
20160428,102.4000,104.2600,102.0500,103.1300,7598000
20160429,102.1800,102.6300,100.6100,101.1400,8826900
20160502,103.3100,103.8500,101.8000,101.8300,6844500
20160503,101.3200,102.3500,101.0500,102.2600,7033600
20160504,100.5900,102.3000,100.3900,101.0600,7444100
20160505,101.4200,102.6000,100.8600,101.8500,6474300
20160506,101.8600,102.7000,100.8400,100.8400,5966800
20160509,100.3500,101.8000,99.0800,101.6200,9342100
20160510,101.2700,101.2900,100.4100,100.6400,6698100
20160511,101.1400,101.7400,100.1500,101.2400,6850700
20160512,102.1200,102.4200,101.0800,102.1500,6532400
20160513,100.7400,102.0400,100.3600,101.6300,5665200
20160516,102.2900,102.6000,101.4000,101.8700,6779400
20160517,100.7500,102.1800,100.3400,101.0700,7028000
20160518,100.0600,101.2700,99.4400,100.9000,5927500
20160519,99.8500,100.0800,98.5200,99.2600,6241100
20160520,99.7900,100.4000,99.4900,100.3000,4681000
20160523,99.3800,100.1300,99.0700,99.1800,4157000
20160524,100.1900,100.7600,99.6200,99.9400,4367500
20160525,101.7700,101.9800,100.8200,100.8200,5428200
20160526,101.5000,102.3700,100.9700,101.8500,4075200
20160527,102.0200,102.1100,100.8700,101.3800,4997600
