20150529,70.5200,71.1300,70.3100,71.1100,3582000
20150601,70.5000,70.9100,70.3200,70.6000,1769100
20150602,69.5900,70.1800,68.8400,70.1500,3020000
20150603,68.4300,69.6800,68.0300,69.5900,3376100
20150604,67.8800,68.8000,67.7700,68.2600,3238400
20150605,67.1400,67.4400,66.7200,67.2900,3602300
20150608,66.9300,67.3700,66.8100,67.0800,3405600
20150609,66.8300,67.1400,66.7200,66.8600,2792700
20150610,66.8500,67.2000,66.7500,67.1200,2968300
20150611,67.2700,67.4500,66.9000,67.3000,2135500
20150612,66.8000,67.3800,66.7600,66.9300,3758700
20150615,67.1000,67.3500,66.6000,66.7700,2489700
20150616,67.3700,67.4200,66.6800,66.9600,1697900
20150617,68.0000,68.1500,67.2500,67.3600,2737200
20150618,68.8500,68.9300,67.8600,68.0200,3381700
20150619,68.0500,69.1400,67.9800,68.8800,3985500
20150622,68.2600,68.7300,67.8900,68.6600,2494900
20150623,67.5600,68.2700,67.2700,68.2100,3510900
20150624,67.6500,67.8500,67.3500,67.5000,3154000
20150625,67.0400,67.8300,67.0400,67.6200,2670000
20150626,67.2700,67.3600,66.5800,67.0000,1928400
20150629,67.2900,68.1400,67.1900,67.2000,2939000
20150630,66.8700,67.4900,66.5200,67.4900,3367600
20150701,67.0700,67.3000,66.6500,67.1900,2747400
20150702,67.9000,68.0500,67.4100,67.4200,2274400
20150706,67.8500,68.1000,67.2500,67.7300,3191500
20150707,69.3300,69.6400,68.0800,68.2700,3035700
20150708,69.4300,69.6500,68.9300,69.0600,3279100
20150709,68.6500,69.7500,68.3500,69.6400,3031600
20150710,68.9600,69.4900,68.4300,68.8200,1849900
20150713,69.0900,69.4300,68.5600,69.0000,2154500
20150714,69.2000,69.4300,68.9000,69.0200,1746500
20150715,69.5200,69.5600,68.8100,69.0300,1607700
20150716,70.1800,70.3300,69.4400,69.5800,2100200
20150717,69.6500,70.1900,69.5100,69.9100,2048800
20150720,69.2900,69.6300,68.9000,69.5600,1237800
20150721,68.7700,69.3200,68.4200,69.1200,2424400
20150722,68.7300,69.3900,68.6500,68.7000,2236600
20150723,68.2300,68.7400,67.5800,68.5300,2395500
20150724,68.5900,68.7700,67.9800,68.2100,2364000
20150727,69.1400,69.5100,68.6000,68.6000,2191200
20150728,70.1300,70.1400,68.8400,69.0800,2792200
20150729,70.6500,70.7200,69.4900,70.0400,2542300
20150730,71.0500,71.1800,70.0800,70.4400,1569900
20150731,71.7000,72.1700,71.5000,71.5800,2190500
20150803,71.7200,72.2300,71.2700,71.9200,1749300
20150804,70.2500,71.5800,69.9200,71.4000,3071300
20150805,71.1600,71.6900,70.1300,70.2600,2353600
20150806,71.3300,71.3500,70.1900,71.3000,2158800
20150807,72.3400,72.7600,70.9100,71.2100,1934100
20150810,72.3500,72.7200,72.0400,72.4100,1535600
20150811,72.6800,73.1100,71.9500,72.2200,1902700
20150812,74.4900,74.5300,72.4400,72.5600,3378500
20150813,74.9300,75.0000,73.5700,74.1100,3018100
20150814,75.3700,75.4300,74.1800,74.5200,1730100
20150817,76.2200,76.4800,75.2300,75.5000,2882700
20150818,76.0900,76.4000,75.8100,76.0600,1795400
20150819,76.1400,76.5200,75.5400,75.7100,2020600
20150820,75.7200,76.5900,75.4000,75.7200,4340200
20150821,75.4000,75.8200,74.9300,75.4100,6976200
20150824,72.3600,75.0000,72.0300,73.7500,6395900
20150825,70.2300,73.7300,70.1100,73.5200,5231300
20150826,70.6200,70.8000,68.8300,70.3800,3872900
20150827,71.2100,71.3000,70.2400,70.9600,3314300
20150828,71.0300,71.3300,70.1200,71.1700,2427200
20150831,69.7500,70.8900,69.3100,70.8900,3333600
20150901,67.8000,69.2700,67.3500,68.8800,2851100
20150902,68.0900,68.5100,67.4300,68.4700,2655100
20150903,68.0900,68.6300,67.8000,68.3400,3032000
20150904,67.2300,68.0000,66.9000,67.6900,2843000
20150908,68.7200,68.7600,67.8900,67.9400,3519000
20150909,68.0800,69.3100,67.9600,69.0300,2770900
20150910,67.2700,68.2700,67.1100,67.9900,2461700
20150911,67.7600,67.7700,66.9600,67.1400,2184900
20150914,68.1100,68.3700,67.6600,67.8900,2242000
20150915,68.0800,68.3300,67.6400,68.1900,1866500
20150916,68.7500,68.9800,68.0600,68.2500,2114900
20150917,69.4600,70.2800,68.5900,68.6800,1914300
20150918,69.0000,70.1600,68.8500,69.0600,3603700
20150921,69.3200,69.6000,68.8700,69.1700,2209300
20150922,69.0800,69.4600,68.7500,69.0000,2504600
20150923,69.2200,69.3700,68.8700,69.0400,1738400
20150924,69.4200,69.5600,68.7600,68.8500,2148100
20150925,70.0600,70.6900,69.2600,69.4800,2409800
20150928,69.4300,70.3900,69.3500,69.9400,2864100
20150929,69.2900,69.7300,68.9700,69.4600,2524900
20150930,70.3800,70.4700,69.3800,69.5100,2741000
20151001,69.1600,70.5800,68.9000,70.4500,3175100
20151002,69.3500,69.7600,68.4600,69.5100,3864800
20151005,70.3200,70.3400,69.2400,69.5900,2881900
20151006,69.7800,70.3200,69.4500,70.1700,2389900
20151007,69.7800,70.0200,69.4300,69.8700,1744700
20151008,70.7100,70.8400,69.4400,69.5700,1935100
20151009,71.0200,71.1500,70.4600,70.8000,2543800
20151012,72.0000,72.0800,71.0000,71.0400,1839900
20151013,71.9000,72.0900,71.4400,71.7400,1676100
20151014,72.0900,72.3500,71.7100,71.9200,1851800
20151015,72.8000,72.9500,71.7500,72.4200,2241500
20151016,73.1400,73.4600,72.8000,73.1400,2018900
20151019,73.3700,73.4000,72.4300,73.0600,1898600
20151020,73.6900,73.7800,73.0600,73.1400,2308800
20151021,73.9200,74.3500,73.5200,73.9200,2358200
20151022,74.4900,74.8800,73.7700,74.0300,2089900
20151023,73.0800,74.4700,73.0100,74.3300,2154700
20151026,72.8400,73.4000,72.2300,73.2700,2048400
20151027,72.3600,73.1700,72.1700,72.6900,2262900
20151028,71.5200,72.7400,70.7400,72.4700,2160600
20151029,70.8800,71.3300,70.0000,71.2400,2861100
20151030,71.4300,71.6800,70.6900,71.0700,2937600
20151102,70.7300,71.7900,70.0100,71.0600,3052600
20151103,70.7100,71.4100,70.3100,70.6900,2710500
20151104,70.5700,71.2800,70.4100,70.6500,2375300
20151105,70.2400,70.9200,70.1800,70.3800,1595400
20151106,67.8500,69.6600,67.5800,69.4700,2883200
20151109,67.7300,68.1900,67.2700,67.5500,2458900
20151110,67.8000,68.3200,67.6300,67.8000,2067000
20151111,68.3100,68.4100,67.7900,67.8800,1529400
20151112,67.9100,68.6700,67.6000,68.0400,2380600
20151113,68.2000,68.5900,67.9100,67.9500,2739100
20151116,69.2600,69.2900,68.0200,68.0600,2454700
20151117,68.3000,69.9800,68.1300,69.2100,2017800
20151118,68.4800,68.5800,67.4600,68.2600,2119200
20151119,68.8200,69.2300,68.4800,68.7000,1743600
20151120,69.0000,69.6200,68.6600,69.0600,2918200
20151123,67.5800,68.6000,67.5000,68.3100,2079100
20151124,67.4800,67.6200,66.8500,67.3800,1997900
20151125,67.2200,67.5900,67.0100,67.4100,1364600
20151127,67.3700,67.7800,67.1700,67.2100,824800
20151130,67.3700,67.8300,67.2900,67.4000,2550000
20151201,67.4100,68.0400,66.7600,67.8700,2284800
20151202,66.1400,67.3600,66.0500,67.2800,2609200
20151203,65.1700,66.0300,65.0400,65.9600,2918600
20151204,66.6000,66.6900,65.4400,65.5400,2827400
20151207,66.1400,66.6000,66.0100,66.3600,2880900
20151208,65.9100,66.1800,65.1600,66.0000,2956900
20151209,66.1900,66.7200,65.4000,65.6500,2855200
20151210,65.2000,66.2400,65.1400,66.1300,1961000
20151211,64.8900,65.4400,64.5400,64.9200,2105200
20151214,65.4000,65.4400,64.5500,64.8100,2633100
20151215,66.1500,66.6900,65.4200,65.6000,2279300
20151216,67.5700,67.6300,66.3100,66.5000,3215300
20151217,67.5400,67.9600,67.1000,67.5000,2785500
20151218,66.9000,67.4500,66.5300,67.2200,4921400
20151221,66.5600,67.4400,66.1800,67.3800,2448800
20151222,67.1400,67.2300,66.1600,66.8700,1935800
20151223,68.0800,68.1400,67.2000,67.2000,2334700
20151224,67.7700,68.0400,67.6500,67.9600,738400
20151228,67.8600,68.0000,67.4200,67.6600,1807900
20151229,68.6400,68.8700,67.9500,68.0100,1960500
20151230,68.6800,68.9200,68.3500,68.5400,1634900
20151231,67.6400,68.6000,67.0200,68.5600,2119200
20160104,67.4700,67.5100,66.3300,66.9700,3896700
20160105,68.0500,68.1200,66.2500,67.2900,2476000
20160106,68.4700,68.8700,67.3300,67.5700,2670700
20160107,68.5100,68.7100,67.6000,67.6700,4011800
20160108,69.5200,69.9000,68.3800,68.4800,5391500
20160111,69.4100,69.9300,69.3100,69.5900,3989700
20160112,68.9000,69.8800,68.5100,69.6400,4318300
20160113,69.0200,69.4900,68.8600,69.0400,3646500
20160114,69.6700,69.9700,68.8500,68.9700,3265900
20160115,68.8800,69.4400,68.1800,69.0000,3964200
20160119,69.9000,70.0600,68.6900,69.2300,3037000
20160120,68.7300,69.7500,67.9400,69.4500,3773800
20160121,68.4900,69.0500,67.9700,69.0500,2268700
20160122,69.7600,69.8300,68.5200,69.1400,2118000
20160125,69.5600,70.1400,69.2700,69.7900,2287300
20160126,69.7200,70.5600,69.4400,69.5800,2075500
20160127,69.7100,70.1200,69.1700,69.6100,2320200
20160128,70.9400,71.5100,69.4300,69.7000,3579600
20160129,72.1700,72.2000,71.0300,71.4800,3498500
20160201,70.1800,71.4200,69.9400,70.2700,10798600
20160202,69.8900,70.1100,68.6200,69.2400,6008700
20160203,69.9300,70.4200,69.2800,70.0500,5527100
20160204,70.4300,71.1600,69.6200,70.0700,4016100
20160205,71.0600,71.4300,69.6900,70.3400,3758900
20160208,69.4900,70.8900,69.0800,70.1300,5684700
20160209,70.4300,70.8700,69.1600,69.4900,4020500
20160210,70.2900,70.7400,69.0500,70.1800,3266600
20160211,69.2100,70.4900,69.1100,69.9500,2868700
20160212,68.9400,69.6400,68.4500,69.3400,2942500
20160216,69.1500,69.5600,68.5600,69.4900,2385500
20160217,69.7700,69.8300,68.8000,69.4600,2584000
20160218,69.7500,70.2100,69.1900,69.3100,6190800
20160219,69.4600,69.7700,69.0000,69.5500,4156600
20160222,70.7400,70.7800,69.6200,69.7800,2529900
20160223,70.8800,71.1900,70.2700,70.3900,2559200
20160224,71.2200,71.3000,70.3300,70.9200,3482700
20160225,71.8300,71.8700,71.1600,71.3400,2114900
20160226,70.0200,71.7500,69.9100,71.6000,2800500
20160229,69.9200,70.7300,69.8500,70.0100,3622000
20160301,69.9500,70.4200,69.5600,70.3300,2510000
20160302,68.7700,69.2500,67.5800,69.0600,4450600
20160303,69.9900,70.0200,68.2900,68.8900,3726400
20160304,70.6200,70.7800,69.3200,69.5400,2771000
20160307,71.2200,71.3800,70.1300,70.2500,2373400
20160308,71.7200,71.7800,70.7100,71.0900,3041800
20160309,72.1000,72.3300,71.6000,71.7000,2311100
20160310,71.5900,72.2400,71.0700,72.1200,2179900
20160311,72.2200,72.3400,71.6100,71.8000,1876900
20160314,72.3400,72.4700,71.9100,72.3400,1859200
20160315,72.9900,73.0700,72.1200,72.1600,2087700
20160316,73.5600,73.8000,72.0900,72.7500,2901500
20160317,74.5500,74.9000,73.3600,73.7600,3084800
20160318,73.4600,74.8900,73.4500,74.6100,4667000
20160321,73.6300,73.8100,72.6000,73.6500,2429900
20160322,72.9600,73.7400,72.9200,73.7100,3001100
20160323,73.5100,73.7500,72.6300,73.1800,1822100
20160324,73.4200,73.5900,73.0300,73.5100,1592500
20160328,73.1500,74.0400,73.0000,73.6400,1959300
20160329,74.6400,74.7000,73.0900,73.4700,2742700
20160330,74.7500,74.9000,74.1000,74.7900,1958600
20160331,75.1200,75.1800,74.3100,74.5400,2702100
20160401,75.3900,75.5000,74.3600,74.7800,2345300
20160404,74.5800,75.2200,74.2900,75.2200,2013700
20160405,73.0500,73.7400,72.1400,73.6000,7929600
20160406,72.7500,73.2300,72.3400,72.8900,4222100
20160407,72.9700,73.2300,72.5400,72.6200,2328900
20160408,73.0400,73.5000,72.8300,73.2400,2414900
20160411,72.8700,73.5900,72.8300,73.1000,2616200
20160412,73.2200,73.3300,72.7800,72.9100,2752000
20160413,72.8000,73.4400,72.4100,73.4400,1780900
20160414,72.7000,73.1000,72.4100,72.8000,1601100
20160415,73.0500,73.2600,72.5800,72.8700,2370500
20160418,72.8700,73.1600,72.1600,73.0500,2644800
20160419,72.8200,73.1500,72.4800,72.7800,2415900
20160420,71.0800,73.0900,71.0200,72.9800,2540500
20160421,69.5100,71.0800,69.2800,71.0800,3550900
20160422,70.0600,70.2500,69.6000,69.6000,2527300
20160425,70.2000,70.3400,69.7800,70.0700,2583200
20160426,69.9000,70.5700,69.6900,70.2500,2322600
20160427,70.7500,71.2200,69.9400,70.1400,3211800
20160428,71.0300,71.0900,70.0500,70.2200,2651400
20160429,71.4700,71.4700,70.1000,70.6000,4504900
20160502,72.1000,72.4700,71.5000,71.7000,3025200
20160503,71.9400,72.3000,71.4200,71.8700,3912200
20160504,72.7800,73.0200,70.4100,70.4100,3184200
20160505,71.9900,73.3400,71.6400,72.6900,2696900
20160506,71.2700,72.2200,70.5700,72.1100,2378100
20160509,71.4800,71.6400,71.0200,71.4100,2043100
20160510,71.5200,71.8700,71.3800,71.7300,1702100
20160511,71.7200,71.8600,70.8700,71.6300,1814500
20160512,72.2800,72.3900,71.4200,71.6400,2509700
20160513,72.0900,72.4400,71.6200,72.2600,1716400
20160516,72.2200,72.3500,71.5200,72.0100,1506500
20160517,71.0800,72.2700,70.7500,72.0400,2260200
20160518,69.6100,71.2400,69.3100,70.6000,3446900
20160519,70.8800,70.9000,68.7100,69.2700,2900600
20160520,70.9800,71.2000,70.6600,71.1500,2155800
20160523,70.1400,71.2000,70.0900,71.1200,2013900
20160524,70.7800,70.9300,70.0800,70.3000,1974200
20160525,70.9400,71.0400,70.2200,70.6200,2055000
20160526,71.5700,71.7200,70.7500,70.7900,1833400
20160527,71.6100,71.7800,71.2000,71.6800,1373100
