20150529,42.9200,43.1900,41.8900,42.1900,12538000
20150601,44.3500,44.7900,42.9400,43.2100,17682300
20150602,43.2100,43.6200,42.8700,42.9900,18431500
20150603,43.2400,43.7700,42.9500,43.5200,9886600
20150604,42.9200,44.1100,42.4400,43.4000,13390400
20150605,42.9000,43.1500,42.2800,42.8300,9897200
20150608,40.7500,42.6200,40.6500,42.3700,18359700
20150609,40.7200,41.1500,38.9700,40.1000,29310500
20150610,41.0600,41.5600,40.3400,40.6200,11590200
20150611,40.8000,41.7900,40.7400,41.3300,9259100
20150612,41.1400,41.5600,40.5800,40.7400,7838300
20150615,40.7000,41.2000,40.5300,40.9200,9649400
20150616,40.5700,41.0100,40.0400,40.6500,8314900
20150617,40.8000,41.0800,40.2300,40.4200,7057900
20150618,41.3500,41.4300,40.4600,40.6700,7198400
20150619,41.9900,42.8100,41.8300,41.9900,11189300
20150622,42.9300,43.0800,42.3600,42.7200,10407000
20150623,43.1000,43.7100,43.0000,43.3800,7789400
20150624,42.6600,43.1300,42.5000,42.9700,7413400
20150625,42.6000,43.3800,42.5700,42.9800,6208700
20150626,42.3500,42.9000,42.0600,42.7800,15144800
20150629,41.1200,42.4500,41.0800,41.7700,7881500
20150630,41.0800,41.8300,41.0300,41.6800,10416400
20150701,40.2700,41.8100,38.8100,41.7500,30993500
20150702,40.0000,41.0300,39.7500,40.2300,11310800
20150706,40.4800,40.7900,39.8800,39.8800,9714600
20150707,41.1800,41.3000,39.9600,40.6700,9136400
20150708,40.1700,40.8800,40.0100,40.4600,8642700
20150709,40.5500,41.0900,40.4900,40.5800,8541600
20150710,42.4600,42.7200,41.3100,41.4500,13746100
20150713,43.3700,43.5200,43.0000,43.2100,10131500
20150714,43.6600,43.9600,42.6100,42.9500,13648600
20150715,43.9900,44.4300,42.4000,42.5900,23558400
20150716,44.4700,44.8700,44.1900,44.5000,12804800
20150717,44.9400,45.1000,44.3800,44.6500,9625000
20150720,44.0900,45.1000,43.9600,45.1000,7746100
20150721,44.6500,44.7300,44.0800,44.0800,6166500
20150722,45.2200,45.4200,44.4600,44.5100,8995500
20150723,45.1600,46.6400,45.0500,46.3000,11449800
20150724,44.1000,45.6400,43.7600,45.6100,8550100
20150727,43.9300,44.1800,43.0500,43.6000,7301600
20150728,44.9100,44.9500,43.9000,43.9300,7624700
20150729,44.1800,45.3300,43.8500,44.8100,10355300
20150730,44.0300,44.3700,43.6400,44.1600,5297100
20150731,44.3400,44.4000,43.8800,44.1500,5973700
20150803,45.7300,45.8500,44.5700,44.6800,12159300
20150804,46.3500,47.1000,45.7800,46.3200,11268300
20150805,46.3000,46.5300,46.1300,46.3600,5838700
20150806,46.0400,46.7900,45.7600,46.4800,6525100
20150807,46.3500,46.4800,45.7600,45.8400,6825100
20150810,46.3200,47.1900,46.2100,46.7300,6325400
20150811,47.1000,47.4800,46.1300,46.2900,9734300
20150812,46.6000,46.8100,44.7700,46.8000,11334000
20150813,47.4500,47.8700,46.4700,46.8900,9953500
20150814,47.6300,47.9600,47.2800,47.3600,6117400
20150817,47.9900,48.2500,47.3200,47.7700,8136600
20150818,47.3600,48.3000,46.9200,48.0800,8076100
20150819,47.0800,47.5900,46.6100,47.3600,9389300
20150820,45.7100,47.0800,45.6700,46.5500,9484800
20150821,43.6000,45.5800,43.5900,45.5000,14908800
20150824,42.1500,44.1600,34.6100,39.5000,15222400
20150825,41.3700,43.8400,41.3700,43.8400,10465900
20150826,43.7000,43.8800,41.4900,42.6100,14221500
20150827,43.8600,44.3500,42.7700,44.1900,12853000
20150828,43.9400,44.3000,43.4100,43.9400,9205800
20150831,43.7800,44.6000,43.5400,43.9700,8387000
20150901,43.7700,44.4600,43.3000,43.9500,11269300
20150902,45.9900,46.0000,44.3500,44.6500,15227900
20150903,45.0600,46.5500,44.9100,46.0600,10909000
20150904,45.4000,45.9900,44.3100,44.5500,8955300
20150908,46.5900,46.6500,45.9600,46.2200,8177800
20150909,46.0100,47.1900,45.9000,46.9400,9614000
20150910,46.4900,47.0000,46.1200,46.2900,8754700
20150911,46.9200,47.0500,46.2700,46.5000,7030100
20150914,46.8900,47.2900,46.6000,46.9700,5253000
20150915,46.8900,47.1200,46.3100,47.0000,8804600
20150916,47.0900,47.4100,46.5300,46.8300,7903500
20150917,47.4900,48.1800,46.8800,47.3100,11128000
20150918,46.6700,47.1900,46.5500,47.0800,11862900
20150921,47.2500,47.6700,46.6900,46.7700,7670500
20150922,46.4600,47.1700,45.9600,46.9000,8329500
20150923,46.5900,46.8800,45.9300,46.5000,4872500
20150924,45.9100,46.3800,45.0600,46.3300,8871600
20150925,46.0400,46.8400,45.5900,46.5200,6882900
20150928,44.6600,45.9400,44.3600,45.8700,7367300
20150929,44.0400,44.9300,43.5700,44.5100,7508800
20150930,44.8700,45.0400,43.8600,44.7200,9525700
20151001,45.4100,45.5000,44.1400,44.7100,8096500
20151002,44.8700,44.9400,43.3500,44.9400,10918900
20151005,46.9600,47.0400,45.0400,45.2200,8629300
20151006,45.0900,47.2400,45.0000,46.7300,9081000
20151007,45.9900,46.0000,44.4700,45.2000,11737900
20151008,45.9600,46.0700,45.1700,45.8000,8905400
20151009,47.2100,47.3300,46.1600,46.2900,10715300
20151012,48.5000,48.5000,47.5200,47.5200,10647300
20151013,47.7300,49.1100,47.7200,48.1000,13839900
20151014,48.5900,49.4800,47.9300,48.5800,15052900
20151015,48.9300,49.3200,48.3600,48.9500,8423700
20151016,49.1200,49.1300,48.0800,48.7400,14162300
20151019,50.2700,50.5800,49.1300,49.2100,11037800
20151020,50.1500,50.7700,49.8000,50.3200,8745500
20151021,49.4400,50.5900,49.3400,49.8000,7607300
20151022,50.8100,50.9400,49.3500,50.1400,9528500
20151023,51.0000,51.6600,50.5000,51.2300,11458600
20151026,51.3200,51.4700,50.3200,50.8900,5579300
20151027,50.8700,51.4800,50.3900,51.0000,7910200
20151028,50.1400,51.1300,49.5400,51.1300,7435100
20151029,50.5000,50.6500,49.6100,50.0400,5632800
20151030,50.8400,51.4500,50.2900,50.5000,7052500
20151102,50.7000,51.2700,50.6700,50.9000,8548100
20151103,51.0000,52.0000,50.8500,51.6500,10988100
20151104,50.6600,51.2600,50.4700,51.2600,7353500
20151105,50.5400,51.1500,50.3200,50.8300,5736700
20151106,51.2000,51.4800,50.4500,50.5300,6376100
20151109,50.6300,50.9500,50.2300,50.9300,5559100
20151110,50.3000,51.0000,49.5500,50.6000,7348900
20151111,49.9800,50.7300,49.9600,50.4900,6116400
20151112,49.9800,50.4300,49.9000,49.9900,9350200
20151113,48.9900,50.0800,48.7500,49.8200,9207300
20151116,47.9300,48.1500,47.0100,47.8600,12339200
20151117,47.7700,49.0600,47.7200,48.0600,10417300
20151118,47.7500,47.9900,46.6500,47.8300,10952800
20151119,48.5100,48.7600,48.0200,48.2000,7857100
20151120,48.7600,48.8700,48.4300,48.4700,6878200
20151123,48.7400,49.1900,48.4000,49.0000,6261100
20151124,47.2400,48.0000,46.6700,47.3600,11111000
20151125,46.8700,47.6200,46.3700,47.4500,7731700
20151127,47.1400,47.5000,46.7800,46.9900,2597700
20151130,46.4600,47.4400,46.4400,47.2100,8731300
20151201,47.6700,47.7000,46.5800,46.8100,6335800
20151202,48.3300,49.3300,48.1800,49.1700,12810600
20151203,48.2200,48.9900,47.8500,48.4200,11634400
20151204,49.7800,49.8000,48.6700,49.0000,12775600
20151207,51.7800,51.8200,50.1900,50.2700,13829500
20151208,50.2700,51.8200,49.8900,51.3300,13469200
20151209,49.5100,50.7400,49.1400,50.0200,8144700
20151210,51.2800,51.9200,49.5400,49.7100,10089600
20151211,49.2800,50.6500,49.2200,50.3700,8651600
20151214,50.1800,50.4100,48.7600,49.5200,10006400
20151215,51.1500,51.4100,50.0700,50.6700,8079700
20151216,52.1200,52.2900,50.8500,51.4000,9172900
20151217,51.0300,52.7700,51.0200,51.9800,10024900
20151218,49.9600,51.9500,49.9600,51.0400,15753500
20151221,51.4600,51.5000,50.4200,50.4600,8822100
20151222,51.7500,51.9500,51.1600,51.6500,6745600
20151223,51.7400,51.8700,50.9100,51.7400,5843600
20151224,52.2600,52.6500,51.6900,51.7100,3834200
20151228,51.9500,52.7200,51.3200,52.4100,5295300
20151229,52.1700,52.4100,51.8900,51.9300,4300100
20151230,51.1700,52.3000,51.0700,52.2300,5060000
20151231,50.6900,51.0800,50.3500,51.0000,5911400
20160104,48.6600,49.4200,48.3000,49.4200,12323200
20160105,48.5700,49.7500,47.0400,49.3100,14557200
20160106,48.9300,49.3000,47.6300,47.7900,10375900
20160107,47.0000,48.6800,46.7400,48.3900,11301100
20160108,46.6100,48.9500,46.4900,47.4800,10850300
20160111,46.7400,47.2900,45.5700,46.9900,12096400
20160112,46.9600,47.4800,45.8200,47.0700,12163400
20160113,44.9400,47.5000,44.5400,47.5000,10964500
20160114,45.3400,45.7500,44.0200,45.0300,11555000
20160115,44.5000,45.3600,43.4500,43.8800,16408600
20160119,45.9600,46.7500,45.1900,45.8000,16014700
20160120,45.6900,46.7600,42.5400,46.0900,21927500
20160121,46.5200,47.1200,45.3700,46.6500,12817400
20160122,46.7600,47.4900,46.5300,47.0900,9419500
20160125,45.9400,47.6200,45.8500,47.5900,8602600
20160126,46.1100,46.9000,45.6300,46.4900,8685100
20160127,44.7200,47.0000,44.6200,46.3600,10669700
20160128,43.2000,45.0000,42.5200,44.8400,13996900
20160129,44.2900,44.3400,42.4200,43.1400,12820100
20160201,45.2100,45.5800,44.0100,44.7300,8618200
20160202,43.6100,45.5200,43.3200,45.1900,8994000
20160203,43.8000,44.1500,42.1100,43.9700,10049100
20160204,44.0400,44.3700,43.3600,43.7800,9444000
20160205,42.0100,44.5500,41.6700,44.1400,14206000
20160208,40.7700,41.6000,40.0500,41.3100,15450900
20160209,41.9800,42.4900,40.0300,40.3500,12082600
20160210,43.2700,43.7800,42.4700,42.6300,11356200
20160211,42.7000,43.5200,42.1400,42.6200,10019500
20160212,42.9900,43.1400,42.1400,43.0000,7552700
20160216,44.5800,44.6700,43.0900,43.4900,8128800
20160217,46.1000,46.2700,44.9500,44.9800,10338400
20160218,46.4600,46.6800,45.9800,46.4000,10946800
20160219,46.7200,47.1500,46.2400,46.4600,10578700
20160222,48.8200,48.9100,46.7200,46.7200,12748800
20160223,48.9500,49.4500,48.4500,48.4700,9411500
20160224,48.9400,49.0500,47.7900,48.4500,9236800
20160225,49.2000,49.4500,48.6700,49.0800,7524800
20160226,47.8600,49.4500,47.7000,49.3500,12282800
20160229,48.2400,48.8000,47.4000,47.7500,8030000
20160301,48.9000,49.2500,48.4200,48.7300,8000600
20160302,48.5500,48.5800,47.6100,48.1000,8938300
20160303,48.7900,49.0100,48.3500,48.5900,8853700
20160304,48.6700,49.1000,48.4700,49.0600,8516400
20160307,48.3900,48.4800,47.8500,48.2400,8291900
20160308,46.2200,47.1000,46.0100,46.7100,13690500
20160309,46.7400,46.9400,46.2200,46.3100,8448900
20160310,47.0000,47.4900,46.2800,47.0000,8293400
20160311,47.6900,48.0700,47.2800,47.4700,6661600
20160314,47.8900,48.2400,47.3200,47.5000,5798900
20160315,47.7600,47.9400,47.4300,47.8200,4751900
20160316,48.7700,48.8000,47.3700,47.4700,6376600
20160317,48.6200,48.7800,48.0600,48.5800,6578000
20160318,50.0500,50.3000,48.5800,48.6700,12485200
20160321,50.1200,50.5000,49.9400,50.0400,7284700
20160322,49.3900,49.7400,48.2000,48.7100,13352500
20160323,48.9100,49.7300,48.6000,49.5900,8783100
20160324,47.8400,48.5600,47.3600,48.4800,9139000
20160328,48.2000,48.5100,47.7700,47.9000,5887600
20160329,49.1300,49.1800,48.0300,48.1000,7302100
20160330,49.3300,50.0800,49.2900,49.5400,5779300
20160331,48.6800,49.7400,48.6600,49.3700,6550500
20160401,47.0100,47.5700,46.7400,47.5000,13932200
20160404,47.1500,48.3200,46.7600,47.1100,7863200
20160405,47.1600,47.8100,46.7200,46.9700,6506900
20160406,47.2000,47.3200,46.8500,47.2200,5542600
20160407,45.8000,47.1900,45.4100,47.0000,10434300
20160408,46.2900,46.6200,45.6600,46.1000,5845000
20160411,46.5500,47.8000,46.5000,46.8700,8880400
20160412,46.6300,47.2600,46.5200,46.8300,8254600
20160413,48.0400,48.1300,46.8600,47.1500,10882500
20160414,48.4900,49.8000,48.2700,48.9500,15906500
20160415,47.5000,48.8100,47.1500,48.7400,11822200
20160418,46.5500,47.6500,46.2100,47.6500,11664700
20160419,46.8700,47.4200,46.6000,46.6900,8759000
20160420,46.6000,47.5300,46.5800,46.9000,8397200
20160421,44.9700,46.3100,44.7400,46.2800,15330300
20160422,44.6200,44.6700,43.1600,43.4300,14258600
20160425,43.9300,44.8800,43.7900,44.5200,8774300
20160426,43.5900,44.5200,43.0600,44.1500,11545700
20160427,43.6900,44.2400,43.2800,43.7500,9097500
20160428,42.8600,43.8000,42.7600,43.4400,10229800
20160429,41.6700,42.7100,41.2200,42.5500,16658500
20160502,42.1700,42.4900,41.8000,42.1100,10701800
20160503,42.9200,43.2000,41.8300,42.9200,14319500
20160504,41.4300,42.5600,41.1700,42.3700,14860400
20160505,41.7500,42.2700,41.4500,41.5900,10271100
20160506,42.0400,42.2600,40.9500,41.6100,10777200
20160509,42.4000,42.8400,41.9900,42.1100,10512100
20160510,42.9500,43.0400,42.4100,42.4900,9299300
20160511,42.3000,43.3100,42.2900,42.6900,9037700
20160512,41.0700,42.4700,40.6400,42.4400,13454000
20160513,41.6000,42.1800,40.7500,40.7500,10758600
20160516,43.0000,43.1600,42.0500,42.5500,12303100
20160517,43.6700,44.4000,42.7500,42.7900,16203000
20160518,43.8600,44.6600,43.4500,43.4500,10382900
20160519,43.1000,43.8800,42.5500,43.2700,8860800
20160520,43.1000,43.8200,42.9700,43.4200,5937200
20160523,42.9500,43.6000,42.9100,43.0000,5225500
20160524,43.6300,43.7700,43.0500,43.1000,9359900
20160525,43.5000,44.1100,43.3800,43.6800,7600800
20160526,42.7600,43.6000,42.4000,43.4700,8492700
20160527,43.1200,43.4400,42.8100,42.8300,5470900
