20150529,26.1200,26.5000,26.1000,26.2500,4003400
20150601,26.4400,26.5500,26.1700,26.2800,4057600
20150602,26.3100,26.5100,26.1400,26.3400,2703900
20150603,26.4600,26.8000,26.1200,26.4400,4609800
20150604,26.2100,26.6400,26.1000,26.2300,4410400
20150605,26.1600,26.2300,25.8500,26.0500,2466300
20150608,25.9200,26.2100,25.9000,26.1300,2535200
20150609,25.7900,26.0700,25.6000,25.9200,3113700
20150610,26.2800,26.3600,25.8400,25.9400,3002200
20150611,26.4200,26.8400,26.3900,26.4200,2935600
20150612,26.7100,26.7500,26.2200,26.2300,3585100
20150615,26.6500,27.2100,26.6200,26.6400,4329200
20150616,26.5100,26.6500,26.3300,26.5200,3853700
20150617,26.5900,26.6300,26.2100,26.5200,3042900
20150618,26.8200,26.9800,26.6300,26.6600,3261700
20150619,27.2900,27.6600,26.9300,26.9500,5854800
20150622,27.5800,27.7300,27.4300,27.4300,3814900
20150623,27.6100,27.9700,27.5400,27.6300,4080100
20150624,27.9200,28.7000,27.7500,28.3300,6506600
20150625,27.8600,28.3200,27.8100,28.0800,3152300
20150626,27.9700,28.1000,27.6800,27.9700,4960300
20150629,27.3900,27.9200,27.3500,27.6600,4418200
20150630,27.3600,27.9100,27.3200,27.6600,4860900
20150701,27.5600,27.7200,27.1300,27.7200,2911300
20150702,27.5900,27.9400,27.3000,27.6600,3395900
20150706,27.5600,27.9900,27.2900,27.3400,3978700
20150707,28.1000,28.1200,27.2800,27.5400,5966700
20150708,27.5500,28.0500,27.4600,27.9100,4970900
20150709,27.6700,28.0600,27.6600,27.9000,3309500
20150710,28.1900,28.3000,27.8500,28.0100,3539600
20150713,28.2700,28.4800,28.1400,28.3500,2734400
20150714,28.3400,28.4000,28.1600,28.2400,1760000
20150715,27.6200,28.3700,27.5000,28.3700,6786000
20150716,27.5400,27.7600,27.2400,27.7600,5337300
20150717,27.1400,27.6900,27.0300,27.6400,5857500
20150720,26.8600,27.2200,26.5700,27.2100,5121300
20150721,27.1100,27.2000,26.7800,26.9400,3160600
20150722,27.8600,27.9700,27.0100,27.0800,4215500
20150723,27.4300,28.0000,27.1500,27.9500,3621900
20150724,26.7300,27.6300,26.5100,27.4800,5394900
20150727,26.7400,26.9800,26.4700,26.5600,6516700
20150728,27.5900,27.8900,26.1400,27.1500,11021300
20150729,28.5800,28.7100,27.6100,27.7700,9496800
20150730,29.4700,29.4900,28.3600,28.4900,8909000
20150731,29.6900,29.8000,29.1700,29.5600,6623500
20150803,29.6800,29.7000,29.2300,29.6900,5248800
20150804,29.1700,29.7100,28.8900,29.6500,4233900
20150805,28.7100,29.4600,28.5100,29.3700,4267000
20150806,28.6200,28.8800,28.4300,28.8300,4304900
20150807,28.5100,28.6300,28.1600,28.5600,3803400
20150810,29.0600,29.1900,28.6900,28.7800,3144500
20150811,29.3800,29.3900,28.4200,28.4200,4387800
20150812,29.9600,29.9900,29.1400,29.7400,6982500
20150813,30.6800,30.8500,29.9000,30.0000,6681300
20150814,30.6400,30.6600,30.3300,30.5800,3834600
20150817,31.2100,31.4000,30.4800,30.5200,4990400
20150818,31.6600,32.1600,31.4200,31.6200,12138800
20150819,32.2100,32.3700,31.4600,31.5300,10576300
20150820,31.6600,32.2900,31.6400,31.9600,5506400
20150821,31.0100,31.4800,30.8300,31.3400,7004500
20150824,29.5300,29.9400,27.6500,29.4400,7420200
20150825,28.2800,30.4500,28.2800,30.4500,7547700
20150826,29.5200,29.6200,28.1500,28.9700,9672200
20150827,30.3200,30.4500,29.4200,29.9700,7792600
20150828,30.1300,30.6000,29.8000,30.3900,5728400
20150831,30.3700,30.6100,30.0700,30.1200,5254900
20150901,29.6600,30.1700,29.3600,29.6400,5108700
20150902,30.6800,30.6800,29.5500,29.9900,4451200
20150903,31.2800,31.4200,30.8300,31.1400,5339100
20150904,30.3900,30.9700,30.2900,30.7800,5316200
20150908,31.4800,31.5000,30.7000,30.9500,4997900
20150909,30.9200,31.9100,30.8100,31.8700,5611100
20150910,30.7800,30.8300,29.8200,30.6400,5859700
20150911,31.3400,31.3600,30.7000,30.8200,6074800
20150914,31.4300,31.5000,30.9300,31.3100,5079900
20150915,31.3200,31.6400,31.2700,31.4800,6029000
20150916,31.5800,31.6900,30.9100,31.3400,6495800
20150917,32.1500,33.0600,31.5200,31.6800,8391200
20150918,31.6100,32.3100,31.4000,31.7900,8857900
20150921,30.6900,31.9600,30.3400,31.5100,9532600
20150922,29.9500,30.4100,29.4000,30.2500,7401400
20150923,30.1500,30.5700,29.8700,30.0500,4314100
20150924,30.4800,30.5400,29.4300,29.8100,5507700
20150925,30.6400,31.0900,30.4400,30.8600,4013400
20150928,29.3200,30.5700,28.9700,30.5100,6353400
20150929,28.8200,29.5900,28.5800,29.4100,6677400
20150930,29.3600,29.5400,28.6600,29.2900,5843500
20151001,29.5800,29.7100,28.9600,29.4300,4562300
20151002,29.7300,29.7300,28.5400,29.1500,5898100
20151005,31.0700,31.1200,29.9000,29.9000,5919000
20151006,30.0000,31.1500,29.9100,31.1500,8080600
20151007,30.5800,30.5900,29.9300,30.2200,6081800
20151008,30.6500,30.7800,30.2300,30.5800,5252200
20151009,30.6500,30.7500,30.0400,30.6400,4672400
20151012,30.9300,30.9800,30.3200,30.7500,3176100
20151013,30.4200,31.1200,30.2700,30.6800,4615700
20151014,29.2900,30.4200,28.8200,30.3800,11736100
20151015,29.9200,29.9500,28.9300,29.3800,6918400
20151016,30.0400,30.0700,29.5700,29.9400,4946500
20151019,30.3700,30.4000,29.8100,29.9900,3521700
20151020,31.1200,31.2400,30.2600,30.3500,4632600
20151021,31.3300,31.4800,30.9900,31.3100,4002500
20151022,30.9500,31.4100,30.1000,31.2500,7102200
20151023,31.1300,31.2500,30.4200,31.0500,6151700
20151026,30.9200,31.3300,30.1200,31.0700,5075100
20151027,30.0600,30.7200,29.7200,30.6700,5185300
20151028,30.4200,30.7500,29.7500,30.0600,5182100
20151029,29.1800,30.2800,28.6900,30.1300,10312700
20151030,29.4400,29.9200,28.8100,29.2300,5934200
20151102,29.8500,29.9200,29.3500,29.4300,2855100
20151103,29.9700,30.2900,29.1900,29.7400,5426300
20151104,29.8000,30.2300,29.6600,30.0800,4720600
20151105,29.4000,29.9100,28.9300,29.8700,6506000
20151106,29.4000,29.4000,28.7300,29.1300,5863600
20151109,28.7700,29.5000,28.4500,29.4300,7692200
20151110,31.1500,31.5600,29.0700,29.4000,18819000
20151111,32.0200,32.2500,31.0800,31.2300,10509100
20151112,30.9900,31.8800,30.7100,31.7500,5929700
20151113,30.6700,31.4400,30.6200,30.9900,4549100
20151116,31.3900,31.4200,30.6600,30.6600,3908000
20151117,31.3100,31.8500,31.2500,31.3700,4292000
20151118,31.8700,31.9200,31.2600,31.3000,3885300
20151119,32.0600,32.1700,31.7900,31.8700,3987300
20151120,32.2300,32.4200,31.8500,32.2000,3875700
20151123,32.2600,32.5100,32.1300,32.2300,3086500
20151124,32.7400,32.8900,32.0700,32.0700,4658400
20151125,32.7400,32.8600,32.4600,32.6700,2664200
20151127,32.7700,32.9500,32.5300,32.7100,1576300
20151130,32.3100,32.8500,32.2900,32.7200,3661600
20151201,33.0300,33.0600,32.2900,32.4300,4512300
20151202,32.3100,33.1000,32.0900,33.0100,3112400
20151203,31.6600,32.5500,31.4700,32.4200,4879300
20151204,32.9900,32.9900,31.6300,31.7800,4180400
20151207,32.9200,33.0700,32.7000,32.8400,5008800
20151208,32.4800,32.7400,32.0500,32.4000,3980100
20151209,31.8400,32.6700,31.5600,32.2100,4991900
20151210,32.3500,32.6400,31.9200,32.0500,3262200
20151211,31.9500,32.2600,31.6800,31.9000,4150000
20151214,31.1500,31.9700,30.8800,31.8900,4634100
20151215,31.4600,31.7200,31.2000,31.4200,2766100
20151216,32.2600,32.3400,31.7100,31.8900,3686400
20151217,31.5200,32.6100,31.5100,32.3800,2819600
20151218,30.7500,31.5300,30.6300,31.5000,7610100
20151221,31.4100,31.8300,30.9500,31.0000,3339200
20151222,31.8800,31.9400,30.9600,31.4200,2541600
20151223,32.1300,32.2700,31.6500,32.0300,3408200
20151224,32.1600,32.4400,32.0300,32.1100,1033500
20151228,32.2900,32.2900,31.8000,31.9200,1934900
20151229,32.6100,32.6800,32.3500,32.5300,1737200
20151230,32.4400,32.8000,32.4100,32.6100,1905400
20151231,32.0300,32.4700,32.0200,32.3200,1752200
20160104,30.3900,31.6400,29.4400,31.6000,11387500
20160105,30.4200,30.7400,30.0300,30.6400,4759400
20160106,29.6600,30.4200,29.3700,29.9800,6596600
20160107,28.5300,29.4000,28.4400,28.8900,6552100
20160108,27.3200,28.6800,27.2300,28.5100,12509400
20160111,27.7000,28.0500,27.2000,27.5200,8107600
20160112,28.2000,28.3900,27.4100,28.0000,7035000
20160113,27.2400,28.9600,27.1300,28.4700,7672300
20160114,26.9200,27.4100,26.5700,27.2600,10452600
20160115,26.6500,27.0100,25.4200,25.9500,12607300
20160119,26.9300,27.5300,26.5900,27.2800,7918100
20160120,26.4700,26.8300,25.4100,26.4600,8836700
20160121,26.6500,27.3300,26.2500,26.5500,6414000
20160122,27.7100,28.0500,26.9500,26.9900,8448000
20160125,26.4000,27.7000,25.8300,27.7000,10665100
20160126,27.3400,27.5700,26.0800,27.0700,9427500
20160127,26.8200,27.2700,26.6500,26.9800,6870300
20160128,26.7800,27.4300,26.4300,27.0900,6153200
20160129,27.5100,27.6700,26.7300,26.8400,6607100
20160201,27.0300,27.5100,26.9000,27.3300,4403400
20160202,26.1800,26.9000,26.0100,26.8500,5820600
20160203,25.7300,26.5500,25.0000,26.3700,6913500
20160204,25.6700,26.2100,25.4200,25.5800,5848500
20160205,24.4400,25.7500,24.3500,25.2800,9306500
20160208,23.4800,24.3400,23.1400,24.1200,9841500
20160209,24.0400,24.1600,22.9700,23.0900,9795600
20160210,24.4700,24.7800,23.8500,24.3600,5652300
20160211,23.2300,24.1900,23.0100,23.9800,5853500
20160212,24.2100,24.2300,23.3300,23.7100,4603800
20160216,24.7800,24.8800,24.2600,24.4500,4898500
20160217,24.7500,24.9900,24.4100,24.8500,4835800
20160218,24.5800,24.8800,24.2600,24.7600,4611500
20160219,25.0100,25.1300,24.4400,24.5500,8303800
20160222,26.1000,26.1200,25.2100,25.2100,6476000
20160223,26.3100,26.3600,25.8100,25.9300,6647700
20160224,26.4800,26.5000,25.7000,25.9900,5055700
20160225,27.2200,27.3300,26.4700,26.5000,5165500
20160226,27.1700,27.6800,27.0300,27.2800,4166800
20160229,26.7200,27.4200,26.7200,27.1000,4429300
20160301,27.6700,27.7500,26.9000,26.9900,3481300
20160302,28.0500,28.0600,27.4700,27.5500,4874500
20160303,28.6300,28.6700,28.0200,28.0800,4559600
20160304,28.4000,28.7600,28.2100,28.6300,5825300
20160307,28.1500,28.4300,27.9500,28.2500,4206800
20160308,27.6900,28.2200,27.4000,28.0600,4380200
20160309,28.0600,28.2200,27.5400,27.9100,2787600
20160310,28.1100,28.6100,27.5800,28.2300,4062900
20160311,29.5600,29.6500,28.3100,28.4000,8527200
20160314,29.4900,29.6300,29.0400,29.3000,4056800
20160315,29.3300,29.5600,29.1100,29.2000,4737200
20160316,29.8700,29.9600,29.0000,29.1000,3802000
20160317,30.1200,30.2700,29.6100,29.7800,3396000
20160318,30.2100,30.5800,30.1200,30.2700,5456700
20160321,29.9200,30.4500,29.5000,30.2700,4602900
20160322,29.7800,30.1100,29.6100,29.6700,2665800
20160323,29.3500,29.8700,29.3100,29.8200,3599200
20160324,29.4000,29.4800,29.0800,29.4300,3423300
20160328,29.8200,29.9200,29.2800,29.4600,3424400
20160329,30.7200,30.8700,29.9500,30.0300,6129400
20160330,30.1700,31.0000,30.1500,30.9100,3634900
20160331,30.2300,30.3900,29.9600,30.1000,4026400
20160401,30.4000,30.4800,29.9600,30.0400,3148100
20160404,29.9600,30.3900,29.6000,30.3600,2784100
20160405,29.7000,30.1600,29.4500,29.6100,3737400
20160406,30.4700,30.5900,29.7100,29.7100,4250700
20160407,30.2500,30.5800,30.0700,30.2100,2859400
20160408,30.5000,30.6900,30.3100,30.5300,2479400
20160411,30.3300,30.9000,30.3200,30.8300,2041900
20160412,30.7100,30.8700,30.2100,30.3500,2528300
20160413,31.6000,31.6800,30.8100,30.8200,3325200
20160414,31.4000,31.7300,31.2400,31.5600,3619800
20160415,31.3700,31.4300,31.1100,31.3300,2383100
20160418,31.4000,31.4800,31.0700,31.1000,3179700
20160419,31.2800,31.6700,30.8800,31.0900,4994000
20160420,31.4200,31.7800,30.9700,31.1800,4891400
20160421,31.7800,32.5100,31.5700,31.6300,5677500
20160422,31.1400,32.0500,31.0200,31.5400,3933100
20160425,31.1200,31.2800,30.7300,30.9800,3157300
20160426,31.4100,31.6500,31.0900,31.1800,2979500
20160427,31.5000,31.7300,31.1900,31.4200,2581300
20160428,30.3600,31.3200,30.2600,31.2400,4322700
20160429,30.0600,30.6700,29.6100,30.3400,5670100
20160502,30.6300,30.7000,30.0900,30.2800,3263700
20160503,29.9900,30.5300,29.8900,30.4100,3327500
20160504,29.7800,29.9000,29.3200,29.7600,3181000
20160505,29.6100,29.8800,29.4300,29.8100,3025100
20160506,29.5400,29.8000,29.1700,29.4900,3750500
20160509,29.6000,29.9100,29.3400,29.5800,2133200
20160510,29.7300,29.7700,29.4100,29.7000,2349000
20160511,29.1200,29.7200,29.1100,29.4800,3194600
20160512,29.1500,29.4000,28.8600,29.2300,4002200
20160513,29.1000,29.4700,28.9700,29.0900,2680600
20160516,29.3600,29.4500,29.0000,29.0800,3410800
20160517,29.4500,29.8800,29.3100,29.3300,3141400
20160518,29.3900,29.9300,29.1400,29.3500,3513300
20160519,29.2400,29.3100,28.8200,29.1200,2987800
20160520,29.7100,29.8800,29.3600,29.4700,2387700
20160523,29.2400,29.8100,29.2300,29.6400,2079800
20160524,30.4800,30.6200,29.5000,29.7000,6422600
20160525,30.5500,30.9000,30.4600,30.6900,3287800
20160526,30.5900,30.7900,30.3800,30.5700,2451900
20160527,30.5800,30.9300,30.5300,30.5600,2716900
