20150529,110.3700,110.5200,109.4100,110.3300,5264900
20150601,110.9600,111.7700,110.5500,111.4800,6778900
20150602,110.7500,111.2500,110.0200,110.9200,4425900
20150603,111.1700,111.8200,110.5000,110.7500,4510300
20150604,110.3000,111.2500,109.9900,110.9500,5748200
20150605,110.3000,110.7700,109.8000,110.3000,4323500
20150608,109.2900,110.2400,109.2100,110.0300,6068100
20150609,108.5200,109.4100,107.6500,109.3500,7711800
20150610,110.0000,110.2500,108.7300,108.9000,5128700
20150611,110.6200,110.9600,110.0100,110.0100,5036300
20150612,109.9500,110.5300,109.5400,110.3300,4009900
20150615,110.1800,110.4100,108.9300,109.2700,5742200
20150616,111.0600,111.2900,109.9000,110.3500,3848300
20150617,111.4900,111.9400,110.8800,111.2000,4732300
20150618,113.2200,113.5500,111.5800,111.8300,6929900
20150619,112.6200,113.4800,112.4000,112.8300,9587700
20150622,113.5300,114.4700,113.2700,113.4000,5906200
20150623,114.4100,114.5200,113.7200,113.9300,6003100
20150624,113.7700,114.5600,113.7100,114.3000,5636200
20150625,114.4500,115.2800,114.3900,114.6200,6213500
20150626,114.9900,115.1800,114.4100,114.9700,9509600
20150629,113.0500,115.1900,113.0000,114.1600,7618200
20150630,114.1400,114.8600,113.5500,113.9300,6946700
20150701,115.1300,115.2500,114.3400,114.9500,5435400
20150702,114.9700,115.6700,114.4500,115.3800,5549500
20150706,115.7000,115.8600,114.2700,114.4700,5880500
20150707,117.1000,117.1900,114.8600,116.4200,8359900
20150708,115.1900,116.6800,115.1100,116.5000,8445200
20150709,115.6000,117.2100,115.5100,116.8300,7016800
20150710,116.4400,117.4300,115.6700,117.0500,7020700
20150713,118.0500,118.3100,117.2500,117.7500,7595200
20150714,117.8500,118.1400,117.7000,118.0300,5061700
20150715,118.3000,118.9000,117.8500,118.0400,4845200
20150716,119.0700,119.1500,118.5400,119.0000,6303000
20150717,118.8600,118.9000,118.0300,118.6900,5109900
20150720,119.5800,119.9000,118.8900,119.2900,6611400
20150721,119.3100,119.8000,118.8300,119.7600,4785200
20150722,119.3300,119.7000,118.9300,119.2800,4714100
20150723,118.8000,119.6700,118.5700,119.3000,3347200
20150724,118.9100,119.8000,118.5800,119.3500,4320900
20150727,118.2500,118.8000,117.7800,118.6300,5179300
20150728,118.4600,118.9000,117.8700,118.6800,6447300
20150729,119.8400,119.8600,118.4100,118.8500,6083500
20150730,120.0300,120.3500,119.0100,119.7100,4430100
20150731,120.0000,120.7200,119.6000,120.1200,5767300
20150803,121.1200,121.7300,120.1700,120.8800,8426900
20150804,121.6900,122.0800,120.6100,121.5000,12624400
20150805,110.5300,113.9500,109.5000,110.8300,61011200
20150806,108.5500,110.4000,104.2400,110.4000,57175200
20150807,109.3500,109.5600,107.6600,108.7500,15791600
20150810,111.0000,111.0000,109.7400,110.0000,11617000
20150811,108.0000,110.4900,107.9500,110.3400,13574000
20150812,106.9900,107.4400,105.5100,107.0000,16923500
20150813,107.5200,108.5100,106.7500,107.2100,9754500
20150814,107.1600,107.6700,106.5200,107.6100,7104500
20150817,109.0500,109.2800,106.8400,107.3000,7954000
20150818,106.9400,108.2500,106.8000,108.0400,12021500
20150819,106.4500,107.7500,105.7700,106.5800,9484400
20150820,100.0200,105.0000,99.7600,104.3400,34651300
20150821,98.8400,100.6300,96.6100,97.5000,30875700
20150824,95.3600,100.0000,90.0000,93.3800,30159200
20150825,95.8900,100.0900,95.7200,99.7300,19079400
20150826,99.2300,99.4900,96.2600,98.6900,13755900
20150827,102.1700,102.6200,99.7800,101.3500,17532200
20150828,102.4800,103.3400,101.8100,102.1900,11005200
20150831,101.8800,102.4600,100.9100,102.3000,8518200
20150901,99.5100,101.3400,99.1600,99.3100,14212600
20150902,101.8900,101.9400,99.5500,100.9200,12148200
20150903,101.9900,103.0300,101.4600,102.2000,8953300
20150904,100.9700,101.8200,100.3600,100.9600,9213800
20150908,104.0100,104.1500,102.5200,102.9500,8571500
20150909,101.9100,104.9500,101.6800,104.7500,9577500
20150910,102.6000,103.2200,101.3300,101.8500,9026100
20150911,104.4800,104.5000,102.2000,102.3500,9529800
20150914,103.8200,104.9000,102.9900,104.6500,6959800
20150915,103.4300,103.8000,101.8300,103.2500,9171400
20150916,103.9600,104.0700,102.7500,103.3200,6509700
20150917,104.2000,105.9500,103.7500,104.2000,7792600
20150918,102.8400,104.2100,102.3900,103.2000,13559400
20150921,103.4100,103.8300,102.4600,103.6800,7152300
20150922,102.4900,102.7500,101.4800,102.1800,8330100
20150923,101.5700,102.6300,101.3800,102.4400,5818000
20150924,100.6200,101.3300,99.2400,101.0000,10706800
20150925,100.3000,101.8000,99.5800,101.5100,7179800
20150928,98.4900,100.3900,98.3000,99.9000,8238300
20150929,99.4200,100.0600,97.7700,98.5100,9466900
20150930,102.2000,102.4300,100.5000,100.7800,9190000
20151001,102.6700,103.4700,101.0800,102.9700,7503700
20151002,103.0000,103.0100,99.8800,101.2100,9105600
20151005,103.8500,104.2000,102.6100,103.7000,7144600
20151006,103.7700,104.5100,103.2100,104.1900,5660600
20151007,103.3900,104.5900,102.6600,104.4900,6947200
20151008,104.6100,104.8900,102.7000,103.2000,7499100
20151009,105.5600,106.0500,104.6700,105.0900,7341800
20151012,106.3500,106.7000,105.6200,105.9100,5179000
20151013,106.5900,107.3900,105.3100,105.7400,8342700
20151014,105.7300,106.8500,105.2300,106.5000,5563600
20151015,107.8900,108.0000,106.2600,106.5000,6739200
20151016,108.2400,108.5000,107.4600,108.2700,5739600
20151019,109.4700,109.9700,107.9400,108.2500,8001900
20151020,109.8400,110.5300,109.4100,109.5500,9674400
20151021,110.0900,111.5600,110.0100,110.6700,8769800
20151022,113.2500,113.3500,110.3900,110.6700,10028900
20151023,113.0900,114.2100,111.8500,114.2100,7928400
20151026,113.5200,113.5800,112.1200,113.0700,5729600
20151027,113.7700,114.2700,113.2500,113.2900,5857600
20151028,114.3400,114.4600,112.8600,113.9700,6452900
20151029,115.0400,115.4000,114.2000,114.3400,6125100
20151030,113.7400,115.2400,113.6700,115.0000,8501600
20151102,115.0400,115.3100,114.0100,114.4900,6949500
20151103,115.5400,116.4000,114.5400,114.9700,7132100
20151104,113.2500,116.8300,110.8100,116.6400,20740800
20151105,113.0000,113.9300,111.6000,113.2600,14843700
20151106,115.6700,116.7500,114.5700,114.6000,16803400
20151109,116.4200,116.7300,115.1800,115.9000,9317500
20151110,117.4200,117.5100,115.5100,116.1700,8240500
20151111,116.5200,117.5800,116.4300,117.5500,6381700
20151112,116.2100,116.9900,115.0000,115.6000,7223000
20151113,114.8400,116.4200,114.3800,115.9200,8078100
20151116,115.9200,116.0800,113.3400,113.4700,5770200
20151117,116.1300,117.5500,115.5100,116.1100,6434400
20151118,118.1400,118.2800,116.0500,116.2200,6744600
20151119,118.7100,119.1600,117.6400,118.1400,6101000
20151120,120.0700,120.2500,118.9000,119.1100,10821700
20151123,119.4200,120.6500,119.0000,120.3000,6986400
20151124,117.9500,118.5700,117.2800,117.9000,9158200
20151125,118.6700,119.3400,118.1500,118.2900,4751500
20151127,115.1300,116.5000,113.7000,116.0000,14912000
20151130,113.4700,115.5800,113.3100,115.5600,16560300
20151201,115.3900,115.4600,113.6600,114.1500,8896100
20151202,114.0000,115.4700,113.8300,115.3900,7787800
20151203,111.8900,114.6500,111.4400,114.1700,10446600
20151204,114.2400,114.3100,112.5300,112.7400,8771300
20151207,113.8300,114.5600,112.6500,114.5600,6738500
20151208,112.4800,113.4500,112.4000,113.3500,7480600
20151209,111.4700,113.0600,110.5800,112.3900,9050700
20151210,110.7600,111.5800,110.1700,111.1500,6954500
20151211,108.0400,110.7600,107.6200,110.7600,12254000
20151214,109.3500,109.8700,108.2800,108.6800,9596900
20151215,112.1600,113.3500,111.5800,112.0500,13260900
20151216,113.7900,114.7500,111.8000,114.6900,12193100
20151217,112.0100,114.4800,111.9800,114.1300,9296700
20151218,107.7200,112.4400,107.3500,112.0100,27617500
20151221,106.5900,110.1000,105.3300,108.8000,22727000
20151222,106.7400,107.2000,105.8300,106.9900,8514200
20151223,105.5600,107.2400,104.3000,107.2100,12319500
20151224,105.8600,106.6400,105.0600,105.2000,4356100
20151228,107.2500,108.2000,106.3300,106.5000,8787300
20151229,107.0800,108.0400,106.4500,107.8800,8569800
20151230,106.3400,107.2100,106.2500,106.8900,4903400
20151231,105.0800,106.3100,105.0600,106.1400,6609500
20160104,102.9800,103.4300,101.7300,103.1200,12462500
20160105,100.9000,102.6700,99.8900,102.6700,15828600
20160106,100.3600,101.4600,99.3600,99.3800,13886600
20160107,99.5000,101.3500,98.5200,98.9600,14474500
20160108,99.2500,100.9200,99.0000,100.6300,10603900
20160111,99.9200,100.4500,98.5500,100.2100,9558600
20160112,101.4600,101.8500,100.3400,100.9700,8728500
20160113,98.4800,101.8800,98.1200,101.8800,11472000
20160114,99.1100,99.9100,97.1900,98.6500,11076500
20160115,93.9000,96.8800,93.4600,95.6200,22135500
20160119,93.9700,95.0700,93.0300,95.0000,13210500
20160120,92.5400,93.6400,90.4200,92.1800,16865900
20160121,94.0200,94.8600,92.3000,92.8700,12047900
20160122,96.9000,97.4200,95.5500,95.9500,12250700
20160125,95.2900,96.6800,95.1200,96.4200,7768800
20160126,96.2700,96.4300,95.0900,95.4900,6895000
20160127,94.3200,96.6300,93.8700,96.3100,6292100
20160128,93.5300,95.2000,92.3700,95.2000,7275600
20160129,95.8200,95.8200,93.6300,94.2100,8071700
20160201,95.1500,95.7100,94.7000,95.0800,6994200
20160202,93.1200,94.1700,92.8700,94.0000,7101400
20160203,95.1400,95.4100,92.4200,94.1000,10860700
20160204,95.4300,96.7300,94.6000,94.8700,8207900
20160205,93.9000,95.3900,93.4700,95.3200,8823000
20160208,92.1200,92.9600,89.5100,92.5600,13658400
20160209,92.3200,93.2000,89.0400,90.1500,15166900
20160210,88.8500,90.0300,86.2500,88.0000,32573500
20160211,90.3100,91.0600,86.9600,87.0000,17332300
20160212,91.1500,91.5900,89.6100,91.5200,10754700
20160216,92.9100,93.3100,91.7900,92.4700,8965800
20160217,95.5000,96.4400,93.5600,93.6700,12288200
20160218,95.1700,96.4500,94.4500,96.3400,8727200
20160219,95.0100,95.7200,94.5600,95.2300,6664400
20160222,96.3700,97.0000,95.0100,95.0100,6932000
20160223,95.3800,96.8200,95.1500,96.5000,6181600
20160224,95.4300,95.7500,93.2300,94.6500,6913000
20160225,95.6500,95.9500,94.3500,95.9200,4536900
20160226,95.3100,96.2200,95.2800,95.7100,5264600
20160229,95.5200,96.2900,95.2300,95.3100,6620200
20160301,97.6500,97.6600,95.5300,95.9000,7118000
20160302,97.0000,97.8300,96.4100,97.6700,6443600
20160303,98.8200,98.8400,96.8900,97.7900,8536100
20160304,98.4800,99.2100,97.9000,99.0000,6703000
20160307,99.3900,99.7100,98.4800,98.5700,7174200
20160308,97.8200,98.9800,97.6000,98.9300,6156700
20160309,97.6600,98.2400,96.8100,98.0000,7009200
20160310,97.0400,98.4200,95.8700,97.9400,5417500
20160311,97.9400,98.3500,97.5400,97.5700,5560600
20160314,98.8100,99.2200,97.8400,97.9400,6157400
20160315,98.2400,98.3300,97.3900,98.0200,5895600
20160316,98.4400,99.0800,97.4700,98.1600,5997600
20160317,99.6000,99.9100,98.2800,98.2800,6372900
20160318,99.2000,100.1500,98.9600,99.9800,10073800
20160321,98.4600,99.1200,97.7000,98.9200,7039800
20160322,97.5800,98.3200,97.4400,97.5900,6418700
20160323,96.8300,97.8500,96.7500,97.7200,5466600
20160324,97.2200,97.4900,96.3000,96.5500,5547400
20160328,98.0900,98.4600,97.4500,97.5000,5297100
20160329,98.1600,98.3700,97.3600,98.0000,5124300
20160330,98.9100,99.0900,98.3500,98.9000,5649700
20160331,99.3100,100.3700,99.0100,99.0100,6974000
20160401,99.0700,99.3400,98.5800,98.8000,5869100
20160404,98.6800,99.4400,98.5800,99.3000,5262400
20160405,97.0000,97.6100,96.1500,96.8500,10769600
20160406,97.4800,97.6300,96.8300,96.9600,6934400
20160407,96.1600,97.4200,95.9200,97.1100,7502200
20160408,96.4200,96.8400,95.8000,96.6300,6968300
20160411,96.2700,97.6400,96.2000,96.9300,5889000
20160412,97.3500,97.5300,96.0700,96.2800,6213400
20160413,99.4800,99.8100,97.9600,98.0300,7932100
20160414,98.6300,99.8700,98.2600,99.7900,6641900
20160415,98.5900,98.8900,98.1800,98.5000,6117100
20160418,101.4800,101.9500,99.5000,99.6000,10650400
20160419,102.6400,103.6400,101.9300,102.0000,10494900
20160420,103.2700,103.4800,101.9600,103.0200,7676600
20160421,102.9100,104.1200,102.6500,103.3600,6802600
20160422,103.7700,103.9900,102.9300,103.0600,5702200
20160425,104.5700,104.6200,103.3500,103.5000,6065300
20160426,104.8900,105.5700,104.1800,104.5800,6436300
20160427,105.2800,105.6000,104.7600,105.1900,5971600
20160428,104.0300,105.4900,103.8000,104.5400,5569800
20160429,103.2600,104.2100,102.4000,103.9500,6954000
20160502,104.3600,104.5700,102.8000,103.3000,5271700
20160503,103.7800,103.9900,103.1900,103.8800,6218000
20160504,103.6700,104.4800,103.2000,103.3100,6423600
20160505,104.9300,105.1300,103.4500,103.9800,6418000
20160506,105.5400,105.7400,104.3900,104.5100,7383600
20160509,105.3400,106.6800,104.9700,106.0100,8048300
20160510,106.6000,106.7500,105.4500,105.5300,10761800
20160511,102.2900,102.5000,100.6200,101.4600,26932700
20160512,101.7100,102.8500,101.1300,102.5000,11222000
20160513,100.5200,102.0400,100.3600,101.7100,9314100
20160516,100.3600,100.6700,99.3700,100.4100,9087500
20160517,99.9400,101.2900,99.5500,100.7900,8510000
20160518,99.0000,99.7700,98.3600,99.5900,9302900
20160519,98.4100,98.6100,97.5100,98.5800,7050300
20160520,99.7800,99.9300,98.7700,99.0000,7290000
20160523,99.1800,100.3300,99.1200,99.6000,5453400
20160524,99.5100,100.0400,99.3800,99.4500,5246300
20160525,99.8600,100.8000,99.8100,99.9200,5667300
20160526,99.8100,100.4900,99.5700,99.8900,3749700
20160527,100.2900,100.5300,99.8100,99.8100,4473200
