20150529,33.9400,34.0800,33.0300,33.1000,5511200
20150601,33.9300,34.2800,33.8000,34.0700,2863800
20150602,33.9500,34.2300,33.6100,33.9200,2067100
20150603,33.9700,34.1500,33.5800,33.8800,2198800
20150604,33.8600,34.0600,33.5100,33.6500,2600300
20150605,34.4500,34.7900,33.5400,33.7700,3724500
20150608,33.7800,34.5000,33.6000,34.4000,3220400
20150609,33.4400,33.9300,33.1500,33.9300,2025600
20150610,33.2300,33.6500,33.0800,33.5700,1797200
20150611,32.9600,33.4800,32.6100,33.3800,2196800
20150612,32.5100,33.0000,32.4000,32.9500,2793500
20150615,32.7300,32.9200,32.0800,32.4100,2528700
20150616,32.8900,33.0100,32.4800,32.7600,1694300
20150617,33.3400,33.4500,32.8400,32.8500,2289700
20150618,33.9000,34.1000,33.3500,33.4700,2098700
20150619,33.9100,34.0700,33.5500,33.8800,2286000
20150622,33.9400,34.3700,33.2200,33.3600,1942200
20150623,34.0400,34.1000,33.5700,34.0300,2584700
20150624,33.7500,34.1200,33.6500,34.1000,1802900
20150625,33.6000,33.9200,33.5000,33.9200,2324300
20150626,33.8400,34.1700,33.4600,33.7100,6361200
20150629,33.2200,34.4900,33.1300,34.2500,3132100
20150630,33.2600,33.6700,33.0900,33.5400,3228000
20150701,33.2900,33.5700,32.9900,33.4400,3907300
20150702,33.1800,33.9300,32.9200,33.4500,3534400
20150706,33.0900,33.5400,32.8600,32.9900,2402600
20150707,33.8000,33.8900,32.4500,33.1800,3662000
20150708,32.7800,34.2600,32.7100,33.7300,2876500
20150709,32.5300,33.2300,32.5000,32.9700,2692500
20150710,33.3800,33.5400,32.7700,32.9400,2098100
20150713,33.5300,34.0000,33.4700,33.5900,2684600
20150714,34.0100,34.1700,33.5800,33.7300,2230100
20150715,33.9200,34.3500,33.8400,34.1200,1749100
20150716,34.8000,34.9400,34.0000,34.2000,2146400
20150717,33.3100,34.7000,33.1700,34.1800,3336800
20150720,32.6400,32.8800,31.8600,32.8800,4054200
20150721,31.8200,32.3900,31.8000,32.3200,3491100
20150722,32.4300,32.4500,31.6100,31.7700,3078200
20150723,32.1500,32.5800,31.9000,32.3900,2489400
20150724,31.8000,32.2500,31.7000,32.2100,1569800
20150727,31.5400,32.6300,31.1000,31.6100,3785700
20150728,31.3100,31.7900,31.0000,31.6100,2967600
20150729,31.6100,31.7900,30.9000,31.3000,3031300
20150730,32.2300,32.3000,31.2800,31.4500,3387500
20150731,33.0200,33.1600,32.1800,32.4400,3675700
20150803,32.7100,33.3000,31.5000,33.0000,3335800
20150804,32.8600,33.4300,32.3600,32.7100,3820700
20150805,28.8700,32.6100,28.4700,32.4100,12193900
20150806,29.8800,29.9600,28.2000,29.0100,12320500
20150807,29.4400,30.3500,29.0000,30.3500,7099900
20150810,29.5500,29.9200,29.3200,29.8300,4511300
20150811,28.7400,29.4300,28.6800,29.4200,3122000
20150812,28.9300,28.9600,28.4700,28.5000,3247400
20150813,28.4800,28.8800,28.3900,28.8800,5030700
20150814,28.3100,28.6700,28.1900,28.4900,2433700
20150817,29.3200,29.4000,28.1700,28.1800,2869200
20150818,29.0500,29.5100,28.9300,29.3000,1680800
20150819,28.7800,29.1900,28.5100,29.0500,2090500
20150820,27.3200,28.5000,27.0200,28.4600,7497400
20150821,27.1000,27.3200,26.6900,27.0200,5561100
20150824,26.0500,26.8200,25.1100,25.6200,6539400
20150825,25.8200,26.7900,25.8200,26.7900,7841100
20150826,26.5200,26.5900,25.9000,26.3500,3998900
20150827,26.9100,27.2900,26.3600,26.6400,3195100
20150828,27.1100,27.4200,26.5900,26.6900,2473700
20150831,26.6000,26.9600,26.3900,26.9100,2737500
20150901,26.2800,26.4900,26.0000,26.0300,4474700
20150902,26.7500,26.7500,26.0200,26.6900,3374300
20150903,27.1200,27.6800,26.6200,26.7900,3087900
20150904,26.7300,27.0700,26.5900,26.8000,2076300
20150908,27.2200,27.8900,27.1100,27.6200,3605000
20150909,26.8200,27.6800,26.7500,27.4200,2669200
20150910,26.9000,27.1300,26.5600,26.7900,2936600
20150911,26.9400,27.0600,26.4200,26.8000,2367400
20150914,26.5700,26.8900,26.1900,26.7900,3042900
20150915,26.9900,27.0800,26.4900,26.7100,2071900
20150916,27.8900,28.1300,27.1300,27.1300,2899400
20150917,28.2900,28.6800,27.8300,27.9000,3011300
20150918,28.2800,28.5200,27.6200,27.9500,3690300
20150921,28.8100,28.8500,28.1400,28.3200,4520800
20150922,27.8100,28.4400,27.4500,28.4200,4081300
20150923,27.6700,27.9500,27.5000,27.8000,2514800
20150924,27.6500,27.9600,27.0100,27.5000,2614500
20150925,27.8400,27.9200,27.3900,27.6600,2580500
20150928,27.7800,28.3100,27.6500,27.8500,3996300
20150929,26.4000,28.2300,25.5700,28.1000,14228200
20150930,26.0300,26.7700,25.2700,26.4500,6528900
20151001,25.3600,26.1700,25.2700,26.1500,4624700
20151002,26.0900,26.1100,25.0200,25.1000,3651500
20151005,26.8800,27.1000,26.2300,26.3500,3597100
20151006,27.2100,27.4600,26.8700,27.0200,3103900
20151007,28.0100,28.5000,27.3700,27.3700,3978900
20151008,28.8400,28.9500,27.8100,27.9800,3901100
20151009,28.9000,29.2900,28.5000,28.9300,2284000
20151012,28.8400,29.0000,28.4800,29.0000,3143900
20151013,28.8300,29.1000,28.5000,28.7200,2973400
20151014,28.3500,28.8800,27.8500,28.4200,1764800
20151015,28.8600,28.8700,27.9500,28.4600,2154300
20151016,28.4900,28.7500,28.1700,28.5900,3212000
20151019,28.7000,28.7700,28.1700,28.4600,2165200
20151020,29.1800,29.3800,28.5000,28.7700,3034100
20151021,28.8100,29.5400,28.7200,29.2900,1691000
20151022,29.4500,29.6700,28.7400,28.8500,2029600
20151023,29.7700,29.9100,29.4000,29.6900,2451600
20151026,29.2900,29.8400,29.1400,29.8400,2297600
20151027,28.7800,29.3200,28.3200,29.0500,3149400
20151028,29.5300,29.5600,28.6200,28.8200,2449400
20151029,29.3700,30.1300,29.1000,29.3200,2802900
20151030,29.4400,29.6700,28.7200,29.3800,2684300
20151102,30.0600,30.2400,29.4200,29.5300,4489100
20151103,31.0800,31.8000,30.1000,31.0000,6098100
20151104,30.3000,31.5200,29.2600,31.1300,7195900
20151105,29.5100,30.3600,29.1400,30.3600,4104300
20151106,29.0100,29.4600,28.8000,29.2900,4429300
20151109,29.0000,29.3900,28.2500,29.1000,3677100
20151110,30.0600,30.0900,29.0200,29.1000,3571400
20151111,30.6100,31.3500,30.1000,30.3200,4085300
20151112,30.1600,30.7600,30.1000,30.4800,3086100
20151113,29.9800,30.4400,29.8600,30.1700,2433200
20151116,30.5900,30.6200,29.8700,29.8900,2321300
20151117,30.1000,30.9600,29.8800,30.6700,3666400
20151118,30.7800,30.8000,30.2200,30.2800,1981100
20151119,30.5600,30.8800,30.1700,30.8200,2671700
20151120,30.7700,31.0000,30.5000,30.7000,2189500
20151123,30.7100,31.3300,30.3100,30.6900,2520000
20151124,30.9500,31.1600,30.4100,30.5700,2904600
20151125,31.1200,31.2600,30.2900,30.8900,2695100
20151127,31.0800,31.3300,30.6500,31.1200,1460100
20151130,31.1400,31.3900,30.7100,31.1500,3078000
20151201,31.0800,31.3800,30.8800,31.2200,2498500
20151202,30.1800,31.2500,30.0400,31.1300,3878000
20151203,30.1200,30.6000,29.6700,30.1800,2888200
20151204,30.7300,30.8500,29.8900,30.1400,2350200
20151207,30.7000,30.8500,30.1200,30.7300,2305900
20151208,29.4300,30.4400,29.3900,30.4400,4312400
20151209,28.4500,29.4700,28.3200,29.2600,4535800
20151210,28.3900,28.8200,28.0400,28.4400,3195400
20151211,27.3700,28.1200,27.1500,27.9200,3029200
20151214,26.4500,27.6800,25.9900,27.3600,6125100
20151215,26.5200,27.4800,26.3100,26.5800,4964200
20151216,27.1800,27.4100,26.6200,26.8000,3438200
20151217,26.4800,27.3600,26.3000,27.2100,2920200
20151218,26.2200,26.4700,25.8300,26.4700,7112400
20151221,26.2800,26.6300,26.1600,26.6000,2870700
20151222,26.8700,27.0400,26.2700,26.3800,2471100
20151223,27.1400,27.2400,26.7100,26.8600,2652800
20151224,27.0900,27.2900,26.9700,27.1700,980400
20151228,26.8400,27.0600,26.2700,26.6900,1881900
20151229,26.9000,27.1900,26.7500,27.0000,1475300
20151230,26.5600,27.0800,26.3500,26.8900,2032500
20151231,26.6800,26.9100,26.3000,26.5000,1694600
20160104,26.4100,26.8500,25.9000,26.1300,2763000
20160105,26.4700,27.1400,26.1700,26.4600,1738500
20160106,26.2800,26.6400,25.9300,25.9600,2268500
20160107,25.4800,26.0300,25.2300,25.7500,2927300
20160108,26.0100,26.1800,25.3800,25.6500,2886500
20160111,25.8300,26.3100,25.4200,26.0800,2437000
20160112,26.3300,26.6400,25.8900,25.9500,2433400
20160113,25.5400,26.7000,25.3800,26.4300,2114700
20160114,26.3000,26.5500,25.4500,25.6900,3830700
20160115,25.8900,26.1100,25.3400,25.5400,2156700
20160119,25.7900,26.4100,25.4300,26.1400,3583800
20160120,25.5300,25.7700,24.7000,25.3400,3013900
20160121,25.8900,26.3100,25.2100,25.5300,3448700
20160122,26.9000,27.0300,26.2800,26.3600,3350100
20160125,26.2500,26.8700,26.1800,26.7100,2310500
20160126,27.4200,27.4800,26.3400,26.4300,3048300
20160127,27.1000,28.0300,26.9900,27.4000,3274700
20160128,26.7300,27.4200,26.2200,27.3700,2777800
20160129,27.5900,27.6200,26.7100,26.7900,2537400
20160201,27.6400,27.8200,26.8900,27.3300,2538300
20160202,26.4000,27.4300,26.3200,27.2200,2768600
20160203,27.2700,27.3100,25.9500,26.5400,2422000
20160204,27.7000,28.3200,27.3600,27.3800,3172400
20160205,27.2100,27.7400,26.7900,27.7000,3111800
20160208,26.0200,26.9800,25.4900,26.8400,3123900
20160209,24.7200,25.5800,24.2000,25.5100,5795700
20160210,24.7500,25.1400,23.8500,24.6300,3902000
20160211,24.3300,24.5500,23.7400,24.1300,3625000
20160212,25.0000,25.0700,24.2000,24.4700,3039400
20160216,25.5600,25.6700,24.2100,24.7100,4251500
20160217,26.7100,26.9700,25.4100,25.6700,5594500
20160218,25.6200,26.1900,24.3300,25.9000,7059100
20160219,25.3500,25.8700,25.0900,25.4900,3969700
20160222,26.1900,26.3600,25.6600,25.7200,3765400
20160223,25.1900,26.2000,25.1000,26.2000,4099600
20160224,25.2000,25.3500,24.4300,24.9200,4072900
20160225,24.8800,25.3900,24.5300,25.3800,3331100
20160226,25.0800,25.3200,24.8400,25.0700,4317500
20160229,25.0000,25.4200,24.8300,25.0400,3765900
20160301,26.4300,26.7000,25.0600,25.2600,5441700
20160302,26.7800,27.0800,26.2200,26.2700,4479800
20160303,27.6300,27.8600,26.6000,26.6000,4734000
20160304,27.6000,27.8800,27.0300,27.5400,4254800
20160307,28.0600,28.1900,27.1500,27.3200,2938000
20160308,27.1800,27.9000,27.1000,27.8400,4029600
20160309,27.6700,27.8600,27.2600,27.4900,2973400
20160310,27.6400,27.9200,27.2200,27.8800,2377400
20160311,28.4400,28.6500,27.6100,27.9500,2971000
20160314,27.9300,28.4500,27.5000,28.0100,2774100
20160315,27.6600,27.9900,27.4600,27.8200,2826800
20160316,28.5500,28.5700,27.3600,27.4900,2874800
20160317,29.1000,29.2400,28.5400,28.5800,2890100
20160318,29.4200,29.5300,28.9200,29.1600,3440500
20160321,29.2400,29.7500,28.6600,29.2700,2395600
20160322,28.8700,29.1200,28.5400,28.9700,2249800
20160323,27.8100,28.8900,27.5200,28.8900,3373000
20160324,27.9900,28.1000,27.3200,27.5800,2472200
20160328,28.2300,28.4600,27.9200,28.1500,1331400
20160329,28.2400,28.3800,27.7900,28.1900,2063000
20160330,28.0900,28.5300,27.9900,28.4500,1851400
20160331,28.6300,28.6900,28.1600,28.1600,2615400
20160401,28.9000,28.9800,28.1700,28.2700,2300700
20160404,28.8800,29.2600,28.7500,29.0000,1855000
20160405,28.6200,28.8300,28.3600,28.6500,2386800
20160406,28.9300,29.0100,28.4500,28.7300,2223600
20160407,27.9100,28.8900,27.6600,28.7200,3981500
20160408,28.1700,28.4300,27.9000,28.3900,2893500
20160411,28.3500,28.6000,28.0500,28.4400,3233900
20160412,28.3800,28.5700,27.9100,28.4400,2527600
20160413,28.7000,29.0800,28.3600,28.5900,2113500
20160414,28.3800,28.8500,28.3700,28.6900,2065800
20160415,28.3400,28.4400,28.0200,28.3600,2360500
20160418,28.5500,28.8300,28.1500,28.2100,1412600
20160419,28.3400,29.2100,28.2800,28.6300,3331500
20160420,28.1600,28.4100,27.7600,28.3400,3345100
20160421,28.3700,28.8500,28.1700,28.3000,2616400
20160422,28.8000,28.9500,28.2400,28.3400,2568300
20160425,27.9300,28.7300,27.7800,28.5300,4779300
20160426,28.2000,28.4800,27.5400,27.6000,2904800
20160427,28.4400,28.5400,28.0000,28.3000,1721200
20160428,28.1500,28.5900,27.9500,28.2900,2246900
20160429,27.3100,28.0600,26.9900,28.0100,4294500
20160502,27.9300,28.0900,27.1400,27.3700,3773200
20160503,27.0000,27.7000,26.9200,27.6000,3536900
20160504,26.5900,27.5300,26.5700,27.0400,6454600
20160505,27.7400,28.3200,27.2500,27.5500,8407400
20160506,28.2800,28.3500,27.4100,27.6800,4331600
20160509,28.1500,28.5900,28.0600,28.3800,2672500
20160510,29.3100,29.3700,28.2600,28.3300,4653900
20160511,28.9700,29.3000,28.7800,29.1100,3984200
20160512,28.1400,29.1500,27.8400,29.1200,5648000
20160513,27.9800,28.6900,27.8900,28.0400,3737200
20160516,27.5300,28.2200,27.4800,28.0900,3590300
20160517,27.4500,27.9200,27.2200,27.3700,4087000
20160518,26.7100,26.8400,26.2900,26.7900,6317500
20160519,26.1000,26.7200,26.0600,26.6100,3523500
20160520,26.1700,26.7600,26.0500,26.3400,3658500
20160523,26.2400,26.6300,26.1600,26.2300,2753000
20160524,26.5300,26.6200,26.2900,26.2900,3540100
20160525,27.0000,27.1300,26.5200,26.6200,2396000
20160526,27.0700,27.3000,26.8100,27.0500,2355400
20160527,27.5500,27.6500,27.0300,27.0300,2658000
