20150529,31.4500,31.5800,30.9700,30.9700,1970700
20150601,31.4400,31.7400,31.3500,31.5000,1249700
20150602,31.5800,31.8000,31.1300,31.4000,905500
20150603,31.5000,31.6900,31.1900,31.6700,861300
20150604,31.4600,31.5700,31.0700,31.3500,1696900
20150605,31.8900,32.1900,31.2000,31.3400,1211800
20150608,31.4200,31.9400,31.2300,31.8100,1227300
20150609,30.9300,31.4500,30.8500,31.4500,1015200
20150610,30.9200,31.2300,30.7800,31.0400,715700
20150611,30.7700,31.1400,30.4500,31.0200,831300
20150612,30.3800,30.8400,30.2900,30.6900,1206300
20150615,30.6000,30.7700,29.9800,30.2100,1316400
20150616,30.8300,30.9500,30.4400,30.5200,958200
20150617,31.2700,31.3600,30.8000,30.8100,1149600
20150618,31.7900,32.0500,31.3500,31.4100,1143100
20150619,31.9500,31.9900,31.4400,31.7400,4332200
20150622,31.9300,32.3200,31.8000,32.0500,1133300
20150623,32.0000,32.0300,31.5100,31.8800,1501000
20150624,31.7600,32.1000,31.6000,32.0800,1484500
20150625,31.6500,31.9400,31.5600,31.8800,1373700
20150626,31.5500,32.1300,31.4900,31.7700,5208100
20150629,31.0000,32.0700,30.8900,31.7600,1789100
20150630,31.0800,31.5500,30.9600,31.1700,2486200
20150701,31.0900,31.4100,30.9900,31.2700,1532400
20150702,31.2500,31.6600,30.9900,31.2400,2240600
20150706,31.0000,31.5300,30.9100,31.0700,1540700
20150707,31.6200,31.7000,30.5300,31.1500,1657000
20150708,30.8500,31.9800,30.7800,31.5200,1477200
20150709,30.5600,31.2600,30.5600,31.0800,940000
20150710,31.3200,31.4300,30.7900,30.8900,674900
20150713,31.4600,31.9800,31.3900,31.5100,1253800
20150714,31.8900,31.9500,31.4600,31.5300,924600
20150715,31.9400,32.1600,31.7800,31.9500,880800
20150716,32.6800,32.7800,32.0100,32.1700,1054400
20150717,31.0000,32.6100,30.9800,32.6100,1866000
20150720,30.2400,30.8600,29.7900,30.8600,1896200
20150721,29.4600,30.1800,29.4100,30.1800,1922900
20150722,29.9100,29.9600,29.2900,29.5400,1066100
20150723,29.6600,30.1500,29.5600,29.8900,1011700
20150724,29.5000,29.9200,29.3800,29.9200,753200
20150727,29.1000,30.1200,28.8000,29.4500,1422800
20150728,28.8900,29.3100,28.6700,29.2400,1780400
20150729,29.3400,29.4700,28.6300,28.8700,1169500
20150730,29.6700,29.7700,28.9900,29.3000,923400
20150731,30.3000,30.4400,29.6500,29.8100,1537900
20150803,30.0100,30.5200,29.8600,30.2400,1080300
20150804,30.0600,30.5700,29.7500,29.9300,733500
20150805,26.7200,29.9800,26.5200,29.8900,4081100
20150806,27.9700,28.1100,26.3800,27.0000,9608600
20150807,27.7500,27.9900,27.2500,27.8500,6543200
20150810,27.9600,28.1000,27.6800,27.9000,2566900
20150811,27.2500,27.9300,27.2000,27.9300,2680400
20150812,27.4900,27.5000,27.0000,27.2500,1710400
20150813,27.2500,27.4500,27.0100,27.4500,3516800
20150814,27.1200,27.3800,27.0200,27.2600,1584000
20150817,27.6700,27.7800,26.9100,27.0500,1903300
20150818,27.7500,27.7700,27.5100,27.7400,2630000
20150819,27.6000,27.9800,27.3100,27.5700,2438600
20150820,26.2700,27.4300,25.9900,27.4300,7419200
20150821,25.9900,26.2600,25.5100,26.0300,5022800
20150824,24.8600,25.3600,24.0800,24.6200,7120200
20150825,24.2100,25.3500,24.1700,25.3500,4229500
20150826,25.1000,25.1700,24.3500,24.8700,3075100
20150827,25.3200,25.6900,24.8800,25.3300,2373300
20150828,25.7100,26.0200,25.0900,25.0900,2383900
20150831,25.3600,25.6700,25.0800,25.5400,1927000
20150901,25.2300,25.3000,24.7900,24.9700,4458800
20150902,25.5000,25.6900,24.9300,25.6400,1787200
20150903,25.8400,26.3500,25.4500,25.6000,1307900
20150904,25.2300,25.8000,25.2300,25.4800,1694900
20150908,25.8100,26.2400,25.5800,25.6800,1791000
20150909,25.3400,26.0700,25.2900,26.0500,1164200
20150910,25.4600,25.7100,25.1200,25.3000,1792200
20150911,25.3800,25.4700,24.9300,25.3600,778100
20150914,24.8200,25.3300,24.7300,25.3300,1396300
20150915,25.3400,25.4300,24.8100,24.9200,969500
20150916,25.9300,26.2200,25.3000,25.3000,1295700
20150917,26.2600,26.6700,25.9500,26.0400,1596900
20150918,26.2400,26.4300,25.6600,25.9900,2532800
20150921,26.6300,26.6900,26.0800,26.2900,1448100
20150922,25.9700,26.4400,25.4500,26.1300,1955800
20150923,25.9300,26.0200,25.7200,25.9500,1522400
20150924,26.0000,26.1400,25.4500,25.6900,2621800
20150925,25.9500,26.1800,25.8100,26.1800,1145200
20150928,25.8800,26.4000,25.8200,25.9100,1221900
20150929,24.7000,26.2100,24.1900,26.0400,4034600
20150930,24.2900,25.0300,23.7600,24.7600,5910600
20151001,23.8300,24.4100,23.7600,24.3500,2578200
20151002,24.3900,24.4000,23.4200,23.5700,1786100
20151005,25.3300,25.5700,24.5000,24.5000,1481000
20151006,25.7300,25.8400,25.3100,25.3100,924400
20151007,26.4200,26.8500,25.8100,25.8100,1720700
20151008,27.0300,27.0900,26.1000,26.2400,1050700
20151009,27.2600,27.3900,26.7500,27.0300,912900
20151012,27.2100,27.2200,26.7800,27.2000,955200
20151013,27.0900,27.3600,26.6800,27.1300,2334900
20151014,26.5800,27.1700,26.2500,27.0100,934000
20151015,27.1100,27.1400,26.3600,26.7800,1200900
20151016,26.7100,27.1800,26.5100,27.1800,961900
20151019,26.7300,26.9500,26.4200,26.6300,1231200
20151020,27.2000,27.3300,26.6500,26.7100,1368000
20151021,26.8800,27.5300,26.7900,27.3100,969800
20151022,27.6500,27.7100,26.8000,26.9600,1396700
20151023,27.8100,28.0300,27.2200,27.8800,1473400
20151026,27.5600,27.9200,27.4600,27.8200,785400
20151027,26.9400,27.5800,26.7300,27.3800,941400
20151028,27.6800,27.7200,26.8600,27.0900,1202200
20151029,27.4600,28.2000,27.4000,27.6000,729900
20151030,27.5200,27.8100,27.0700,27.4300,940500
20151102,27.9900,28.2900,27.5600,27.6500,2118400
20151103,29.0600,29.5900,28.1600,28.1600,2438800
20151104,28.6100,29.4700,27.6800,29.1400,3282000
20151105,27.9400,28.8300,27.6100,28.7600,2689500
20151106,27.5300,27.9100,27.3100,27.7700,1972300
20151109,27.5700,27.8400,26.8600,27.5200,2061600
20151110,28.5500,28.5600,27.5800,27.5800,1577100
20151111,29.2200,29.7400,28.6300,28.6900,1862700
20151112,28.8700,29.3500,28.7200,29.1400,2052400
20151113,28.6800,29.0800,28.5900,28.7500,2105800
20151116,29.1600,29.2900,28.5600,28.7100,1648400
20151117,28.7000,29.4800,28.2600,28.2600,1622600
20151118,29.4500,29.4900,28.9000,28.9000,1791600
20151119,28.8600,29.5200,28.7800,29.4200,2170300
20151120,29.0600,29.3500,28.8200,29.0500,1944400
20151123,29.1900,29.7500,28.7400,29.0200,1513900
20151124,29.2500,29.4700,28.9100,29.0800,1970800
20151125,29.3200,29.5500,29.0500,29.2500,1451100
20151127,29.4600,29.9300,29.0400,29.3600,1087800
20151130,29.5800,29.7900,29.0700,29.5200,1921600
20151201,29.5300,29.9000,29.3800,29.5900,1511900
20151202,28.7800,29.8100,28.7100,29.8100,1902100
20151203,28.6800,29.2100,28.3200,28.7700,2157900
20151204,29.4000,29.5100,28.4900,28.7100,1944200
20151207,29.3900,29.5300,28.8300,29.2800,1650300
20151208,28.1800,29.1700,28.1400,29.1700,1880400
20151209,27.2900,28.2400,27.2100,28.1700,2642400
20151210,27.1900,27.6500,26.9600,27.2900,1970200
20151211,26.2500,27.0000,26.0400,26.8400,2141400
20151214,25.3500,26.6000,24.9700,26.3500,2824600
20151215,25.4800,26.4100,25.3200,25.6500,2943300
20151216,26.1100,26.3600,25.5800,25.6600,2587300
20151217,25.3800,26.2700,25.2400,26.1800,2610100
20151218,24.9800,25.4800,24.7600,25.2100,4339200
20151221,25.1300,25.3800,24.9700,25.2500,2835900
20151222,25.5300,25.8800,25.1900,25.7600,2079600
20151223,25.7300,25.8200,25.4000,25.6900,1953200
20151224,25.5500,25.8200,25.4900,25.7600,840700
20151228,25.3500,25.5500,24.7800,25.4900,1652800
20151229,25.3800,25.6600,25.2500,25.6000,1319900
20151230,25.0600,25.5100,24.9500,25.4600,1259700
20151231,25.2200,25.4900,24.8600,24.9500,1239600
20160104,25.1600,25.2900,24.7200,24.7200,2651900
20160105,25.2700,25.4700,24.8400,25.2000,2290100
20160106,25.1000,25.3900,24.7800,24.8000,1994400
20160107,24.3200,24.8900,24.1500,24.5600,2476100
20160108,25.0000,25.0900,24.2100,24.3900,3259600
20160111,24.8500,25.2700,24.4500,25.0600,2133300
20160112,25.2500,25.5600,24.9200,24.9500,2119400
20160113,24.6200,25.6900,24.4800,25.2600,2158900
20160114,25.4200,25.6700,24.5500,24.7100,2309500
20160115,25.0700,25.3300,24.5500,24.8300,2408800
20160119,25.2200,25.6600,24.9200,25.3200,3726000
20160120,25.0200,25.2300,24.2100,24.9200,3371400
20160121,25.5400,25.8200,24.7000,25.0400,2969700
20160122,26.4300,26.5400,25.9000,25.9400,2417800
20160125,25.9200,26.4200,25.8800,26.3200,2167100
20160126,27.1200,27.1800,25.9500,25.9600,2667900
20160127,26.7900,27.6900,26.6900,27.0800,2401800
20160128,26.4400,27.1300,25.9500,27.0400,2555900
20160129,27.2100,27.2900,26.4300,26.6500,1910200
20160201,27.3900,27.5300,26.6000,26.9600,1810400
20160202,26.0600,27.1000,26.0100,27.0000,1909400
20160203,26.8900,26.9300,25.6600,26.3100,1449200
20160204,27.1900,27.9100,26.8800,26.8800,1555400
20160205,26.5900,27.1600,26.2300,27.0300,1976700
20160208,25.3900,26.3600,24.8500,26.3500,1936700
20160209,24.3300,24.9800,23.8900,24.9800,2294300
20160210,24.2800,24.6800,23.5500,24.3000,2256400
20160211,23.8100,24.0900,23.3300,23.8000,2505400
20160212,24.4400,24.4800,23.7200,24.0900,1663600
20160216,25.0300,25.0700,23.8800,24.4200,1918600
20160217,26.0100,26.2500,25.2800,25.3100,2008900
20160218,25.2700,25.7500,23.8000,25.7500,3102600
20160219,24.9400,25.8000,24.5600,25.1600,2107300
20160222,25.7100,25.9700,25.1200,25.1700,1592700
20160223,24.6900,25.6700,24.6000,25.5800,1901000
20160224,24.8200,24.9100,23.9200,24.3900,1596100
20160225,24.5700,25.0200,24.0900,24.9900,1736400
20160226,24.5800,24.8600,24.4200,24.7400,1914700
20160229,24.6500,25.0000,24.4400,24.5900,3128200
20160301,25.7700,26.0100,24.6900,24.8600,2102100
20160302,26.0000,26.3200,25.5700,25.6700,1599500
20160303,26.8200,27.0700,25.9500,26.0000,1887400
20160304,26.7300,27.0800,26.2500,26.9000,2339000
20160307,27.0900,27.2600,26.2700,26.4800,1611800
20160308,26.2400,26.9100,26.1800,26.9100,2859400
20160309,26.6200,26.8200,26.3000,26.4400,2766300
20160310,26.5700,26.8400,26.1500,26.6800,1515500
20160311,27.3200,27.5300,26.5700,26.5700,1877200
20160314,26.6700,27.2800,26.5000,27.2700,2261300
20160315,26.2900,26.9700,26.1500,26.5000,2668500
20160316,27.0200,27.0600,26.0100,26.1000,1853800
20160317,27.6000,27.7800,26.9800,26.9800,1342200
20160318,28.0000,28.0200,27.5000,27.7300,6525100
20160321,27.9000,28.0500,27.3100,27.9600,1352300
20160322,27.3300,27.7300,27.1300,27.5800,2208800
20160323,26.4400,27.3000,26.2600,27.2000,1367900
20160324,26.5300,26.5900,25.9300,26.2700,1596200
20160328,26.6300,26.9300,26.3700,26.6400,1273100
20160329,26.6400,26.8200,26.2700,26.5400,1358800
20160330,26.6400,26.9900,26.4800,26.9000,1284600
20160331,27.0000,27.2600,26.5900,26.5900,1601600
20160401,27.4800,27.5200,26.5500,26.7400,1992600
20160404,27.6200,27.7800,27.2900,27.5000,2039400
20160405,27.4900,27.7100,27.1600,27.3400,1659200
20160406,27.7000,27.7700,27.0800,27.4600,1801700
20160407,26.9600,27.7000,26.7300,27.5200,1624700
20160408,27.3800,27.5200,27.0000,27.2700,1755200
20160411,27.5100,27.8100,27.3400,27.6200,1678800
20160412,27.6400,27.7600,27.4400,27.6100,1854000
20160413,27.8500,28.0100,27.7100,27.8600,2031100
20160414,27.6100,27.9800,27.5900,27.8500,1880100
20160415,27.5900,27.7400,27.3800,27.6800,1638900
20160418,27.8100,27.9900,27.4000,27.4000,1858700
20160419,27.6800,28.2400,27.5200,27.8000,2147700
20160420,27.6100,27.7200,27.1100,27.7200,2152200
20160421,27.6800,28.0500,27.6100,27.6100,1942500
20160422,27.9500,28.1700,27.6700,27.6900,2018200
20160425,27.4000,27.8900,27.2100,27.6800,1831000
20160426,27.6100,27.9000,27.0100,27.1300,2238400
20160427,27.8000,27.9400,27.3900,27.6600,1613600
20160428,27.4900,28.0000,27.3900,27.6800,2230800
20160429,26.7800,27.3900,26.4700,27.2900,2262600
20160502,27.5000,27.6500,26.6200,26.8500,1877100
20160503,26.5800,27.2800,26.5300,27.2000,1568600
20160504,26.2400,27.0900,26.2200,26.4600,1798700
20160505,27.2200,27.8100,26.6100,26.6100,3098600
20160506,27.6700,27.7300,26.9300,27.0500,1868500
20160509,27.5700,27.9900,27.4500,27.7100,1306900
20160510,28.4800,28.5300,27.6500,27.6500,2181800
20160511,28.0600,28.4600,28.0000,28.4600,1578500
20160512,27.3100,28.3700,27.0400,28.2100,1414800
20160513,27.0400,27.5400,26.9600,27.2600,1763900
20160516,26.6400,27.0900,26.5100,27.0900,1536800
20160517,26.4500,26.9300,26.3400,26.5200,1715900
20160518,25.9300,26.0100,25.4400,25.9800,1970800
20160519,25.1000,25.9100,25.0900,25.7800,2939700
20160520,25.1700,25.7800,25.0300,25.2200,2563300
20160523,25.1500,25.5500,25.1000,25.1100,2141200
20160524,25.3800,25.5400,25.1400,25.4000,1899100
20160525,25.8700,26.0100,25.4000,25.4700,2671200
20160526,25.9700,26.1800,25.7500,25.9400,1698000
20160527,26.3700,26.4600,25.9900,26.0200,1858400
