20150529,75.4000,76.5200,75.1600,76.3800,1641600
20150601,75.1700,75.8700,74.9100,75.8700,1474000
20150602,75.8100,76.4100,74.7100,74.8500,2199500
20150603,75.8000,76.9100,75.4100,76.0400,1425000
20150604,73.6800,75.3200,73.5400,75.3200,1880800
20150605,73.7800,74.2200,73.1400,73.6200,1123500
20150608,72.7600,73.6600,72.6400,73.4300,1461400
20150609,72.4100,73.6700,72.1200,72.9200,2542900
20150610,73.3600,73.9700,72.8500,73.1500,1680700
20150611,73.3800,73.6600,72.7900,73.5400,956200
20150612,73.1300,73.4200,72.8800,73.1700,917800
20150615,71.8900,72.6500,71.6500,72.4000,1291500
20150616,71.9100,72.0100,71.2700,71.8900,1212000
20150617,72.6800,72.9500,72.2200,72.2200,1278800
20150618,73.4300,73.9200,72.3100,72.7800,1626800
20150619,72.5400,73.2700,72.4600,73.2300,1248700
20150622,72.5600,72.9100,72.2800,72.8700,785400
20150623,72.5600,72.7600,72.1000,72.4300,585100
20150624,72.1000,72.7900,71.8500,72.5700,703300
20150625,70.9700,72.2400,70.9700,72.2400,709100
20150626,71.1700,71.4200,70.7300,71.0800,2973600
20150629,70.0900,71.1000,69.9900,70.2200,989400
20150630,70.1800,71.4100,70.1100,71.0400,1391200
20150701,70.0300,70.9800,69.8100,70.8400,1313900
20150702,69.9900,70.7600,69.7900,70.4800,1454200
20150706,69.4500,70.2800,68.9200,69.1700,1279300
20150707,69.7700,69.9600,68.4100,69.4600,1827900
20150708,68.0800,69.4700,67.7500,69.1800,1576000
20150709,67.2400,69.4000,67.2300,69.4000,1887600
20150710,65.2800,66.9300,64.6900,66.0000,3077500
20150713,66.0000,66.3100,65.1200,65.6800,2824800
20150714,66.5100,66.8700,65.5200,65.8400,1907600
20150715,65.8100,66.3300,65.2000,66.3300,1563400
20150716,66.3200,66.8400,66.1600,66.2600,1754000
20150717,66.3700,67.0300,66.0900,66.2100,1494400
20150720,66.3000,66.6700,65.9700,66.2900,1341300
20150721,64.6400,66.0200,63.9400,64.6300,3356800
20150722,64.5500,65.1600,64.0300,64.3200,1406100
20150723,64.5200,65.1900,64.3800,64.5200,1735900
20150724,64.1000,64.7700,63.9000,64.6800,1654600
20150727,63.9500,64.0200,63.1700,63.6000,2582200
20150728,64.2500,64.5600,63.5400,64.3200,2356000
20150729,65.3800,65.5700,64.0300,64.1400,1159000
20150730,64.6200,65.3400,64.3000,65.3400,1386100
20150731,64.0700,65.2100,63.7900,64.8600,1855300
20150803,62.7600,63.7900,62.6200,63.6600,1629600
20150804,62.8700,63.9900,62.7100,63.2800,2955000
20150805,63.7000,64.8100,63.3900,63.3900,1546500
20150806,64.0700,64.5900,63.0900,63.7700,1134200
20150807,63.8600,64.9400,63.6000,63.8600,1064200
20150810,66.0600,66.2800,64.1700,64.3900,1401200
20150811,64.4300,65.2100,64.0400,65.0900,961200
20150812,64.6500,64.9500,63.5000,64.0500,1004800
20150813,64.3900,64.7500,63.9300,64.7500,1084100
20150814,63.9500,64.8800,63.8700,64.3100,1297600
20150817,64.4000,64.7400,63.2700,63.8100,1314800
20150818,63.9700,64.3000,63.5800,64.2900,914700
20150819,62.7800,63.7900,62.3600,63.5400,1067300
20150820,61.1900,62.7500,61.1900,62.3400,1333500
20150821,59.7700,61.0700,59.7600,60.8100,1686800
20150824,57.9000,60.0000,55.5000,56.5200,2021900
20150825,55.9900,59.9100,55.9500,59.6200,2068500
20150826,58.2400,58.3000,56.3600,57.0500,2491000
20150827,59.9800,60.3400,58.5100,58.8700,1586600
20150828,60.3700,60.8000,59.4500,59.5800,1448100
20150831,61.9500,62.4000,59.8100,60.6600,2871400
20150901,59.0200,60.7500,58.7300,60.3400,1897300
20150902,59.5900,59.9000,58.5100,59.7000,1379500
20150903,59.4600,60.2800,59.2000,59.2800,1633900
20150904,58.6600,59.0200,57.9800,58.6400,1549600
20150908,61.5100,61.7200,59.9200,60.3400,2053400
20150909,60.4900,62.5700,60.4500,62.1200,1632600
20150910,60.3300,60.9100,59.9400,60.5200,1077100
20150911,60.5600,60.9200,59.9500,60.5400,1305900
20150914,59.9800,60.6000,59.6900,60.3500,1137900
20150915,61.3200,61.4400,60.0000,60.1600,1196900
20150916,62.0600,62.2200,61.3300,61.3700,1311000
20150917,61.5000,62.5100,61.3500,61.8000,1692200
20150918,60.8600,61.3800,60.4600,60.6500,4757000
20150921,60.0100,61.3100,59.9000,61.0000,1272800
20150922,59.0700,59.6500,58.3500,59.1400,1435900
20150923,57.8500,59.2900,57.4400,59.0700,1504700
20150924,57.9400,58.2500,56.2500,57.0300,1613200
20150925,58.0700,58.6700,57.8500,58.3400,1355300
20150928,56.5000,57.4900,56.3000,57.4800,1232600
20150929,56.5000,56.9800,56.0600,56.6900,1742700
20150930,57.1800,57.5900,56.0800,57.1400,2182300
20151001,56.5100,57.7900,55.9700,57.3100,1349400
20151002,57.9800,58.0300,55.6800,56.0000,1922100
20151005,60.2600,60.6200,58.0300,58.4600,1805800
20151006,61.2200,61.5100,59.9700,60.2900,1749700
20151007,61.9300,63.6900,60.6500,61.8300,2270900
20151008,63.8400,64.2500,61.7500,61.8000,1728300
20151009,61.5000,64.2000,61.4900,64.0000,2533500
20151012,60.8800,61.9600,60.4900,61.6700,1388700
20151013,60.3300,61.2700,60.2300,60.4800,1525800
20151014,59.3500,60.3300,59.2000,60.1100,1290800
20151015,59.8000,59.9500,58.4000,59.4400,1570400
20151016,58.6100,59.8100,57.8300,59.7800,1833800
20151019,57.7100,58.5300,57.4900,58.1600,2238800
20151020,61.5300,62.8100,58.1300,58.8600,4677800
20151021,61.8800,63.6600,61.2300,61.7600,3032000
20151022,64.0000,65.2900,61.9200,62.3100,3589900
20151023,64.4400,64.9600,63.6000,64.9600,1681100
20151026,63.9200,64.8000,63.5000,64.4400,1169500
20151027,62.4500,63.1300,62.0400,62.9500,1348800
20151028,63.8100,64.0600,62.4700,62.7500,1729400
20151029,64.0800,64.4500,63.4000,63.4100,1404600
20151030,64.4300,64.7900,63.8900,64.1800,1939200
20151102,65.2400,65.5200,64.1200,64.3500,1064000
20151103,65.3900,66.1900,65.1600,65.4800,1365800
20151104,65.0000,66.5200,64.8900,65.7100,1285800
20151105,64.5000,65.3100,63.9700,64.8200,1284100
20151106,64.4900,64.7000,63.3200,64.1800,999400
20151109,63.9000,64.5000,63.1100,64.3400,866200
20151110,63.9900,64.3900,63.0900,63.6500,1081300
20151111,63.4800,64.1300,63.0900,64.1300,929300
20151112,63.9000,64.0800,62.4400,63.7800,3310600
20151113,63.1000,65.0200,63.0100,63.8500,1977800
20151116,64.3200,64.3600,62.9100,63.0600,989800
20151117,63.6300,64.5000,63.4600,64.3600,1002400
20151118,64.9700,65.0400,63.3700,63.8500,1031000
20151119,65.3500,65.3700,64.4400,64.8900,780400
20151120,65.4100,66.1700,65.2200,65.6200,1073800
20151123,65.2500,65.8100,64.9300,65.2300,1119500
20151124,65.9100,66.1700,65.0100,65.0500,1749500
20151125,65.1000,65.8100,64.8300,65.5100,1035900
20151127,65.0900,65.2300,64.6100,64.8700,542000
20151130,65.9000,66.1600,65.0400,65.2000,1667500
20151201,66.5700,66.8800,65.6800,65.7000,1804500
20151202,65.0500,66.5600,64.8000,66.3800,1471200
20151203,65.6600,66.0800,64.5400,65.1400,2773800
20151204,64.7500,65.8200,64.0300,64.7700,2644300
20151207,64.2200,64.5200,63.2100,64.0400,1968300
20151208,63.1000,63.8700,61.9100,63.3400,1956100
20151209,63.4000,64.4000,62.6800,62.8400,1485800
20151210,63.7800,64.3100,63.2000,63.3400,1384500
20151211,61.7400,63.1200,61.6200,62.9400,1474100
20151214,62.0500,62.0800,60.7200,61.8200,1671700
20151215,62.1100,62.8100,61.8900,62.5500,1294300
20151216,61.4500,62.8100,60.1500,60.6800,2544700
20151217,59.4600,61.5400,59.2500,61.2100,2100500
20151218,58.5000,59.8600,58.4500,59.0800,2488200
20151221,59.1700,59.3800,58.5300,58.8300,1272000
20151222,59.8500,60.2900,59.1400,59.3800,1226500
20151223,62.0700,62.5000,60.4500,60.4500,1499200
20151224,62.4000,62.7300,61.9700,62.0300,1096900
20151228,62.3100,62.4600,61.8000,62.2000,2066400
20151229,62.1700,63.3500,61.7500,62.7000,1196800
20151230,61.6800,62.4700,61.5500,61.8100,802600
20151231,61.3100,62.0300,61.0100,61.2700,580100
20160104,61.6400,61.6600,59.8300,60.1200,1962000
20160105,60.4700,61.8800,59.9700,61.6600,1078400
20160106,59.1900,60.0500,58.9000,59.4400,1237500
20160107,58.3400,59.1600,57.7300,58.1000,1624500
20160108,57.8400,58.8400,57.6300,58.5600,2166000
20160111,56.9700,58.2800,56.5500,58.0000,2210100
20160112,56.4700,58.2300,55.0800,57.9500,4214900
20160113,55.3200,57.5100,55.2300,55.7200,2024600
20160114,55.7100,56.4200,54.2400,55.3800,3115400
20160115,52.9000,53.9000,52.7000,53.7400,3017300
20160119,53.2400,53.9700,52.6600,53.5000,2087000
20160120,52.6500,52.9700,50.9100,52.5000,1952200
20160121,52.8500,53.9100,52.0000,52.5100,1469300
20160122,53.2900,54.6000,52.7500,54.1000,2183100
20160125,53.0600,53.6400,52.4900,53.1800,2471100
20160126,56.0600,57.1800,53.5400,53.7100,4152500
20160127,55.3100,56.9200,54.9200,55.7700,2106500
20160128,56.6200,56.9800,55.5800,56.6100,2072800
20160129,58.4500,58.5000,56.8800,56.8800,2142000
20160201,57.8200,58.1100,56.9500,57.1700,2012800
20160202,56.8200,57.3800,56.3800,57.1500,3151000
20160203,58.2400,58.5600,55.7800,57.4600,2513900
20160204,59.6700,61.2800,58.2300,58.2500,2011400
20160205,59.9400,60.3800,59.0800,59.4600,1496600
20160208,59.6700,59.8500,58.7000,59.1500,1256000
20160209,58.1300,59.5000,57.4500,58.8900,2379500
20160210,57.0100,59.0200,56.9000,58.2600,1876700
20160211,57.2500,57.4200,55.3000,55.9200,2246400
20160212,59.1900,59.4700,57.3900,57.9700,1597000
20160216,60.2900,60.3000,58.7600,59.8400,1556300
20160217,61.6500,62.3200,60.6100,60.9200,1571300
20160218,61.6500,62.2800,61.0900,61.5300,1465200
20160219,60.6200,61.5200,60.2100,61.4700,2187900
20160222,61.4500,62.0600,61.1600,61.4800,2515400
20160223,60.3800,61.8000,60.2500,61.3500,1140800
20160224,59.7800,60.0500,58.1500,59.3400,1746100
20160225,60.5400,60.6500,59.2100,59.7700,1410200
20160226,61.1100,61.5900,60.8400,61.2600,948900
20160229,60.7800,61.7300,60.7300,61.2700,1168300
20160301,62.2700,62.2700,60.7500,61.4900,1109800
20160302,62.5600,62.8200,61.6300,61.6500,2584700
20160303,62.4500,63.0900,62.1900,62.6500,1521100
20160304,63.2000,63.8400,62.1800,62.7300,1130100
20160307,65.2200,65.3700,62.9500,62.9500,1766100
20160308,63.1200,64.6200,63.0600,64.4200,1825600
20160309,62.1100,63.3700,61.3500,63.1500,1876100
20160310,61.0100,62.0800,60.3700,62.0500,1708500
20160311,62.7800,62.9700,61.5600,61.8100,1488700
20160314,62.3400,62.9600,62.0100,62.4000,976000
20160315,61.4900,61.6300,58.9100,59.0000,2404500
20160316,63.7200,63.8200,61.4100,61.4800,1771100
20160317,65.5900,66.4300,63.8100,63.8100,3184200
20160318,66.0200,66.5900,65.5200,65.6900,1719900
20160321,66.1500,66.2200,64.9800,65.2200,1020800
20160322,66.3000,66.5200,65.5100,65.6300,1439300
20160323,64.7400,66.2000,64.6200,66.0000,987100
20160324,64.6100,64.6100,63.6400,64.3700,889400
20160328,64.2400,64.8300,63.8600,64.6400,614900
20160329,64.6400,64.6600,63.5400,63.7500,1047000
20160330,64.3300,65.5000,64.0700,65.2500,1026100
20160331,64.3300,64.6200,63.7300,64.4400,1031500
20160401,64.1400,64.2600,62.5400,63.6900,1129200
20160404,62.9400,64.3600,62.8300,64.0600,1533800
20160405,62.3100,62.5800,61.6800,62.3200,1454000
20160406,63.0400,63.1200,61.6400,62.2800,1087800
20160407,62.7200,63.2500,62.3500,62.6300,1435400
20160408,62.9100,64.5700,62.7600,63.5400,898900
20160411,63.7400,64.3000,63.1100,63.1700,1069600
20160412,65.2800,66.0300,63.9000,64.0800,1725300
20160413,66.1200,66.2400,65.3100,65.6100,1368200
20160414,66.0600,66.9100,65.8300,66.5300,1132400
20160415,65.9800,66.2200,65.7100,65.9700,971900
20160418,66.6700,66.8600,65.1500,65.3300,865200
20160419,67.9700,68.3600,66.7800,67.1900,1405600
20160420,67.8000,68.2700,67.1200,68.0200,1149400
20160421,66.6800,67.8300,65.0000,66.5200,2080600
20160422,67.3500,67.9000,66.7200,66.7200,1244700
20160425,66.7900,68.1400,66.4800,67.5800,1130800
20160426,66.7000,67.1100,66.1900,66.8500,1553100
20160427,66.7500,67.1300,66.3200,66.7100,1754900
20160428,66.0400,67.0300,65.8300,66.3800,1513400
20160429,65.7000,66.7100,65.2600,65.9500,1952800
20160502,65.5000,65.9600,64.7500,65.2400,1088700
20160503,64.7700,65.2100,64.1500,65.0700,1368900
20160504,63.5000,65.0500,63.2800,64.4900,911200
20160505,63.4100,64.4000,63.3000,64.0000,1366700
20160506,63.9200,64.0000,63.0900,63.0900,862600
20160509,63.1100,63.6000,62.8900,63.4900,1336300
20160510,65.9300,66.0700,63.7800,64.2400,1532300
20160511,66.0500,66.4500,65.4500,65.8100,1269000
20160512,66.1300,66.8000,65.3500,66.2100,1165800
20160513,64.9300,66.4300,64.8000,65.9500,1045200
20160516,66.5000,66.8400,65.1600,65.2600,1119600
20160517,66.6300,67.1000,66.1000,66.3600,1542300
20160518,65.5200,66.5200,65.1000,66.2900,1457700
20160519,64.1100,65.0800,63.3800,65.0800,1747300
20160520,64.6500,65.0600,64.1300,64.6200,1031500
20160523,64.5700,64.9400,64.0200,64.4600,613000
20160524,65.7500,65.8600,64.6700,64.9900,757000
20160525,66.6700,66.8300,66.0300,66.0600,1391400
20160526,66.6900,67.3700,66.4200,66.7300,992400
20160527,66.7400,66.9000,66.3600,66.5300,516900
