20150529,65.2200,65.7000,64.7900,65.4800,2596400
20150601,64.4700,65.5000,63.8300,65.3900,3266000
20150602,64.8300,65.3200,64.3000,64.8400,2395600
20150603,63.9100,65.0100,63.7800,64.6100,2378500
20150604,63.0800,63.5700,62.9300,63.3800,3106900
20150605,63.8000,64.5400,62.5500,62.7200,2740500
20150608,62.5000,63.8800,62.1900,63.3800,3319900
20150609,62.1200,63.6700,62.0100,63.1800,3569400
20150610,63.8100,64.0700,62.4900,63.0300,4079400
20150611,62.9400,64.0500,62.8900,63.8400,3200500
20150612,61.8700,62.6200,61.3300,62.5800,3120300
20150615,61.6300,62.1800,61.2800,61.3800,2137900
20150616,62.4600,62.5400,61.5000,61.6200,2184400
20150617,61.6400,63.4100,61.2900,62.4500,2355100
20150618,61.4400,62.1900,61.3700,61.9100,1988000
20150619,60.9700,61.5800,60.9200,61.1700,2928300
20150622,61.3500,61.5500,60.5600,61.1500,1901300
20150623,61.4300,61.6200,61.1900,61.4000,1780400
20150624,61.0900,61.7900,60.9900,61.2400,1545000
20150625,60.3800,61.3500,60.1800,61.2500,2552900
20150626,60.4600,60.8300,59.8800,60.4200,2539000
20150629,58.8200,59.9900,58.7700,59.5100,2931200
20150630,59.4900,59.8800,59.0700,59.6100,3291700
20150701,57.7300,59.8000,57.4800,59.4200,3556700
20150702,57.8700,58.4300,57.5800,57.8700,2826200
20150706,56.6800,57.9400,56.4600,56.8100,3255700
20150707,57.3200,57.3900,55.1200,56.5700,3506200
20150708,55.5500,57.4900,55.2400,56.9700,3024900
20150709,55.9400,57.1300,55.9300,56.7500,2548100
20150710,55.8500,56.9300,55.6800,56.6100,2757400
20150713,55.4000,56.0000,55.0300,55.9800,3272700
20150714,56.1400,56.4700,55.0200,55.4000,3200300
20150715,54.8400,56.3700,54.4500,55.6300,3564600
20150716,54.3700,55.3800,54.1400,55.0700,2904100
20150717,53.6400,54.3700,53.4400,54.1300,2783100
20150720,51.8300,53.6300,51.8300,53.3700,4649500
20150721,52.0800,52.5300,51.7000,52.0500,4347500
20150722,51.1400,51.9400,50.6200,51.8400,3855400
20150723,51.1600,51.4400,50.3500,51.2100,3548500
20150724,49.4000,51.1400,49.0300,51.0800,5021000
20150727,48.8300,49.4200,48.2100,48.4200,5668900
20150728,49.9900,50.4500,48.6400,49.1200,4905800
20150729,51.1800,51.7400,49.6800,49.8900,4438500
20150730,50.6100,51.6700,50.1300,51.0000,3515600
20150731,49.4200,50.3600,49.3500,50.2100,3978100
20150803,48.3600,49.6600,48.1100,48.7500,4218700
20150804,48.7400,49.6500,48.1200,48.6500,4692200
20150805,46.9500,51.6800,46.6700,50.3400,7958100
20150806,48.3000,48.6400,46.4500,46.9000,5896900
20150807,46.4100,48.7600,45.9800,48.0400,4363100
20150810,47.8800,48.2300,46.1500,46.6400,6412600
20150811,47.3000,47.6100,46.5800,46.7200,5708400
20150812,47.8800,48.0200,46.1800,47.2200,5413800
20150813,46.0100,47.5200,45.9100,47.2900,5170500
20150814,46.0600,46.5200,45.6900,45.8800,5960200
20150817,46.4100,46.7200,45.6000,45.7900,3443800
20150818,46.2200,46.6900,45.9100,46.0400,3961800
20150819,44.6600,46.1400,44.4400,45.9200,4362900
20150820,42.8100,45.0900,42.8000,45.0900,5362200
20150821,41.0900,42.7400,41.0900,42.3600,5713400
20150824,38.0800,40.2900,37.0000,38.4200,10777700
20150825,36.6300,39.5800,36.6300,39.5800,7888100
20150826,38.4500,38.4800,36.9700,37.4000,7326200
20150827,40.7800,41.2100,39.1900,39.3200,9059100
20150828,42.2000,42.7200,40.3500,40.5200,8502800
20150831,42.6600,43.1900,40.5000,41.5700,7103400
20150901,40.3300,42.0900,39.9700,41.0700,6676800
20150902,40.7200,41.2400,39.1400,41.1700,5348700
20150903,40.8300,42.2000,40.3900,40.8300,5355000
20150904,40.1400,40.4300,39.6400,39.9900,3856600
20150908,40.5000,40.7700,39.4700,40.7400,4629500
20150909,39.6900,41.5000,39.3900,40.9000,7706400
20150910,39.9900,40.6000,39.2900,39.8800,5857500
20150911,38.8400,39.2100,38.1200,39.0000,4692300
20150914,38.9100,39.0000,38.1800,38.7200,4433500
20150915,39.1700,39.6200,38.7900,39.1100,3161400
20150916,41.0500,41.1200,39.4900,39.4900,4303400
20150917,40.8100,41.9700,40.6000,41.0900,5200400
20150918,39.7800,40.4200,39.3600,39.9600,5719000
20150921,40.3300,40.7900,39.4600,40.2000,3387100
20150922,39.5000,40.6100,39.1200,39.6500,5051100
20150923,38.1500,39.7900,38.0700,39.5600,4003300
20150924,38.6000,38.9500,37.4100,37.7100,4799300
20150925,38.4700,39.0000,38.1500,38.8600,4253900
20150928,36.7500,38.2000,36.7500,38.0100,5788700
20150929,36.4300,37.2000,36.0200,37.0600,5113700
20150930,37.0900,37.4700,36.0100,36.9700,6573600
20151001,37.7500,38.9200,37.3700,37.8600,5624400
20151002,40.7200,40.8000,37.2000,37.3800,6483100
20151005,42.9200,43.4200,41.1000,41.1800,7163800
20151006,43.7500,44.4800,42.7400,43.0900,6607000
20151007,43.8600,45.4500,42.4500,44.5500,6390100
20151008,44.6700,44.9600,43.0600,43.6300,4656400
20151009,45.2400,45.3700,44.1800,44.9700,5791900
20151012,43.9900,45.3400,43.5400,45.2400,4031000
20151013,43.7200,44.8200,43.1500,43.5000,3101000
20151014,44.6500,44.8800,43.4400,43.5700,3541000
20151015,45.6700,45.7100,44.1800,44.4000,3732600
20151016,46.4300,46.4600,45.1000,46.1000,5118700
20151019,45.2800,45.9400,44.8500,45.6100,4345200
20151020,45.6900,46.3700,45.0100,45.2500,2997200
20151021,43.9000,45.6100,43.3400,45.4200,6868500
20151022,44.7500,45.0200,43.6300,44.4000,4389200
20151023,44.9600,45.2300,43.9500,44.3800,3300300
20151026,42.7900,44.7900,42.7400,44.7600,3984500
20151027,41.2000,42.0200,40.5300,42.0200,5464000
20151028,41.5600,42.2700,39.8300,40.6000,6544700
20151029,41.0400,42.4800,40.9000,41.2200,5636400
20151030,41.9300,42.5800,40.3300,41.2400,5756500
20151102,43.1300,43.3100,41.0000,41.3400,5430000
20151103,45.2200,46.4900,43.3700,43.6500,6572500
20151104,46.4900,47.8400,45.9200,46.7300,9572500
20151105,47.5100,48.5400,46.0000,46.2400,6390800
20151106,46.8700,48.6800,46.2700,47.0600,5704300
20151109,46.9800,48.0800,46.4000,47.4500,5301100
20151110,47.7600,48.2500,46.6200,46.8000,5134400
20151111,45.6200,47.8200,45.2300,47.5700,4244200
20151112,45.0600,46.0700,44.4000,44.9700,6082600
20151113,45.0500,45.8400,44.4800,45.0000,5084900
20151116,46.5000,46.5400,44.9600,45.1200,3911700
20151117,45.9100,46.4900,45.0000,46.1500,3767100
20151118,47.0700,47.3900,45.6700,46.4800,3163400
20151119,45.9800,46.9800,45.3100,46.5000,3657400
20151120,45.2500,46.5100,45.0700,46.1200,3969500
20151123,44.9300,45.6500,44.6300,45.0700,3055200
20151124,46.5500,47.0300,45.3300,45.4700,3128000
20151125,45.9100,46.4100,45.3500,46.3000,2294400
20151127,44.8700,45.7000,44.6800,45.4400,1170200
20151130,46.0100,46.5700,44.8800,45.0800,4405700
20151201,46.4900,46.5200,45.6700,46.1100,3805200
20151202,43.5300,46.0800,43.4400,45.7800,4784000
20151203,41.1000,43.8700,40.6800,43.8700,9820800
20151204,40.5300,40.9900,39.6200,40.3400,5912400
20151207,36.4400,38.2600,36.1300,37.7600,11420200
20151208,35.1900,35.7600,33.5200,35.3000,13144200
20151209,35.3200,36.4700,34.3800,36.3900,7916100
20151210,35.5100,36.7000,34.7000,35.1000,6799700
20151211,33.5500,35.4000,33.4100,34.5400,5925400
20151214,31.5400,33.7200,31.4000,33.3700,11006400
20151215,31.8700,32.4400,31.5000,31.9800,7796000
20151216,30.5700,32.0500,29.9800,31.8500,8350500
20151217,28.9800,30.6600,28.0000,30.5100,15841400
20151218,28.6700,29.9800,28.5800,28.9500,9366500
20151221,28.8300,29.6700,28.3900,28.7000,7462700
20151222,29.8300,30.3400,28.6500,28.8200,8734100
20151223,33.2000,33.3800,30.6000,30.6100,10280800
20151224,32.7000,33.4700,32.0300,33.2200,3816900
20151228,31.6900,32.4800,31.2800,32.2400,4816600
20151229,32.2400,32.8400,31.5100,32.3100,5476400
20151230,31.0000,32.5300,30.7300,31.5000,5265500
20151231,32.0000,32.2000,30.5700,30.9900,4454100
20160104,32.3200,32.9100,31.5300,31.7800,6770300
20160105,32.8300,32.9300,31.5600,32.2000,6258100
20160106,30.2100,31.6300,30.1300,31.6100,7777700
20160107,28.0600,30.1300,27.9000,29.2100,11164900
20160108,28.5000,28.9300,27.4500,28.3500,8160500
20160111,26.9700,28.8300,26.5100,28.8000,10329800
20160112,25.7200,27.8600,24.5500,27.6600,14152100
20160113,24.8000,26.6900,24.2200,26.3600,11457100
20160114,25.9600,26.2200,24.1800,25.0400,8580900
20160115,24.4900,24.6500,23.3600,24.3700,9673400
20160119,23.4800,24.8800,22.7500,24.8800,9417700
20160120,21.5900,22.6500,19.6900,22.5600,18600900
20160121,24.1800,24.9200,21.1800,21.3300,10875600
20160122,25.6300,27.5000,24.9700,26.4400,14612300
20160125,22.7700,26.0200,22.7600,24.7500,10370000
20160126,24.5600,24.6500,22.7000,23.8900,7529800
20160127,24.4900,25.8500,23.5200,24.1600,10952700
20160128,26.7900,26.9900,25.2100,25.8000,11272800
20160129,27.9000,28.6600,26.8000,27.0600,11270900
20160201,26.0600,27.0300,25.4000,27.0300,8310500
20160202,24.6900,25.3800,24.4600,24.8800,7786100
20160203,26.5900,26.6000,24.1200,25.3500,12323100
20160204,26.5600,28.8700,26.4200,26.7700,11744100
20160205,24.8500,25.9400,24.3400,25.8500,9510100
20160208,23.6800,24.1800,22.2400,24.0600,9304900
20160209,22.6600,23.4000,22.1200,22.7300,8871100
20160210,21.6300,23.4200,21.3200,22.2000,9868600
20160211,21.2500,21.6000,19.6200,21.0200,15209000
20160212,21.6900,21.8200,20.5700,20.6200,19887100
20160216,21.2600,22.5300,20.2500,22.3400,13772500
20160217,20.3300,20.8300,18.3800,20.4100,30662900
20160218,19.7000,20.4100,18.9900,19.2100,97177504
20160219,18.6500,19.3100,18.0700,19.2500,33916500
20160222,20.3000,20.5000,18.6500,18.6500,24330200
20160223,18.9100,20.3900,18.8900,20.0800,19387700
20160224,19.4100,19.5000,18.2200,18.4600,17820900
20160225,19.5600,19.9500,18.8500,19.4500,16421600
20160226,20.2900,20.5800,19.8400,20.3700,24943100
20160229,19.6800,20.4400,19.4900,20.4200,17878000
20160301,19.2200,20.0000,18.5600,19.9900,22698700
20160302,21.5200,21.5400,18.8500,19.0600,20265900
20160303,22.0000,22.5100,21.1900,21.3900,17474400
20160304,23.3100,24.0400,21.4500,22.5100,21258900
20160307,24.1900,24.7200,23.2900,23.3000,21885000
20160308,21.4700,23.9100,21.4400,23.9100,16059700
20160309,22.9300,23.4400,21.5000,22.0700,14397800
20160310,22.4800,22.7700,21.1500,22.6800,18353900
20160311,24.7800,25.0400,23.3100,23.3700,19564400
20160314,24.7900,24.9600,23.8000,24.0200,12254800
20160315,24.0900,24.6000,23.1300,24.3000,12384600
20160316,26.2200,26.2400,24.2100,24.3600,15682800
20160317,27.4000,28.0700,26.3300,27.0300,17452800
20160318,27.5400,28.5600,26.4500,27.9300,25942800
20160321,28.0200,28.8500,27.0700,27.2900,12896600
20160322,28.0100,28.6300,27.5000,27.5700,10758200
20160323,25.7600,27.8700,25.4500,27.5900,14786100
20160324,26.4700,26.6300,24.6000,24.8800,12665300
20160328,25.8400,26.6100,25.2200,26.5400,9682000
20160329,26.0900,26.1700,24.5800,25.2800,12564500
20160330,26.2000,26.9700,25.6600,26.5700,10607400
20160331,27.4400,27.5000,25.8900,26.0200,11392800
20160401,26.6100,26.8700,25.6000,26.3900,15192800
20160404,26.0500,27.2900,25.9400,26.7200,8820200
20160405,26.3900,26.8400,25.5500,25.6100,10010800
20160406,27.5600,27.9600,26.2800,26.8900,12189100
20160407,27.6000,28.2500,27.1500,27.3600,10520800
20160408,28.7700,29.3700,28.4500,28.6000,9860400
20160411,29.0500,29.7000,28.9100,29.0100,8319700
20160412,30.9600,31.2600,29.2900,29.7900,16249800
20160413,30.9600,31.2800,30.0800,30.7600,13261100
20160414,31.3500,31.4100,30.5800,31.1800,10426600
20160415,31.4000,31.6500,30.4300,31.0100,10839300
20160418,32.0000,32.2900,29.7300,29.9700,10858500
20160419,33.6200,33.9500,32.4500,32.9000,11756100
20160420,34.7500,35.3700,32.6100,33.0000,12894700
20160421,33.9300,35.2500,33.8200,34.8600,13847800
20160422,35.2000,35.5400,34.2600,34.2700,11283200
20160425,33.9500,35.1800,33.5600,34.9600,11092200
20160426,34.6200,34.9900,33.9100,34.3500,10913500
20160427,36.9100,37.1800,34.9000,34.9000,14898800
20160428,36.1100,37.6700,35.9000,36.4500,11942800
20160429,34.6800,36.9500,33.8200,36.5400,16825100
20160502,34.5600,34.8400,33.5000,34.4300,9863000
20160503,32.7500,33.9800,32.4000,33.7900,12639700
20160504,31.3100,34.2500,30.2800,33.9400,17748700
20160505,31.2000,32.9400,30.7100,32.4900,10994800
20160506,31.4000,32.3400,30.5500,30.7200,10078600
20160509,30.0400,31.0700,29.6000,31.0000,9716300
20160510,31.5400,31.5600,30.1100,30.4000,7598600
20160511,32.5400,33.3900,30.6700,31.2400,10706300
20160512,32.7100,34.1200,32.3700,33.7000,9702100
20160513,32.5200,33.3600,31.8000,31.8900,6699000
20160516,33.7900,34.4200,33.4700,33.4800,8555600
20160517,34.6300,35.0500,33.4100,33.8900,9802000
20160518,34.1200,34.9600,33.7400,34.4600,9747100
20160519,33.9000,34.2300,32.7700,33.5500,8079600
20160520,34.2500,34.5400,33.6200,34.2700,7381800
20160523,34.5400,34.7400,33.7700,33.9700,6473600
20160524,34.4900,35.3500,34.1100,34.7900,7877400
20160525,36.4400,36.6600,34.7700,35.0000,9777800
20160526,35.9000,37.0800,35.8500,36.8200,7525200
20160527,35.9000,35.9300,35.1000,35.5600,5381100
