20150529,114.6500,115.0100,114.0800,114.9500,2303500
20150601,115.0600,115.5100,114.1100,114.9900,1149900
20150602,115.6700,116.3000,114.2300,114.2300,949400
20150603,116.3600,116.5800,115.4900,115.9800,899000
20150604,114.0200,115.8200,113.9000,115.5800,860700
20150605,114.0100,114.4800,113.3300,113.5600,789300
20150608,113.6000,114.4600,113.5800,113.9900,660400
20150609,113.6600,114.3300,113.2300,113.9000,959200
20150610,115.6100,115.7900,114.0700,114.2300,810800
20150611,115.7100,116.2800,115.6000,115.9300,780500
20150612,114.2600,115.2800,114.1600,115.2800,687500
20150615,113.8800,114.1400,113.3500,114.0000,1023600
20150616,114.4500,114.6200,113.5400,113.8500,965800
20150617,115.0400,115.4400,114.0300,115.0000,1024800
20150618,117.2200,117.5400,115.3800,115.6300,1263900
20150619,117.1700,118.2700,117.0500,117.4600,2385300
20150622,117.7300,118.0900,117.2400,117.5400,997300
20150623,117.2200,117.9600,116.9000,117.9600,655300
20150624,116.2600,117.3800,116.2400,117.0200,683200
20150625,115.9600,116.9600,115.7000,116.2500,710500
20150626,115.7300,116.5500,115.5600,116.4500,771600
20150629,112.9300,115.2400,112.8900,114.8000,1197600
20150630,113.0700,114.0000,112.6500,113.6900,1608500
20150701,113.2000,114.0000,112.9500,113.6700,886300
20150702,112.8100,113.8500,112.1500,113.7800,816600
20150706,111.9000,113.0200,111.3100,111.6500,901600
20150707,112.1800,112.3800,110.4600,111.9000,945300
20150708,110.6200,111.5100,110.4000,111.3200,1190200
20150709,110.6100,112.2100,110.5800,112.2100,751200
20150710,112.2800,112.4500,111.4700,111.7700,543100
20150713,113.7300,113.8200,112.8800,113.2600,494200
20150714,114.7000,114.9100,113.1800,113.6100,856500
20150715,114.6000,115.4800,114.2000,114.7100,1110400
20150716,114.7000,115.2800,114.1700,115.0700,825100
20150717,112.7800,114.8600,112.0800,114.4700,1532300
20150720,112.7700,113.6100,112.3800,112.7100,1178800
20150721,112.5700,113.4200,111.8900,112.9900,941600
20150722,111.8500,112.8800,111.7700,112.4400,924200
20150723,111.2400,112.3300,111.1800,111.9500,879000
20150724,109.5300,111.2400,109.1400,111.2400,999200
20150727,108.3900,109.1000,107.7200,109.0000,1841900
20150728,113.7700,114.2800,108.2400,108.3800,2405000
20150729,115.3200,115.7800,113.0500,113.8800,1281400
20150730,116.1000,116.2500,115.2100,115.3400,893000
20150731,115.8100,116.9600,115.5600,116.5000,923000
20150803,115.2800,115.9800,114.6600,115.2500,1022500
20150804,115.3200,115.9700,114.9900,115.8900,685000
20150805,116.7500,117.6900,115.9300,116.7400,843100
20150806,116.3100,117.1800,115.9500,116.5400,743600
20150807,114.3600,116.5000,114.1400,116.1300,889100
20150810,116.5900,116.5900,114.7200,115.0500,774300
20150811,115.9300,116.1500,114.6700,115.3400,1129800
20150812,115.0400,115.8600,114.1900,115.3900,1180700
20150813,115.2800,115.8500,114.3300,115.2500,626500
20150814,116.4800,116.5500,115.0800,115.5000,697200
20150817,116.3500,116.6500,115.2900,116.1500,817500
20150818,115.9000,116.7000,115.5700,116.0200,577700
20150819,114.8600,115.7200,114.5400,115.1200,633400
20150820,112.6200,114.8500,112.5700,114.0800,1211900
20150821,109.9000,112.1700,109.7400,111.9200,1448900
20150824,105.3500,109.2800,103.0900,104.4700,2321900
20150825,104.5300,109.3900,104.3900,109.1300,2222800
20150826,106.4900,106.6800,104.2600,106.5700,1952700
20150827,109.9200,110.7400,107.8500,108.2400,1824100
20150828,110.4600,110.7600,109.2100,109.4800,988000
20150831,109.1400,110.3900,108.3800,109.4500,1033000
20150901,105.4200,107.6700,104.9400,106.7800,2168300
20150902,107.9800,108.1100,105.5300,106.7700,2889800
20150903,108.8300,109.3200,108.0800,108.7900,1101700
20150904,106.5400,107.9800,106.5000,107.1900,1429500
20150908,108.5900,108.6300,107.0900,108.3800,1386100
20150909,110.5200,112.0000,110.0000,110.3200,2552200
20150910,110.4400,111.4200,109.6900,110.1400,1620800
20150911,109.9900,110.2100,108.7800,109.3800,1095800
20150914,108.9200,110.3000,108.4700,110.0100,1231300
20150915,110.2100,110.8200,109.0200,109.5100,1489600
20150916,113.6000,113.7500,110.1300,110.1300,1600900
20150917,113.5400,115.3500,113.0400,113.4500,1597600
20150918,112.5500,113.0900,111.6800,112.3000,1898400
20150921,112.7300,113.8700,112.4900,113.0900,881600
20150922,110.8600,111.6900,110.0200,111.5000,984800
20150923,110.0400,111.0400,109.6500,111.0100,1073900
20150924,110.5400,111.0000,108.6900,109.0500,1417800
20150925,110.4600,111.6800,109.8100,111.4900,1417600
20150928,107.3200,110.1800,107.2800,109.5400,1454600
20150929,108.3600,108.7300,107.0300,107.7500,1674300
20150930,109.7200,110.0400,108.5800,109.3200,1696100
20151001,112.3300,112.4000,109.6400,110.2100,1800900
20151002,114.2000,114.2300,110.7000,110.8800,1507500
20151005,115.7400,115.7800,114.5100,114.9500,1526500
20151006,117.1900,117.5500,115.5500,115.7400,1964800
20151007,118.2700,118.3600,116.1300,117.5000,1764400
20151008,120.5300,120.7300,117.7200,118.1100,1650500
20151009,120.5400,120.7400,118.9600,119.0000,2142600
20151012,120.5700,120.8000,119.4100,120.1500,991900
20151013,120.1600,121.0600,119.1200,119.6300,1645200
20151014,121.3400,121.8900,119.9000,120.1300,1109300
20151015,121.5800,121.8700,120.2300,121.6000,902700
20151016,122.1000,122.3000,120.8400,122.1900,1077800
20151019,119.3800,120.9400,118.4300,120.6700,2008100
20151020,119.4300,120.0600,118.7800,119.1300,1113000
20151021,117.9000,120.0000,117.5300,119.9000,1260600
20151022,120.5500,120.7700,118.3400,118.8200,2349600
20151023,119.9900,121.6200,119.6700,121.2500,1407400
20151026,119.5800,120.8500,119.4100,120.2300,1182500
20151027,118.5300,119.4000,117.8100,119.0700,998500
20151028,119.5900,119.6900,118.2100,118.6500,1060200
20151029,119.9300,120.1800,119.0100,119.0300,945600
20151030,120.3500,120.9400,119.7200,119.8900,1920200
20151102,117.9900,120.3400,114.3800,116.1000,3627900
20151103,120.0400,122.4800,117.4100,118.0000,1984900
20151104,117.4900,120.7500,117.4100,120.5200,2174600
20151105,117.6400,118.5300,116.9700,117.2000,1293000
20151106,117.4000,117.9100,116.5400,116.9400,1537900
20151109,115.9600,117.6300,115.3600,117.2100,864300
20151110,116.3500,116.7500,114.5200,115.6500,1131300
20151111,117.4700,117.7300,115.8800,116.6100,729900
20151112,115.1500,116.8100,115.1300,116.4600,817300
20151113,116.4300,116.7600,114.3200,114.8300,968900
20151116,116.7000,116.9600,115.4700,116.2300,1047400
20151117,116.7500,117.9600,116.0800,116.6900,1053500
20151118,118.3200,118.4400,116.3200,116.7100,1000000
20151119,117.9100,118.4700,117.4300,118.0200,741300
20151120,118.1300,118.7600,117.8700,118.3700,984400
20151123,119.5200,120.7700,118.0700,118.0700,1661700
20151124,119.7200,120.4000,118.7900,119.4700,979000
20151125,119.0200,120.1600,118.9600,119.5000,1087100
20151127,118.9100,119.3500,118.0500,118.7800,389900
20151130,119.1600,119.3300,118.0800,119.1500,2955100
20151201,119.6700,119.7900,118.8200,119.5000,931000
20151202,118.6400,119.7800,118.4600,119.3300,858100
20151203,117.8900,119.4900,117.3800,118.9700,1223300
20151204,119.2300,119.4000,117.9000,118.2100,1417200
20151207,118.3600,119.4900,117.5500,118.6100,910000
20151208,116.3700,117.8700,116.3000,117.0600,1042300
20151209,116.9500,119.2800,116.4500,116.8400,1177900
20151210,115.9600,117.2900,115.6300,116.6900,938800
20151211,112.3900,114.2800,112.1900,114.1200,1378700
20151214,113.6400,113.9400,111.7700,112.1700,1361500
20151215,115.0700,115.2200,113.8500,114.5500,1221200
20151216,117.8900,118.0600,115.1600,115.6700,1289700
20151217,115.3000,118.4900,115.2500,118.0500,1056900
20151218,112.6200,115.1800,112.5800,115.1600,1754900
20151221,113.2200,113.9000,112.6000,113.3200,913400
20151222,114.4200,114.6900,113.1500,113.9800,719100
20151223,116.5000,116.6900,114.9400,115.4700,818300
20151224,115.7800,116.2800,115.5500,116.1900,331100
20151228,115.4700,115.5700,114.6800,115.3200,480900
20151229,116.3900,116.8100,115.7600,116.4000,669500
20151230,115.4300,116.4600,115.3700,116.1700,525300
20151231,114.3800,116.1400,114.3700,115.0400,965400
20160104,112.4900,113.1500,111.0000,112.9000,1769700
20160105,112.9000,113.6900,112.2900,112.5500,1222800
20160106,108.0700,110.8500,106.5500,109.8200,3837000
20160107,105.2700,107.8700,104.9400,105.9500,1963100
20160108,104.3500,105.7800,104.0800,105.4900,1297300
20160111,104.6200,105.1800,103.6100,104.6600,1498400
20160112,105.7200,106.2500,104.6100,105.8300,1349100
20160113,103.1300,106.7600,103.0200,106.6500,1399600
20160114,104.8200,105.4000,102.4800,103.4800,1485000
20160115,102.5800,103.9100,100.5900,103.3900,2042300
20160119,102.3700,104.0800,101.4900,104.0000,1426800
20160120,102.4400,103.5400,99.9900,100.8800,1738000
20160121,101.8500,102.7400,100.5900,102.1100,1627900
20160122,104.9900,106.8100,103.6100,103.8800,1555500
20160125,103.2600,104.8900,103.0800,104.4800,1206000
20160126,104.1300,104.1600,103.1200,103.4100,1148000
20160127,102.7800,104.7300,102.0600,103.4100,1146500
20160128,104.0000,105.2000,103.3800,104.0800,1030200
20160129,107.8700,107.9800,103.9900,104.7100,2133100
20160201,107.4200,107.6500,105.4800,106.5600,1109500
20160202,104.9300,106.5400,104.6900,106.5400,1330400
20160203,107.2800,107.9000,104.1500,106.9000,1546100
20160204,109.1700,109.6900,107.1300,107.4600,1382200
20160205,106.1700,108.8900,105.6700,108.8900,1353100
20160208,103.6200,105.7200,102.4400,105.0400,1654500
20160209,107.2000,107.7000,102.2100,102.9100,1792600
20160210,106.2100,109.6500,106.0700,107.6200,1239400
20160211,103.3000,104.6000,102.5500,104.0200,1449000
20160212,106.6300,106.9300,104.0400,104.9600,1201600
20160216,108.6500,108.8800,106.3800,108.2300,1243500
20160217,109.9600,110.5600,109.5600,110.0000,1353200
20160218,108.7600,110.0000,108.3400,109.7300,1000300
20160219,107.7700,108.3300,106.7700,108.3000,2189700
20160222,108.0900,109.4700,106.8500,109.2700,2274700
20160223,100.1400,104.1200,99.9900,103.6200,6287600
20160224,102.1300,102.3100,98.6200,99.4100,2945800
20160225,103.6800,103.6900,101.5900,102.5900,1250900
20160226,106.2800,106.5600,104.2200,104.4500,1816400
20160229,102.5500,106.8100,102.5500,105.9400,2055100
20160301,105.8600,106.1400,102.6900,103.5500,1789700
20160302,104.6800,105.7200,104.1000,105.2800,1385800
20160303,105.2400,105.4800,104.4600,104.7300,1164400
20160304,106.3300,107.1200,104.7900,105.7000,1235000
20160307,105.9600,106.6700,105.2700,105.7000,1148300
20160308,104.2800,105.4000,104.2100,104.9500,1362300
20160309,104.2200,105.3300,103.9200,104.7400,2218900
20160310,105.2600,106.2600,103.8800,104.8300,1639000
20160311,106.3600,106.8200,105.9500,106.0100,1000600
20160314,103.0400,104.2800,102.9200,104.2800,2158800
20160315,104.0500,104.1900,102.3800,102.7700,1359900
20160316,105.8700,106.4300,103.5300,103.9500,1166100
20160317,107.8400,108.0800,106.0300,106.0300,1762100
20160318,108.1400,109.4100,107.7400,108.2200,2377500
20160321,108.9800,109.6800,107.8300,108.1300,1342500
20160322,110.5600,111.8600,108.0400,108.0400,2041300
20160323,110.0000,110.9100,109.6100,110.2500,893800
20160324,110.5300,110.6000,109.0800,109.2700,1065700
20160328,110.6000,111.2300,109.5800,110.5300,1109600
20160329,111.4600,111.5500,109.7700,110.1200,877200
20160330,112.4200,113.2200,111.9200,112.0900,982100
20160331,111.5200,113.4000,111.0600,112.6200,1282800
20160401,112.4200,112.6700,109.8300,110.4700,1353400
20160404,112.0800,112.8200,111.6900,111.9700,1279100
20160405,111.3000,112.0300,110.9700,111.2600,654200
20160406,112.3600,112.4600,110.4700,111.2400,940200
20160407,110.7300,112.0700,110.4500,111.7300,1014300
20160408,111.6300,113.1600,111.2900,112.1000,732100
20160411,111.4700,112.7900,111.4500,112.0500,698200
20160412,112.5900,112.9400,111.5000,111.5100,880500
20160413,114.1300,114.2000,112.7200,113.0000,1506200
20160414,115.4700,115.9800,114.0800,114.4000,1340600
20160415,115.0100,115.6000,114.4300,115.6000,1550400
20160418,115.1800,115.2300,114.1400,114.5300,1063200
20160419,116.0400,116.1000,115.1900,115.6300,766000
20160420,115.5700,116.0000,114.8300,115.8000,1078200
20160421,115.2900,116.6600,115.1100,115.8400,817800
20160422,116.2400,116.6800,115.3200,115.5500,1044400
20160425,115.7300,116.3300,115.3900,115.9000,1067900
20160426,115.9600,116.3800,115.6000,116.2400,849400
20160427,116.6500,116.9000,115.5500,116.0100,863600
20160428,115.3000,115.7300,114.6900,115.3600,1783300
20160429,114.9800,115.3700,114.1100,114.8400,1326200
20160502,114.2700,115.1400,113.8600,114.4700,2031500
20160503,113.5900,116.8700,112.6900,116.8600,2649900
20160504,115.3100,115.6800,112.3000,112.7300,2033900
20160505,115.0400,115.9300,114.2200,115.3200,1236500
20160506,117.0500,117.3300,114.3300,114.9500,1425000
20160509,115.4700,116.6700,115.2600,116.5700,1075700
20160510,117.1100,117.1700,115.9300,116.0500,858400
20160511,116.5700,117.4900,116.5000,117.0500,1056400
20160512,117.1300,117.7500,116.6000,117.2900,944300
20160513,116.0200,117.3000,115.7100,117.1000,1082900
20160516,118.1600,118.3700,116.2300,116.2300,978000
20160517,117.0300,118.1700,116.8100,117.7000,1089300
20160518,116.0100,117.1400,115.4700,116.6500,1086900
20160519,116.1600,116.2700,114.9900,115.8600,911300
20160520,116.7200,117.5800,116.3900,116.8100,1726700
20160523,116.8500,117.1800,116.1900,116.7600,676700
20160524,118.5600,118.9400,115.0200,117.1500,987300
20160525,118.5200,119.5000,118.4300,118.9800,1119900
20160526,118.2000,119.0900,118.0400,118.8500,833600
20160527,118.3400,118.5900,117.8400,118.2000,875000
