20150529,76.7700,78.4700,76.4600,76.7400,1970500
20150601,76.6700,77.5300,75.9100,77.4300,1912300
20150602,76.9500,77.3600,75.8200,76.5200,1700400
20150603,78.2700,78.6800,76.9900,77.2400,1551000
20150604,77.7900,78.2300,76.9600,77.7700,1567700
20150605,77.2800,77.8100,76.8700,77.4900,1645000
20150608,77.8600,78.3900,77.5400,77.6500,1532300
20150609,77.8400,78.3000,77.4900,78.0000,1379500
20150610,78.5700,78.9500,78.2500,78.3700,1055400
20150611,77.9800,78.5100,77.7600,78.2400,761800
20150612,77.8200,78.0600,77.2800,77.8600,696300
20150615,77.6600,77.6900,76.2900,77.0800,999800
20150616,78.3300,78.4000,77.2600,77.6100,712100
20150617,78.9500,79.0000,78.0900,78.5200,1051500
20150618,80.3700,80.5900,79.0000,79.0900,1730300
20150619,80.4800,81.2500,80.2300,80.5100,2578500
20150622,83.0400,83.5200,81.6000,82.0500,2482700
20150623,83.0000,83.2300,82.7200,82.8900,1456000
20150624,82.3300,83.9000,82.1100,83.1000,1303600
20150625,83.1400,83.4400,82.4300,82.4400,1606000
20150626,83.7500,83.9000,83.0800,83.1400,3164600
20150629,82.6000,83.1400,82.2200,82.6600,2607200
20150630,81.8200,83.6800,81.2700,83.0900,2121100
20150701,81.0500,82.7900,80.7700,82.7900,1463900
20150702,80.1900,81.5000,79.6300,81.2100,1928600
20150706,78.4600,79.8500,78.2300,79.2300,1572100
20150707,78.3500,78.5400,76.0500,78.1700,2675400
20150708,75.8600,78.1200,75.7900,78.1200,1511000
20150709,76.3600,77.7800,76.3300,77.2300,1087000
20150710,77.1900,77.8600,76.8600,77.2500,1064300
20150713,77.8600,77.9600,77.1000,77.5500,1019900
20150714,79.2600,79.3200,77.3700,77.5000,1179700
20150715,79.2700,79.6600,78.6900,79.1200,1756200
20150716,79.6300,79.8600,78.4000,79.4300,1711200
20150717,78.1800,80.3900,77.7800,79.8600,1639600
20150720,76.8900,77.9400,76.7800,77.7900,1029600
20150721,76.5800,77.4400,76.4300,76.7500,1448200
20150722,75.7000,76.7600,75.5100,76.5000,1191100
20150723,74.5200,75.7300,73.0200,75.7300,2619700
20150724,73.5500,74.7900,73.0700,74.5200,1723600
20150727,72.1100,73.0500,71.6600,72.9100,2550900
20150728,77.0200,78.4500,73.7400,73.8800,4745700
20150729,78.0800,79.0500,76.9300,76.9300,1677600
20150730,78.5900,78.7500,77.4300,78.1800,1298800
20150731,78.4000,79.2000,78.0600,79.2000,1416000
20150803,77.5500,78.4900,77.0000,78.2400,1242500
20150804,77.8500,78.4800,77.6300,77.9300,1223200
20150805,77.1000,78.9900,77.0800,78.6500,899100
20150806,77.1300,77.5400,76.4600,77.2000,1146000
20150807,76.6700,77.4900,76.3900,76.9800,1048600
20150810,79.7600,79.8100,76.6900,77.2500,1098900
20150811,77.6300,78.4600,77.0700,78.2700,1504600
20150812,77.4900,77.7300,76.3000,76.8600,1400300
20150813,77.4400,77.4900,76.6900,77.2800,1206200
20150814,76.5000,77.4200,76.3100,77.1900,1047100
20150817,77.4100,77.5700,75.1300,76.1200,907000
20150818,76.9000,77.3000,76.3400,76.8000,802300
20150819,75.1000,76.1500,74.4600,76.0600,1255500
20150820,73.8900,75.5500,73.5500,74.7100,1682700
20150821,71.9800,73.9400,71.9700,73.5000,1222700
20150824,68.9100,71.7900,63.8500,69.3100,1591600
20150825,67.7700,71.3300,67.7500,71.2700,1913100
20150826,69.8700,70.2900,68.1200,69.3900,2516200
20150827,72.6300,73.1800,70.9500,71.2000,1789900
20150828,72.7100,73.5700,71.9900,71.9900,1391600
20150831,72.4600,73.0400,70.6700,72.2500,943400
20150901,70.0300,71.1600,69.3800,70.1500,1403000
20150902,70.3000,71.5900,69.1800,71.5700,1053400
20150903,71.2600,71.8000,70.5600,71.0900,1520200
20150904,69.5300,70.5400,69.3400,69.6600,1592900
20150908,71.3200,71.6800,70.3000,71.0100,1170100
20150909,70.4300,73.3200,70.3300,72.6500,1172600
20150910,70.1600,70.9600,69.6300,69.9400,880600
20150911,69.8800,70.0400,69.1000,69.6500,1133300
20150914,69.0900,69.8300,68.5100,69.8000,728100
20150915,70.1700,70.2500,69.0700,69.3300,937300
20150916,71.3400,71.5400,70.0100,70.0100,868800
20150917,70.7300,72.2100,70.5400,71.1300,868100
20150918,69.2500,70.1500,68.7000,69.2500,1528600
20150921,70.9200,71.1400,69.4500,69.6900,1137500
20150922,69.4600,69.8900,68.7100,69.5200,1161000
20150923,67.8100,69.9600,67.7000,69.6200,1037400
20150924,67.3500,67.6600,65.1000,66.9500,1867500
20150925,66.6000,68.3200,66.1500,67.8800,1637500
20150928,63.3000,66.1800,63.2400,65.9600,1944300
20150929,63.4300,64.2900,62.8400,63.5800,1477300
20150930,64.7200,65.6200,63.9100,64.1200,1558800
20151001,65.5000,65.7400,64.3500,65.1300,1263400
20151002,66.3300,66.4800,63.8400,64.6300,1665600
20151005,68.4100,68.7200,66.8100,67.0200,1083100
20151006,69.9800,70.1400,68.4300,68.6300,1559600
20151007,70.4600,71.4000,69.6200,70.2800,1716000
20151008,71.5000,71.8000,70.2900,70.4000,1020400
20151009,70.8200,72.1000,70.0000,72.0600,1288900
20151012,71.0100,71.2100,70.1200,70.9300,653100
20151013,70.8900,71.6200,69.7700,70.2300,996400
20151014,70.6100,71.1000,69.8100,70.0800,1434500
20151015,69.9300,71.1700,68.7500,70.7700,2304000
20151016,69.0200,70.7700,68.4400,70.2700,1731700
20151019,68.9900,69.1100,68.0000,68.5100,1232000
20151020,69.9400,71.0500,68.6600,68.9800,1227800
20151021,69.0200,70.9500,68.9200,70.3100,803900
20151022,71.3900,71.8200,69.9600,70.3300,1510100
20151023,72.8000,73.2000,71.4100,71.9400,1520000
20151026,71.6800,72.8000,71.6000,72.7300,789300
20151027,72.1700,72.3100,70.7400,71.1300,1682100
20151028,73.6800,73.7100,71.8900,72.1400,1098100
20151029,73.7100,73.8200,72.6100,73.1400,1471900
20151030,72.1700,72.8600,71.0200,72.7900,1869600
20151102,72.2000,72.7700,71.4700,72.1900,1202100
20151103,72.6900,73.2800,71.7200,72.0200,1369900
20151104,71.2900,73.2600,71.2100,72.9200,1347200
20151105,70.6600,71.3900,70.0000,71.1000,1322700
20151106,71.1000,71.3100,70.0000,70.2000,803000
20151109,69.2600,71.1100,68.9700,70.9600,1212900
20151110,68.6200,69.5700,67.8100,69.1100,1535700
20151111,67.4100,68.9500,66.8400,68.6400,1792600
20151112,67.4200,67.8500,66.0100,66.7400,1489300
20151113,68.6000,68.9400,67.0000,67.5900,1597700
20151116,69.6100,69.6800,68.4000,68.6000,1010000
20151117,69.6000,70.5700,69.0200,69.5200,1471000
20151118,71.6200,71.6900,69.6900,69.8500,1293900
20151119,70.9000,72.1300,70.5300,71.5000,986800
20151120,71.2200,71.6100,70.7800,71.0900,963800
20151123,71.3800,71.8400,71.0000,71.1400,765300
20151124,72.1700,72.3700,70.7500,71.1900,914400
20151125,70.9300,72.3000,70.7200,72.0300,974400
20151127,71.2600,71.6900,70.5100,70.7900,296800
20151130,72.6500,72.7200,71.2900,71.3000,1301800
20151201,72.5400,72.9500,70.5300,72.8100,1707700
20151202,71.7800,72.8800,71.3900,72.0000,1013500
20151203,71.1400,72.5100,70.9600,71.9100,1159200
20151204,73.3100,73.7200,71.1700,71.1800,1396000
20151207,70.9000,72.7500,70.3500,72.0600,1266300
20151208,68.9100,70.5400,68.7700,69.7200,1196900
20151209,70.8900,71.4000,68.4000,68.4000,1700200
20151210,69.4100,70.4400,69.2600,70.2900,999700
20151211,67.4700,69.1800,67.3400,68.1600,1483000
20151214,66.7000,67.6700,65.8800,67.0900,1591000
20151215,67.2200,67.9600,66.6100,67.5000,1322900
20151216,68.5200,68.5300,66.9500,67.5500,1056600
20151217,66.8000,68.4900,66.7600,68.3800,938100
20151218,66.5600,67.9000,66.1400,66.3700,1781400
20151221,66.7400,67.7300,66.3200,66.8400,961700
20151222,67.5000,68.1800,66.5200,66.9900,991200
20151223,69.2500,69.2900,67.4500,68.1600,982900
20151224,68.9100,69.4500,68.7900,69.1300,424500
20151228,68.2100,68.5500,67.7000,68.4000,500800
20151229,69.0700,69.3800,68.4900,68.7900,532500
20151230,67.8000,68.7100,67.6400,68.4200,704300
20151231,67.5100,68.2500,67.2800,67.4500,565000
20160104,66.6300,66.6600,65.1200,66.5000,1415500
20160105,67.1100,68.1100,66.1000,67.1300,1335200
20160106,65.8100,66.7200,65.1800,65.9300,1458900
20160107,64.7400,65.7600,63.9200,64.5300,1699100
20160108,63.6600,65.7300,63.4700,64.9700,1304600
20160111,62.2500,64.1800,61.7400,63.8800,1510800
20160112,63.0100,63.4800,61.4400,63.1000,1002400
20160113,62.7100,63.9900,62.3400,63.5800,1187400
20160114,63.9600,64.2400,62.1700,62.8900,1225100
20160115,61.7400,62.8800,60.7100,62.2500,1525200
20160119,61.1900,62.7400,60.3100,62.5900,1433000
20160120,60.7800,61.4300,58.8500,60.0500,1433800
20160121,61.2500,62.4900,60.0300,60.7000,1491100
20160122,62.5600,63.9800,62.0000,62.6900,1134800
20160125,60.7600,62.6200,60.6300,62.1300,1021000
20160126,62.6700,62.7300,60.6300,60.9100,1522200
20160127,61.9900,63.2300,61.4300,62.2200,1337400
20160128,63.0600,63.7800,62.4200,63.3400,1697400
20160129,61.2100,61.4300,56.0300,57.8600,5854600
20160201,60.4600,61.3800,58.5000,58.8200,2574700
20160202,58.7400,59.4600,58.1400,59.2000,1943700
20160203,61.3000,61.5400,58.0700,59.3600,1817600
20160204,61.3600,62.5100,61.0300,61.4300,2667600
20160205,60.3900,62.1000,60.0100,60.8200,1889300
20160208,58.7700,60.2700,58.1100,59.8200,2043400
20160209,58.4300,59.0900,57.0900,57.7400,2323500
20160210,58.6500,59.7800,57.9300,58.6200,1221700
20160211,58.4400,58.8400,57.0000,57.0900,1231300
20160212,60.6600,60.8200,58.0000,58.8700,1827500
20160216,62.3600,62.4000,60.6000,61.3800,1479200
20160217,63.8500,64.4000,63.0100,63.0700,1147200
20160218,63.4600,64.1600,62.5300,64.1000,926700
20160219,62.4000,63.1100,62.1900,63.0000,1115900
20160222,64.5200,64.5600,63.5200,63.5500,849100
20160223,62.9200,64.4900,62.7100,64.0400,838300
20160224,63.8600,63.9400,61.5300,62.1100,869800
20160225,64.5400,64.5600,63.0100,63.8600,1064800
20160226,65.1600,65.7700,64.6700,64.9800,1104800
20160229,64.1500,65.7700,64.1400,65.1500,1316000
20160301,66.4800,66.7200,64.7100,65.1600,1367000
20160302,67.3400,67.4300,65.8400,66.2800,1136100
20160303,68.4900,68.6000,67.1800,67.4400,1777700
20160304,69.6700,70.2200,68.1700,68.6800,1552800
20160307,70.3900,70.6400,69.2400,69.4200,1233400
20160308,68.8700,69.9900,68.7000,69.5600,1232400
20160309,70.3600,70.3900,68.9800,69.2800,1421600
20160310,69.3900,70.4700,68.4900,70.1600,1450200
20160311,71.4100,71.5400,69.4300,69.7100,1700100
20160314,70.1300,70.8300,69.6200,70.5500,1439600
20160315,69.7600,69.9200,68.4500,68.9600,951900
20160316,71.2900,71.4900,69.4300,69.5900,1134800
20160317,73.7200,73.9200,71.7300,71.9600,1702200
20160318,73.4900,74.9800,73.1400,74.2200,1931200
20160321,73.6100,73.8200,72.5600,73.7500,1019100
20160322,72.9300,73.4700,72.3700,73.1000,1186300
20160323,72.6300,73.1800,72.2800,72.6800,937100
20160324,72.8400,72.8500,70.8900,71.6500,1089500
20160328,72.8700,73.2900,72.2200,72.9600,669900
20160329,73.2500,73.5000,71.7000,72.3300,924900
20160330,73.2700,74.1300,73.2300,73.7100,758500
20160331,72.2300,73.1000,71.9900,73.0900,1682100
20160401,73.6600,73.8000,71.2900,71.9000,1556300
20160404,72.5000,73.4600,72.2600,73.3600,837500
20160405,72.1400,72.3600,71.5300,71.9800,760700
20160406,72.2600,72.4100,70.9400,72.1700,1215700
20160407,71.1900,72.0600,70.5400,71.6500,1351100
20160408,71.9500,72.6700,71.6300,71.9000,855200
20160411,72.1900,72.9300,71.9400,72.2400,666100
20160412,73.2400,73.6200,72.3300,72.5900,917800
20160413,74.3600,74.4100,73.4800,73.8900,933300
20160414,74.1600,74.9700,73.9500,74.3800,1153300
20160415,74.6400,74.9700,73.8800,74.2000,950400
20160418,74.7800,74.9500,73.6600,73.9000,1018400
20160419,76.7000,76.7800,75.3300,75.3300,2280900
20160420,76.9400,77.2700,75.7500,76.5100,1075700
20160421,76.0700,77.2000,75.8900,77.0300,853500
20160422,76.5400,77.1400,76.2500,76.5800,649100
20160425,75.9500,76.4500,75.2900,76.0900,735000
20160426,76.8900,77.0600,76.0900,76.3700,655300
20160427,77.6900,77.9100,76.6300,77.0300,1159200
20160428,78.2100,78.7900,76.7700,76.9900,2184900
20160429,76.3800,76.5300,74.0500,74.0900,2665200
20160502,77.0600,77.9700,75.3500,75.9700,2086700
20160503,76.1900,76.3900,75.7200,76.3000,1030100
20160504,75.9500,77.1300,75.2600,75.7000,1109200
20160505,75.2900,76.9400,75.2500,76.7200,793900
20160506,75.8700,76.1800,75.1400,75.1400,660300
20160509,74.7700,75.6000,74.5100,75.3800,782100
20160510,75.8200,75.9900,74.6800,74.9900,1129000
20160511,75.3800,76.1200,75.2800,75.8600,781700
20160512,74.8000,76.6000,74.6100,76.1300,1063600
20160513,72.7500,75.0500,72.6400,74.6700,1908100
20160516,73.8800,74.2800,73.0000,73.1200,918900
20160517,75.2100,75.9900,73.3100,73.7900,1734900
20160518,73.4400,74.8800,73.0300,74.5000,1072400
20160519,73.0200,73.8600,72.6100,73.0600,859000
20160520,73.2800,74.2400,73.0600,73.6200,725000
20160523,73.1700,73.7500,72.8700,73.1500,708600
20160524,73.2900,74.0700,73.1600,73.3600,658300
20160525,74.5000,74.7500,73.4500,73.6200,1121900
20160526,73.6700,75.0100,73.4200,74.6200,633800
20160527,73.7600,74.2700,73.3400,73.6300,614900
