20150529,74.3200,75.1700,74.1800,75.0200,2989400
20150601,75.0200,75.2800,73.9300,74.6400,1311200
20150602,73.7900,74.7900,73.4600,74.6900,1140000
20150603,71.9100,74.1700,71.6200,73.7900,2297400
20150604,71.8900,72.2500,71.4800,71.7200,1451800
20150605,71.4900,72.4200,70.7100,71.2000,2034000
20150608,71.1400,71.6900,70.9500,71.5400,2785300
20150609,70.7400,71.2900,70.4700,70.9800,1432900
20150610,70.8900,71.3300,70.0500,70.4000,1895500
20150611,71.5900,72.0600,71.3200,71.3400,1716200
20150612,71.5500,71.9600,71.3200,71.6200,1133000
20150615,71.5200,71.6400,70.9500,71.4100,1660900
20150616,72.6500,72.7900,71.2500,71.6100,2016100
20150617,73.6700,73.7600,72.0200,72.8000,1881400
20150618,74.7700,75.5100,73.5200,73.5200,2738300
20150619,74.0700,75.0200,74.0500,74.7600,2473600
20150622,72.9600,74.4000,72.8900,74.2600,1878800
20150623,71.8100,73.0000,71.5900,72.8900,2151100
20150624,71.3500,71.7400,71.1800,71.3400,1751900
20150625,70.6500,71.6600,70.6300,71.3700,1441600
20150626,71.2000,71.5800,70.1800,70.5000,1803600
20150629,70.1200,71.8000,70.0500,71.2600,1969800
20150630,70.1700,71.1200,69.9400,71.1200,1812400
20150701,71.6400,71.6500,70.0400,70.5000,1936900
20150702,72.5900,73.0300,71.8500,72.1700,2760000
20150706,72.9400,72.9500,72.2300,72.2300,1836700
20150707,74.0800,74.4300,73.1200,73.4200,2378400
20150708,74.0800,74.4200,73.9600,74.1200,1815500
20150709,74.1900,74.8600,74.0300,74.3400,1714200
20150710,74.6800,75.2700,74.3300,74.4300,1458900
20150713,74.4300,75.7200,73.9900,74.9600,1702900
20150714,74.8100,75.2600,74.2900,74.5500,1185000
20150715,74.7600,75.1600,74.3300,74.7800,1539400
20150716,75.0700,75.5100,74.7400,74.9700,1219700
20150717,74.7300,75.3600,74.2900,75.0000,1162500
20150720,75.2800,75.3700,74.4100,74.5100,1078000
20150721,74.7700,75.9200,74.7100,75.2200,1086000
20150722,75.3500,75.7100,74.9200,74.9300,850900
20150723,74.5300,75.4300,74.2300,75.2500,1451100
20150724,74.5800,74.7500,74.1900,74.4500,2369900
20150727,75.0500,75.4700,74.7400,74.7400,1499700
20150728,74.8900,77.0100,74.5900,75.3300,1231500
20150729,74.4500,75.0100,73.0800,74.8000,2176600
20150730,74.2900,75.0600,74.0500,74.1700,2296800
20150731,74.8100,75.9900,74.7000,74.9400,1642100
20150803,75.5200,75.7600,74.8900,75.0000,924400
20150804,74.5700,75.9500,74.4500,75.3100,1312700
20150805,74.5000,75.1100,74.0500,74.7500,1383200
20150806,74.7700,74.8000,73.3700,74.3200,1523000
20150807,75.2000,75.2000,73.9900,74.7100,911200
20150810,75.2800,75.7000,74.9200,75.4000,1139000
20150811,76.3700,76.6200,75.0200,75.2200,1527400
20150812,76.8500,76.8800,75.7000,76.8800,2119200
20150813,76.8000,77.5200,76.0200,76.5500,1109500
20150814,77.1400,77.1600,76.0200,76.6800,979700
20150817,77.5300,77.5800,76.6400,77.1300,1509600
20150818,77.7100,78.0000,77.2500,77.5100,1491700
20150819,76.4700,77.4700,76.0700,77.2500,2092700
20150820,75.9600,76.6700,75.6100,76.2000,1664100
20150821,74.3900,75.8500,74.3900,75.7700,2577700
20150824,70.5200,81.9800,61.9000,70.0000,2629200
20150825,68.9500,72.4000,68.8700,71.9900,2883000
20150826,71.2900,71.4800,68.8500,70.0800,2766400
20150827,73.1200,73.5800,71.4300,71.8900,1961600
20150828,72.9400,73.4700,72.3900,73.1200,1642900
20150831,71.2500,72.7500,71.1600,72.6800,3305000
20150901,69.4800,70.7000,68.9400,70.0500,1872600
20150902,70.1600,70.7100,69.5800,70.3800,1197900
20150903,70.4400,70.9200,70.2100,70.4900,1380800
20150904,69.1600,69.9300,68.4500,69.8000,1346200
20150908,70.2300,70.4700,69.3100,69.9500,1742900
20150909,69.3400,71.6000,69.2100,71.2100,1503100
20150910,69.5200,70.2600,68.9900,68.9900,1263300
20150911,70.9000,70.9100,69.1000,69.5100,2066600
20150914,70.5800,71.1200,70.2900,71.1200,887300
20150915,71.8200,71.8800,70.1900,70.9500,1258200
20150916,72.3600,72.5900,71.5600,71.8300,1449800
20150917,72.6100,73.9800,71.3800,71.9000,1439200
20150918,72.1100,73.4400,71.4100,71.4800,2933300
20150921,73.1400,73.3700,72.1000,72.2200,1366000
20150922,72.5200,72.9600,72.2100,72.6500,1536000
20150923,72.8600,73.2300,72.1100,72.5400,1430500
20150924,72.2700,73.1600,71.7200,72.5900,1864900
20150925,72.8700,73.3000,71.8800,72.4900,1644900
20150928,71.3300,72.6700,70.8800,72.5400,1800800
20150929,73.5500,73.7600,71.3500,71.4600,2044800
20150930,75.1200,75.3400,73.7700,74.0100,2850100
20151001,75.2700,75.5900,74.3800,75.5200,1378300
20151002,76.0800,76.0900,74.6200,75.0600,1156100
20151005,76.4200,76.5500,75.4200,76.2700,1522300
20151006,75.6700,76.7900,75.5100,76.3800,1620500
20151007,76.7200,76.7500,75.5100,75.8800,1652400
20151008,77.3500,77.4600,76.0600,76.9100,1228500
20151009,77.4900,77.5800,76.8100,77.1500,1071300
20151012,78.1300,78.3900,77.4600,77.7000,873400
20151013,77.2000,78.1700,76.8100,77.8400,1057600
20151014,76.3900,77.5000,76.2000,77.4200,1238700
20151015,78.2300,78.2600,76.5400,76.5400,1613400
20151016,78.7400,79.2100,78.4000,78.5500,1728300
20151019,80.1300,80.1800,78.4900,78.6900,1479700
20151020,79.5000,80.9700,79.0400,80.1000,1831000
20151021,79.4500,80.2500,79.3000,79.9100,1218500
20151022,79.7200,80.1300,79.0400,79.8600,1919000
20151023,79.4700,80.0000,78.7200,79.6400,1525300
20151026,80.9400,81.8200,79.6500,81.3300,2054800
20151027,79.6400,81.2500,79.3600,80.6000,2584400
20151028,78.9100,80.0600,77.2900,79.6900,2066100
20151029,78.1400,78.8700,77.6800,78.5000,3008100
20151030,77.3200,78.3900,77.0300,77.9700,2660800
20151102,80.1100,80.1100,77.0900,77.1600,2417300
20151103,79.4600,79.8700,78.6200,79.6600,2058300
20151104,79.1400,79.8000,78.7700,79.5700,1501900
20151105,79.1600,79.2100,78.2900,78.9700,1180600
20151106,76.9000,78.2800,76.1200,77.9700,1432900
20151109,76.2000,76.6700,75.3700,76.1300,1716100
20151110,77.5700,78.0900,76.3500,76.3500,1754100
20151111,78.3900,78.8800,77.5600,77.6500,1416500
20151112,77.7000,78.6500,77.6400,78.1000,1309000
20151113,77.2900,78.1900,77.2700,78.0600,1244200
20151116,78.2900,78.2900,77.0700,77.4000,1351700
20151117,78.6500,79.3000,78.1300,78.5800,949100
20151118,78.7300,78.9700,77.5400,78.8700,1458100
20151119,79.1300,79.8200,78.7600,78.9700,1153700
20151120,79.6400,79.9800,79.3600,79.5700,1633100
20151123,79.7900,80.4800,79.3000,79.9300,1448700
20151124,79.1200,79.5600,78.1500,79.1500,1448500
20151125,79.8600,80.2600,79.0400,79.2600,1151800
20151127,80.6500,81.0500,79.5000,79.6800,599700
20151130,79.8200,81.6000,79.4300,80.7500,3296900
20151201,81.1300,81.1600,80.0000,80.3000,1460100
20151202,79.9300,81.4900,79.7800,80.8300,1765100
20151203,77.6300,79.9600,77.4700,79.8800,1978300
20151204,79.6600,79.9500,78.1400,78.1600,1646100
20151207,79.1100,80.0000,78.8400,79.7400,1204700
20151208,78.6500,79.6800,78.5300,79.1000,1430000
20151209,77.5700,78.6800,77.1900,78.1200,1316400
20151210,77.2100,78.0000,76.9800,77.5500,2031400
20151211,77.5500,78.3000,76.6600,76.8200,2013500
20151214,78.1900,78.2800,77.0000,77.2900,1639400
20151215,79.3200,79.9400,78.5800,78.7700,1229800
20151216,80.8300,81.0900,79.4100,79.6700,1704100
20151217,80.5800,80.8900,80.1200,80.7100,2873900
20151218,79.9000,80.7500,79.8900,79.9300,3463600
20151221,80.0800,80.9300,79.6800,80.6700,1594900
20151222,80.0300,81.2600,79.7900,80.7000,1858400
20151223,80.7600,80.9000,79.6200,79.6500,1065600
20151224,80.8700,81.1900,80.1400,80.7900,505600
20151228,81.1900,81.2900,80.3400,80.6600,782000
20151229,81.9700,82.0000,81.1500,81.7200,1000000
20151230,81.8900,82.2500,81.5000,81.9700,1068400
20151231,81.5900,82.3900,81.5500,81.7600,1577200
20160104,79.9000,80.8700,79.2100,80.7900,1727900
20160105,81.5000,81.7600,80.0000,80.1500,1379100
20160106,80.7300,81.5000,80.3100,80.7600,1407100
20160107,80.4800,80.9500,79.5600,79.5600,1675600
20160108,78.8200,81.1300,78.6900,81.0600,1481200
20160111,79.7800,80.1500,78.8200,79.1500,1786200
20160112,79.9400,80.9600,79.5000,80.8600,2004100
20160113,79.1700,81.0700,79.0800,80.0900,1561000
20160114,78.5700,79.9300,78.4900,79.3300,2233600
20160115,78.5800,78.8100,76.6400,77.1400,2136000
20160119,79.1800,79.7200,78.3200,78.6700,1647400
20160120,76.4000,78.6700,75.4100,78.4300,2210600
20160121,76.4400,77.4200,76.0400,76.7800,1654200
20160122,77.7200,78.0500,76.7700,77.3700,1927000
20160125,78.2000,79.2000,77.1500,77.6100,1843100
20160126,79.7400,79.9000,78.1000,78.3500,1744300
20160127,78.2700,79.6500,77.6100,79.6500,1638300
20160128,75.7900,78.3800,75.6700,78.1200,2731900
20160129,77.0900,77.2300,74.9300,76.6300,3139600
20160201,76.7300,77.8000,75.7900,76.1900,2142600
20160202,75.6000,77.2200,74.7900,77.0000,2787600
20160203,75.6800,75.9200,73.4000,75.8000,3099900
20160204,76.2700,76.9300,74.4800,75.2700,2278200
20160205,73.5900,76.1500,73.3100,75.9400,2222800
20160208,72.2300,73.5900,70.9100,73.2800,2786900
20160209,71.3400,72.4400,71.2000,71.9500,2110500
20160210,71.7700,72.9500,71.4100,71.8600,1222400
20160211,70.7200,71.1300,69.8700,70.7100,2265600
20160212,71.2900,71.6700,70.6400,71.6700,1907700
20160216,72.1800,72.3100,71.1500,72.0300,1524600
20160217,72.4400,72.8800,72.1000,72.3300,2213000
20160218,72.9700,73.1900,71.8900,72.3200,1838800
20160219,73.1200,73.7400,72.4900,72.9500,1482500
20160222,74.2000,74.6200,73.6300,73.6800,1718700
20160223,73.8100,75.2300,73.5100,74.8600,1660500
20160224,73.2300,74.0600,72.1600,73.5000,1875900
20160225,74.5000,74.5500,73.5700,73.8700,2096400
20160226,74.5500,74.9000,73.5400,74.4900,3067300
20160229,74.4900,75.4100,74.2900,74.6600,3181500
20160301,68.6200,68.6700,66.6200,67.1600,3162900
20160302,70.0200,70.3500,68.5700,68.5700,2643300
20160303,70.9700,71.0000,69.7900,70.0300,2169400
20160304,71.4700,71.5200,70.4600,70.9700,2064500
20160307,71.6600,71.8300,70.6600,70.9900,1208800
20160308,70.9700,71.9300,70.8400,71.7100,2019900
20160309,71.6800,72.1100,70.8300,71.0000,1654100
20160310,71.0600,72.7200,70.7000,72.3900,2880200
20160311,72.9000,72.9800,70.7900,71.9700,2515200
20160314,72.5900,73.2000,72.1900,72.7100,1331800
20160315,72.6900,72.9000,72.0700,72.5100,1272700
20160316,73.3600,73.6000,72.1400,72.5100,1433100
20160317,74.4500,74.5600,73.1600,73.4900,1699900
20160318,74.2600,75.3900,74.2100,74.7000,3298400
20160321,73.0200,74.3300,72.8200,74.1600,2051200
20160322,72.7400,73.4100,72.3000,72.4700,1785100
20160323,72.5400,72.9300,72.3300,72.8200,1698200
20160324,72.4900,72.5500,71.7700,72.1900,1764900
20160328,73.7000,73.8700,72.5600,72.5600,1414400
20160329,75.2100,75.2200,73.6400,73.6400,1696000
20160330,74.8500,75.3000,74.4900,74.8200,1554000
20160331,75.0300,75.2700,74.4900,74.9600,2229400
20160401,75.1700,75.4300,74.4500,74.7100,1428800
20160404,74.6700,75.4900,74.2100,75.2600,1730000
20160405,74.0200,74.8200,73.9100,74.2900,1665300
20160406,74.5900,74.6400,73.7500,73.8900,1095700
20160407,73.9000,74.5600,73.6300,74.3300,1113200
20160408,73.9100,74.7100,73.7800,74.2200,1282300
20160411,72.2800,73.3300,72.2000,73.3300,2485200
20160412,72.3600,72.5100,71.8800,72.3600,2314300
20160413,70.5600,72.7500,70.4000,72.7400,3062800
20160414,69.3700,70.4300,68.9900,70.3000,2704200
20160415,70.8900,71.2800,69.0500,69.3500,2112000
20160418,71.2500,71.2700,70.3700,70.8900,2088900
20160419,71.7500,71.9500,71.1800,71.5100,1789900
20160420,70.1400,72.0000,69.9200,71.8200,1198200
20160421,69.8200,71.0700,69.5800,70.1400,1636000
20160422,70.6600,70.8800,69.9400,70.0000,1821800
20160425,71.2600,71.3600,70.1600,70.4700,1566100
20160426,70.5300,71.9400,70.0600,71.3700,2783600
20160427,68.7500,69.1000,66.8200,67.6800,3594600
20160428,68.9400,69.5200,67.8600,68.2900,2251100
20160429,68.0700,68.8900,67.4500,68.5100,2023100
20160502,69.1500,69.3500,68.1100,68.7200,1484500
20160503,69.2300,69.3000,68.7200,68.8900,1283100
20160504,70.4400,70.6600,68.5000,68.6100,2218600
20160505,70.7300,71.2300,70.0900,70.2900,1519000
20160506,71.1800,71.4300,69.9100,70.6800,1425900
20160509,71.8800,72.0700,71.1300,71.2600,1549000
20160510,72.3500,73.0500,71.4400,72.1000,2372100
20160511,69.8600,72.3400,69.7800,72.2700,2984100
20160512,69.8800,70.2300,69.0500,69.9600,1953600
20160513,69.2000,69.9100,69.0000,69.6800,1355200
20160516,69.7500,70.1800,69.0600,69.0600,1692300
20160517,68.1600,69.7100,67.9300,69.7100,1892800
20160518,67.7000,68.3900,66.9000,68.3800,3080900
20160519,66.8200,67.3100,66.5900,67.0300,1952500
20160520,67.4700,67.6100,66.8100,67.2200,1546900
20160523,67.5400,67.9500,67.1800,67.6300,1489900
20160524,67.9800,68.3500,67.6400,68.0800,2706200
20160525,68.8400,68.9300,67.5600,68.1900,2357000
20160526,68.7400,69.0900,68.3400,68.7800,1652000
20160527,68.7200,69.2700,68.3000,68.8100,1161600
