20150529,85.0700,86.5600,84.4900,86.0500,1608500
20150601,84.9400,85.2900,84.6100,85.0300,797900
20150602,85.0600,85.8000,84.1100,84.8800,1307900
20150603,85.0600,85.4500,83.8800,84.9400,1010800
20150604,83.9800,84.9900,83.8900,84.3900,811800
20150605,84.0500,85.5100,83.2700,83.3400,930300
20150608,84.0400,84.8600,83.2000,83.9800,957900
20150609,86.0700,87.3800,84.7800,84.7800,1307400
20150610,85.7800,87.2200,85.1600,87.0800,829700
20150611,85.2100,86.0000,84.9800,85.6900,1109600
20150612,84.3300,84.8500,84.0700,84.7100,563100
20150615,84.1700,84.6200,83.3900,83.8500,717200
20150616,84.6400,85.1500,83.8500,84.1800,634200
20150617,84.8400,85.9800,84.4900,85.3600,1296800
20150618,82.5500,85.6500,82.2000,85.0400,1692400
20150619,81.8200,82.7700,81.1800,82.0600,2261100
20150622,82.1800,82.9600,80.8600,82.1600,1417400
20150623,84.1400,84.3100,81.8600,82.1000,1506600
20150624,83.9400,85.0200,83.4600,84.2000,959500
20150625,83.0600,83.8900,82.6900,83.8900,1991900
20150626,81.9900,83.1200,81.8200,82.6700,4058100
20150629,81.2800,82.6200,81.0500,81.2300,1323500
20150630,81.3400,82.5500,81.0600,81.9500,847700
20150701,80.2100,81.6700,79.7100,81.3700,1171300
20150702,80.1600,81.1800,80.0500,80.3800,959500
20150706,78.0900,79.6700,77.9300,79.1600,1370600
20150707,78.4900,78.8200,76.7500,78.3900,1937700
20150708,77.1600,78.8300,76.9300,78.3600,1568900
20150709,77.5400,79.4400,77.4900,78.5300,1633000
20150710,76.5500,78.4700,76.4400,77.8300,1346200
20150713,77.6300,77.7800,76.5000,76.8600,1881200
20150714,78.6200,78.7600,77.4500,77.5800,827700
20150715,76.3300,78.9000,76.0900,78.3200,1498300
20150716,76.7200,77.1900,76.1800,76.8800,1447000
20150717,75.2400,76.7700,75.0500,76.3800,1319100
20150720,72.8700,75.2500,72.7300,74.8600,1691000
20150721,73.5000,73.8500,73.0400,73.5000,1271200
20150722,72.3600,74.1900,72.3000,72.8000,1853900
20150723,76.2700,76.9900,71.3500,71.3500,4084700
20150724,74.2800,76.4100,73.3700,75.2400,3033700
20150727,75.7500,77.7800,72.5600,73.4200,3113100
20150728,77.7000,78.5900,75.1400,76.2500,2246300
20150729,77.7600,78.7600,76.7500,77.5400,1607700
20150730,77.4200,78.0000,76.3900,77.3100,1471700
20150731,76.8500,78.2400,76.7100,76.8400,1183000
20150803,74.9300,76.7700,74.7500,75.9400,1879300
20150804,74.6900,75.6000,74.0700,75.5400,1500400
20150805,74.4400,76.8500,74.3000,75.7300,1374800
20150806,75.8100,76.3900,73.1200,73.8400,1447300
20150807,74.2800,76.5100,74.0000,75.4000,1275900
20150810,76.6900,76.8100,74.5800,74.8100,922300
20150811,76.1100,76.5000,73.4800,74.8900,1220400
20150812,78.6800,78.7300,75.3900,76.0500,1258300
20150813,78.3600,79.2100,76.9400,77.8800,1122300
20150814,78.2400,79.4200,77.8000,78.3200,830800
20150817,78.4700,78.8700,76.7200,77.3500,626000
20150818,77.6400,78.9000,76.9300,77.7200,933500
20150819,75.4200,77.3700,74.4900,76.8700,1066500
20150820,74.2100,76.0200,74.2100,75.3100,905100
20150821,74.2500,75.6600,73.2000,73.9700,1310900
20150824,70.9300,74.6500,70.2400,70.5500,1858600
20150825,71.1800,74.2400,71.1700,73.9000,1528100
20150826,74.3400,74.4000,71.3900,72.8600,1498400
20150827,76.9500,77.8000,75.1400,75.7800,2588300
20150828,77.7100,79.1600,76.1100,76.6100,1537300
20150831,77.8200,78.5700,75.7700,77.1200,1245900
20150901,75.4600,77.5100,75.0000,75.2400,1885300
20150902,75.3900,77.4200,73.9000,76.2900,1179400
20150903,75.0700,77.2500,74.3000,75.7200,1492700
20150904,73.1600,74.6400,73.0400,74.4500,1437400
20150908,74.8200,74.9900,73.0700,73.8500,1104000
20150909,72.9000,76.4700,72.7700,75.1500,993000
20150910,73.0000,73.8000,71.7000,72.7300,1631200
20150911,72.5900,72.8700,71.5000,71.9600,1543700
20150914,71.9800,72.5800,71.4400,72.3600,1176600
20150915,73.1100,73.2500,72.0700,72.3800,1102900
20150916,74.5400,74.6500,73.1100,73.2300,1084900
20150917,74.6400,76.1300,74.0300,74.6200,1335000
20150918,73.7400,74.0500,72.9400,73.3400,1858300
20150921,73.7900,74.7900,73.3400,74.1500,867800
20150922,72.8600,74.1900,72.4000,72.7700,1048800
20150923,72.1000,73.4900,71.7100,73.2200,1014600
20150924,70.9100,72.2800,70.7700,71.6000,2327800
20150925,70.0100,71.7600,69.5300,71.4500,1536700
20150928,67.1600,69.8400,66.8900,69.4100,1881600
20150929,65.0600,68.1600,64.8700,67.2900,2478600
20150930,64.7700,65.7800,63.0900,65.7300,3859600
20151001,64.7300,67.1000,64.2200,66.2000,1672300
20151002,68.3500,68.3800,64.1700,64.1800,1610200
20151005,71.1300,71.1800,68.6000,69.1000,2041600
20151006,72.1300,73.8300,70.9600,71.3000,2514900
20151007,73.1700,74.5400,72.0300,74.3800,1530300
20151008,75.0200,75.3200,73.2200,73.3500,1309000
20151009,74.4900,75.6400,73.6900,75.2500,1426200
20151012,74.3800,74.5000,73.2600,74.4700,1203900
20151013,73.6500,74.8800,72.6600,73.7500,1237500
20151014,74.6100,74.9400,73.2100,73.5900,764200
20151015,76.5000,76.5100,73.5300,74.6300,1013000
20151016,76.4400,77.5800,75.7700,76.8000,1110200
20151019,75.1500,76.3600,74.9000,76.0000,1273400
20151020,75.8100,77.1300,73.9600,75.0700,1072000
20151021,74.2800,75.9600,74.1000,75.6700,1813000
20151022,68.3200,74.0800,68.1000,74.0800,3859000
20151023,69.4400,70.9900,67.7900,68.7500,3675700
20151026,67.2100,70.3400,67.1200,70.0500,2246100
20151027,64.0100,66.2100,63.9400,66.1500,4462300
20151028,64.0300,65.2100,63.1200,64.0500,3411500
20151029,66.5400,66.8300,63.9700,64.0900,1853800
20151030,66.0700,66.7000,64.7000,66.2600,2115900
20151102,66.2800,67.3900,65.5700,65.6600,1426400
20151103,65.4600,66.5900,64.6900,66.4600,2389400
20151104,66.7000,67.3100,65.1000,65.6100,2117600
20151105,67.4900,68.9100,65.6700,66.3600,1775400
20151106,67.2400,67.8700,66.3100,66.9800,1178600
20151109,66.7000,68.0000,66.0000,67.0100,1298200
20151110,66.7000,67.8200,66.3400,66.4900,1573800
20151111,63.6300,66.6900,63.3100,66.5400,1232700
20151112,62.3100,63.6300,62.0600,62.2600,1265100
20151113,62.3000,63.1900,61.3400,62.1900,992800
20151116,63.4900,63.7400,62.0100,62.4800,1461000
20151117,60.9300,64.3700,60.7300,63.0200,2144400
20151118,60.6600,61.9900,59.2400,61.3300,2291200
20151119,59.5600,61.0700,59.1000,60.1300,1052200
20151120,58.8100,60.4900,58.4100,59.4600,1379600
20151123,59.0000,59.9300,58.3900,58.8200,1432500
20151124,59.5200,59.7300,57.2600,58.8700,1797200
20151125,58.1900,58.8500,57.9600,58.8000,1365700
20151127,57.4100,58.1700,57.1600,57.7300,503900
20151130,57.2200,58.2900,56.9300,57.7200,1508800
20151201,57.3500,58.1100,56.8300,57.0900,1617200
20151202,54.4400,56.8600,54.2600,56.7500,2025800
20151203,53.7100,55.4400,53.3500,54.6500,1489400
20151204,54.6200,54.9800,52.4500,52.9000,2046600
20151207,53.0800,53.4800,51.8100,53.2300,2175100
20151208,52.3800,53.3300,51.7400,52.2900,3509800
20151209,51.7500,55.4600,49.9400,55.4600,4377800
20151210,52.3300,53.1800,51.1200,51.5800,2723000
20151211,50.2100,51.9800,49.4700,51.3800,2567200
20151214,48.0700,50.1500,47.9400,49.6700,2524000
20151215,48.3000,49.1800,47.3200,48.5000,3438100
20151216,48.2100,48.7400,47.2300,48.5600,2700500
20151217,47.7500,48.4700,47.1000,48.1200,2693800
20151218,48.9200,49.5500,47.6300,47.7800,3455600
20151221,49.5600,49.6500,48.1000,49.1200,2307300
20151222,48.6900,50.1200,48.5700,49.4500,2192800
20151223,51.8900,51.9500,49.5700,49.8000,1773900
20151224,51.9400,52.6000,51.6000,51.8800,904600
20151228,52.0400,52.2300,50.7500,51.6600,1774000
20151229,52.9800,53.6700,52.5700,53.2300,1935800
20151230,51.4100,52.9500,51.1600,52.0500,1431400
20151231,52.1300,52.3800,51.0700,51.4200,1219700
20160104,53.1500,53.3300,51.7300,51.7500,2262800
20160105,52.6000,53.6800,52.2200,53.5000,1492800
20160106,49.5300,50.9700,49.3200,50.9700,2056100
20160107,51.8700,52.1000,48.3000,48.7500,2818400
20160108,54.4500,55.1800,52.1500,52.1500,3321200
20160111,52.5500,54.6900,51.7400,54.2200,4065900
20160112,51.0600,53.4300,49.5600,52.6800,2875300
20160113,51.1600,52.8400,50.1600,51.5300,2737500
20160114,52.0400,52.5500,50.7600,51.5600,2401700
20160115,52.5000,52.8000,49.8700,50.4200,1911800
20160119,53.2800,53.8000,51.6300,52.9600,2238900
20160120,55.4500,56.2100,51.3900,52.1800,2841500
20160121,55.6500,58.0600,54.5500,55.6100,4510700
20160122,58.0400,58.8100,56.5000,57.3900,3849000
20160125,56.2800,58.2700,56.2400,56.6100,2412800
20160126,61.2600,61.4600,57.6000,58.6000,2458000
20160127,59.9700,62.2800,59.1900,61.2400,2119100
20160128,59.9500,62.8200,58.7600,62.4100,2136200
20160129,61.7400,61.7900,60.0800,60.8900,2241300
20160201,59.8800,61.4100,58.8000,61.4100,3564600
20160202,58.1100,59.0300,56.9400,58.0100,3206900
20160203,60.9100,61.1600,57.3800,59.7300,3115900
20160204,59.7600,62.4700,58.3500,61.4800,4907300
20160205,59.7800,61.3900,58.2400,59.4900,2419300
20160208,59.7700,60.0900,58.2200,58.8800,2597600
20160209,56.9700,59.3200,55.7500,58.6200,2289100
20160210,58.7800,59.0200,55.7400,56.6800,1944700
20160211,57.1300,58.6700,55.3500,57.8600,1677500
20160212,59.1100,59.2500,56.8400,58.0600,1117000
20160216,60.3200,60.4500,58.7000,60.1100,1866000
20160217,62.4000,62.5000,59.7500,60.9500,1836000
20160218,60.9200,62.5700,59.3500,62.2600,1287400
20160219,58.8900,59.5000,58.5000,59.2500,8707700
20160222,60.2300,60.5500,59.1400,59.6400,2955700
20160223,55.5000,60.2000,55.4700,60.0600,3650800
20160224,57.1600,57.3500,54.2200,54.5200,2285700
20160225,56.1800,57.1900,54.8300,56.6800,2093000
20160226,56.7800,57.3600,55.7000,57.0000,1756000
20160229,55.7400,57.3400,54.7800,57.3100,2878200
20160301,57.8200,58.0100,54.3800,56.5700,2054900
20160302,58.9500,59.0000,57.0000,57.1500,1807000
20160303,59.6800,60.3600,57.9600,58.8400,2545200
20160304,56.3400,60.8400,56.3200,59.8900,5739400
20160307,61.4600,61.6200,56.3800,56.3800,4405200
20160308,57.9600,60.8600,57.7200,60.8600,2514500
20160309,57.9000,59.9300,57.4400,59.2400,1617800
20160310,59.9900,60.2000,56.7800,58.1100,1855800
20160311,61.2100,61.4200,59.8300,60.7700,1626800
20160314,60.7000,61.9000,59.9900,60.1800,1377300
20160315,62.5800,62.6400,59.2900,59.9000,1242100
20160316,64.7200,65.3300,62.6100,62.7600,2207900
20160317,64.5600,66.0600,63.2800,65.5300,1177600
20160318,65.7400,66.5100,64.7800,65.1800,2607100
20160321,63.3300,65.6400,62.6600,65.2300,1406400
20160322,63.7300,64.3100,62.7800,62.9100,1002200
20160323,63.0500,64.2800,62.8800,63.5500,1113400
20160324,64.5600,65.0600,61.5100,61.8200,1887500
20160328,65.3300,65.4100,63.5900,64.4800,1500900
20160329,66.4700,66.5300,63.8600,64.3600,2000900
20160330,66.3300,68.2600,65.6500,67.1700,1506800
20160331,67.2600,67.4200,65.7900,66.3200,1354000
20160401,66.7400,67.1200,65.6500,66.0600,1268300
20160404,66.1300,67.9000,65.7500,67.1100,1145100
20160405,64.4300,65.9900,64.1600,65.8000,1463800
20160406,64.4500,65.4600,63.4800,64.7900,1649600
20160407,65.1300,66.0000,63.9100,64.2600,1838500
20160408,67.1800,67.1900,65.9300,66.0600,1381200
20160411,65.3100,67.6900,64.9400,67.5800,1449200
20160412,69.0000,69.6100,65.4900,65.8800,1346100
20160413,68.1800,68.9800,66.5100,68.9800,1697900
20160414,67.0500,68.4300,65.7800,68.1000,1385300
20160415,66.3700,67.3800,66.0300,66.2600,1017000
20160418,67.5700,67.7000,64.3200,64.6700,805200
20160419,68.8000,69.3500,67.8200,68.0600,1088200
20160420,68.4100,69.0900,67.5700,68.2100,1025600
20160421,66.8900,68.8300,66.4000,68.6100,1304800
20160422,68.4700,68.7300,66.5000,67.3200,1026600
20160425,68.4500,68.5100,67.1100,68.1600,1073900
20160426,69.3100,69.8400,68.1100,68.8200,1707500
20160427,72.4400,72.5200,69.5300,69.9800,2518300
20160428,70.0600,73.1900,69.0900,71.2800,3184100
20160429,70.1000,71.2700,68.4100,70.3900,1960900
20160502,69.2100,69.8300,68.4000,69.6200,1834200
20160503,68.0300,68.6300,66.6600,68.0000,15006300
20160504,68.1900,70.1200,68.0200,68.4400,2871500
20160505,69.5600,70.4600,68.8100,69.5100,1789900
20160506,69.5300,71.8000,68.8100,69.4500,1544700
20160509,69.6900,69.9200,67.8400,69.3000,1371800
20160510,71.1800,71.3000,69.6600,70.4500,1313900
20160511,70.2400,71.1800,69.7700,70.4500,1397100
20160512,70.6400,72.3100,69.8600,70.9800,1224400
20160513,70.0400,71.0900,69.8000,70.2000,983200
20160516,69.8500,71.3000,69.6500,70.6900,1398300
20160517,71.9600,72.0800,69.6700,70.0900,1985300
20160518,70.2900,72.3100,69.8600,71.6500,1329000
20160519,69.3200,69.7400,68.2900,69.5700,1130700
20160520,69.4500,69.9800,68.3900,69.9600,1369900
20160523,69.1700,69.6700,68.4600,69.0300,1825600
20160524,70.2400,70.4700,68.7500,69.6200,1647400
20160525,71.5100,71.6000,70.6300,70.9700,1162800
20160526,73.1200,73.7200,71.5000,71.6400,2751100
20160527,73.1600,73.5000,72.3500,73.1000,1303400
