20150529,71.5900,73.0000,71.3700,72.8100,2497300
20150601,71.5800,72.0700,71.2800,71.7900,1613200
20150602,72.3500,72.7300,71.4900,71.5300,1759600
20150603,72.8700,73.2800,72.1300,72.7100,1776500
20150604,72.0400,72.4900,71.6600,72.4500,2222700
20150605,71.7500,72.0900,71.4600,71.9200,1854500
20150608,71.6600,72.0900,71.4900,71.6700,1575500
20150609,71.4900,72.1100,71.4000,71.6600,1292300
20150610,72.5400,72.6800,71.9400,72.0300,1717800
20150611,72.5700,72.9900,72.1700,72.8800,1315900
20150612,71.8800,72.4800,71.5200,72.3100,1746600
20150615,70.8900,71.3300,70.5300,71.3300,1781200
20150616,70.4400,70.8200,69.9600,70.6200,2344700
20150617,70.3800,70.6900,69.8900,70.6300,2082800
20150618,71.0500,71.3100,70.4800,70.5500,1825000
20150619,70.2000,70.8800,70.1700,70.8800,3127200
20150622,70.2000,70.7600,70.0700,70.6100,1863300
20150623,70.3000,70.4200,70.0000,70.0800,1936200
20150624,69.5900,70.2300,69.4800,70.0500,2142300
20150625,68.5400,69.8300,68.4500,69.6700,2238800
20150626,68.2800,68.8000,68.1000,68.7400,2348700
20150629,66.9300,68.0900,66.8600,67.7500,2255800
20150630,67.4900,68.1400,67.1100,67.8300,3044900
20150701,67.6400,68.1300,67.3900,67.9800,2151400
20150702,67.4100,68.2300,67.3500,67.7600,1971100
20150706,66.7400,67.4500,66.3500,66.6600,1868900
20150707,66.9100,66.9600,65.2700,66.9200,3143500
20150708,65.4100,66.5100,65.2100,66.4100,2037000
20150709,65.3900,67.7200,65.3900,66.2200,2297200
20150710,65.7700,66.3800,65.4300,66.2500,1570200
20150713,66.4100,66.4800,65.9500,66.2800,1795500
20150714,66.4300,66.6100,66.0400,66.2600,1712100
20150715,65.7400,66.3600,65.4200,66.3000,2299900
20150716,65.9800,66.4000,65.6000,66.3300,2103200
20150717,65.1100,65.9700,64.9100,65.6600,2177700
20150720,65.2500,65.5100,64.9500,65.0400,1659400
20150721,64.0100,65.1400,63.9100,64.9800,3462000
20150722,63.4800,64.2000,63.3700,63.7900,2166300
20150723,62.9900,63.8100,62.8700,63.4100,3664900
20150724,61.1500,63.0300,60.4800,63.0000,7003600
20150727,60.5700,61.2300,60.3400,60.8500,3084900
20150728,61.4900,61.8000,60.6900,61.0700,3041200
20150729,61.8000,62.5200,59.5000,60.0500,7330800
20150730,61.0800,61.2800,60.1200,60.6400,3394500
20150731,60.5800,61.3100,60.5100,61.3100,3295200
20150803,60.2600,60.5800,59.8400,60.4500,2767700
20150804,59.5800,60.7100,59.4900,60.4300,3022200
20150805,59.6200,60.6000,59.5000,60.1100,3420200
20150806,59.9800,60.4200,59.5000,59.8800,2527800
20150807,59.8500,60.2900,59.5500,59.8300,2371400
20150810,61.3900,61.4000,60.1500,60.2600,2425200
20150811,60.1100,60.6500,59.7700,60.6500,2668100
20150812,60.3000,60.4100,59.4300,59.7800,2934100
20150813,59.9400,60.5900,59.7000,59.9800,1719000
20150814,59.9600,60.2600,59.6000,59.6000,2079800
20150817,60.3300,60.4300,59.2600,59.6600,1375400
20150818,59.8200,60.2300,59.7400,60.0700,2128100
20150819,58.6500,59.6100,58.2100,59.3600,3259600
20150820,58.1200,58.6100,58.0000,58.2900,3600400
20150821,56.6900,58.0000,56.6900,57.6300,4869200
20150824,54.3200,55.6300,49.2100,51.7700,6020200
20150825,52.7100,56.3900,52.6700,56.3900,4600300
20150826,54.5700,54.7800,53.1400,54.0100,4609700
20150827,56.6300,56.7400,55.0100,55.2500,4180500
20150828,57.0500,57.4500,56.1700,56.3500,2974500
20150831,57.0600,57.5400,56.1300,56.7000,2835300
20150901,54.9000,56.3200,54.6100,55.7500,3634400
20150902,55.5700,55.7900,54.5400,55.7800,2915000
20150903,55.2900,56.0200,55.0400,55.3300,3216700
20150904,55.0500,55.3100,54.1300,54.4900,3367000
20150908,56.6800,56.8100,55.7600,55.9800,2952000
20150909,55.9900,57.6300,55.8700,57.3400,2676000
20150910,55.8600,56.5200,55.4600,56.1300,2396000
20150911,55.7200,56.1600,55.3400,55.9100,1762200
20150914,54.6800,55.7400,54.5500,55.6400,4092800
20150915,55.7400,55.8200,54.5500,54.7100,3461500
20150916,56.5400,56.6500,55.5300,55.7900,2364100
20150917,55.0500,56.4200,54.9100,56.2300,4300800
20150918,52.9300,54.4400,52.5100,54.3000,6767400
20150921,53.2600,53.4900,52.6900,53.0300,3546500
20150922,53.0000,53.0100,52.1500,52.4500,3802500
20150923,52.3600,53.1800,52.2100,53.0600,3649900
20150924,52.1900,52.3300,50.8600,51.7300,6620200
20150925,51.9200,52.5600,51.6200,52.4000,6819500
20150928,50.0500,51.6800,49.9300,51.4800,6838000
20150929,50.6600,50.8500,49.9300,50.2200,3104200
20150930,51.3000,51.5700,50.7500,51.2900,3120500
20151001,50.5800,51.6700,50.2700,51.4400,2934800
20151002,51.4000,51.4100,49.4600,49.7800,5100800
20151005,52.7600,53.3000,51.5000,51.5700,3842700
20151006,52.5800,53.3300,52.2200,52.9000,5230100
20151007,54.1100,54.7300,52.8800,53.2500,5431700
20151008,55.3000,55.4800,53.9000,54.0100,3902400
20151009,54.8200,55.6500,54.5500,54.8000,3168300
20151012,54.1400,55.0000,53.9600,54.8600,2491900
20151013,53.5000,54.1100,53.4500,53.8300,2498600
20151014,52.7500,53.5000,52.5800,53.4000,2935700
20151015,52.1000,52.6100,51.4100,52.4600,4716000
20151016,51.1500,52.0700,50.6800,52.0700,6693500
20151019,51.2700,51.3200,50.6100,50.7500,4398200
20151020,52.3700,53.0800,50.8800,51.0400,7151800
20151021,52.5200,53.3000,52.4000,52.8400,3576500
20151022,54.3500,54.9600,52.7200,52.7300,4617100
20151023,54.3100,55.3400,54.0000,54.6400,3169000
20151026,53.7800,54.6800,53.6900,54.4900,2820300
20151027,52.7500,53.3100,51.8900,53.3100,3036400
20151028,54.0800,54.2300,52.8700,52.8800,3409500
20151029,54.3100,54.4500,53.6800,53.6800,3574600
20151030,55.9100,56.4900,54.0000,54.3100,7023400
20151102,56.7200,56.9700,55.1900,55.4900,4576100
20151103,56.7400,57.4600,56.4000,56.5000,4003100
20151104,56.7400,57.8100,56.6600,57.0100,3962800
20151105,57.1100,57.4100,55.9600,56.1300,6716200
20151106,57.2200,57.4000,56.4600,56.7000,5281400
20151109,56.3600,57.2900,56.0400,57.2300,3952200
20151110,56.2300,56.4400,55.5400,55.8300,3707700
20151111,55.5200,56.1000,55.4000,55.8000,4158300
20151112,54.1900,55.2100,54.0800,54.9200,5806300
20151113,54.1100,54.7700,53.9900,54.0800,3638400
20151116,55.4100,55.4200,54.0400,54.1000,2748500
20151117,55.4400,55.8800,55.0300,55.6000,2918700
20151118,56.8800,56.9500,55.0400,55.0400,3028300
20151119,56.7700,56.9800,56.1500,56.9700,4470700
20151120,57.5900,57.6800,56.9300,57.0300,4810000
20151123,57.2200,57.7800,57.1900,57.4500,3386100
20151124,57.6900,57.7700,56.5500,57.0000,3163800
20151125,57.9500,58.1800,57.4400,57.6100,3167800
20151127,58.1000,58.1800,57.6000,57.8700,1049200
20151130,58.1600,58.5900,57.9800,58.2000,3267100
20151201,58.4500,58.5800,58.0100,58.3500,3122400
20151202,57.1300,58.4700,56.9600,58.1000,3042300
20151203,55.6200,57.2200,55.1500,57.0900,5184900
20151204,56.0500,56.2400,55.5200,55.7400,3245100
20151207,54.7100,55.8800,54.6000,55.8500,3529000
20151208,53.0000,54.2100,52.8200,54.0000,5690100
20151209,52.6700,53.7000,52.4700,52.8600,3593100
20151210,52.1400,53.0500,52.0200,52.6400,4156400
20151211,50.8700,51.8600,50.6600,51.4200,5868400
20151214,50.3800,51.0800,49.9800,50.7100,4220700
20151215,50.5800,50.9000,49.9300,50.6200,3639200
20151216,51.9900,52.1900,50.9700,51.3000,4287000
20151217,50.1300,52.1700,50.1100,51.9300,4476100
20151218,49.7400,50.5100,49.6500,50.1000,8579300
20151221,50.7100,50.9000,50.1000,50.2600,5618900
20151222,51.8100,52.3400,50.8700,51.0000,6196200
20151223,53.2800,53.5000,52.2800,52.3600,3577800
20151224,53.2500,53.5000,53.0100,53.2000,985900
20151228,52.5900,53.2100,52.2500,53.1000,1913400
20151229,53.0800,53.4600,52.7100,53.0300,2587300
20151230,52.5900,53.3000,52.5100,52.8900,1842700
20151231,52.0400,52.7900,52.0200,52.4100,2164400
20160104,52.2200,52.2600,50.7800,52.0400,3840100
20160105,51.8500,52.3400,51.2600,52.2200,2102300
20160106,50.9200,51.2900,50.3600,50.8200,2873000
20160107,49.7300,50.2600,49.3800,49.9500,4586600
20160108,49.1700,50.4100,49.0600,50.0500,3448200
20160111,49.1500,49.8100,48.5800,49.6400,3176000
20160112,49.9500,50.0900,48.8500,49.7300,3416100
20160113,48.4300,50.5900,48.3500,50.1100,3562300
20160114,48.3200,48.7100,47.1500,48.7100,4650700
20160115,47.8600,48.1200,46.9800,47.0100,4605500
20160119,48.0900,48.7400,47.4500,48.6000,3473400
20160120,47.5100,47.9500,46.1900,47.2300,4127000
20160121,47.7800,48.6900,46.7800,47.5700,3767200
20160122,48.5100,49.4700,47.6900,48.8700,3436800
20160125,47.2700,48.5600,47.1500,48.2300,2506000
20160126,49.0200,49.1400,47.4600,48.2700,3406900
20160127,49.4400,50.7100,48.3200,48.9900,4581500
20160128,50.1900,50.7000,49.5000,50.3000,3825800
20160129,50.5100,50.5100,47.7500,48.6000,8031300
20160201,50.2200,50.4500,49.2700,50.0400,3902600
20160202,49.0000,50.0800,48.6100,49.6100,5797600
20160203,52.4800,52.6200,50.3100,51.9500,7387400
20160204,54.3600,55.2600,52.4700,52.4700,6098100
20160205,54.6600,55.2500,53.7500,53.9700,4270900
20160208,55.1100,55.3000,53.1400,54.0000,6236700
20160209,54.4800,55.2500,53.7600,53.7600,5233800
20160210,53.7000,54.9600,53.6400,54.6000,3496500
20160211,53.1000,53.7200,52.3500,52.5900,4928200
20160212,54.2000,54.5100,53.0500,53.9100,4027000
20160216,54.8200,54.9100,53.5100,54.1800,3512400
20160217,56.0100,56.7700,55.1000,55.4100,3586700
20160218,56.2000,56.4900,55.8700,56.1600,2727800
20160219,56.0100,56.1500,54.9200,55.8600,2669700
20160222,57.6800,57.9100,56.0100,56.0100,4353300
20160223,56.5500,57.9300,56.4100,57.4000,2522700
20160224,56.8000,56.9200,54.9100,55.8100,2784600
20160225,57.2800,57.3400,56.0900,56.7500,2418100
20160226,57.2700,57.9800,57.0600,57.5400,2385000
20160229,56.7100,57.7600,56.6800,57.4300,4059500
20160301,58.0600,58.5800,57.0400,57.6900,3732400
20160302,57.9500,57.9700,57.1400,57.9100,3066400
20160303,57.8300,57.8500,56.9700,57.3900,2272100
20160304,57.9500,58.5400,57.2700,57.8700,2887500
20160307,59.0200,59.1100,57.7500,57.7700,2580400
20160308,57.8700,58.5400,57.7100,58.5400,2248900
20160309,58.5600,58.7400,57.8600,58.2300,2851200
20160310,59.4100,59.4500,58.3800,58.6500,4580900
20160311,60.1300,60.6300,59.6500,59.6500,3767800
20160314,60.5000,60.6600,59.5000,59.6900,2467000
20160315,60.4500,60.4900,59.3600,60.0300,2490200
20160316,60.7800,61.0700,59.9300,60.4300,2992900
20160317,63.1100,63.3000,60.7800,60.7800,4276000
20160318,63.4700,63.9900,62.5300,63.3100,7865100
20160321,63.6800,63.7600,63.1400,63.4600,3562200
20160322,63.4200,63.9600,62.8400,63.2000,3401200
20160323,62.4800,63.2600,62.4000,63.2600,2905500
20160324,62.3700,62.4000,61.3100,61.9300,2160200
20160328,62.4700,62.6300,62.0100,62.5200,1647800
20160329,62.3700,62.5000,61.6200,62.0000,2488500
20160330,62.7500,63.1700,62.4600,62.8800,1758600
20160331,62.5600,62.9700,62.2600,62.7500,2140700
20160401,63.6600,63.8000,61.4400,61.8900,3007500
20160404,62.6500,63.3300,62.4900,62.8900,2364500
20160405,60.3900,61.7100,60.2200,61.6800,6084400
20160406,59.5500,60.4200,58.1300,60.2700,6787900
20160407,59.4800,60.2000,58.9400,59.0700,4162300
20160408,59.9100,60.7600,59.7900,60.1100,2640300
20160411,60.6200,61.2000,60.1000,60.1600,2430900
20160412,61.5400,61.7900,60.7400,60.7800,2525400
20160413,63.0400,63.1400,61.7300,61.9500,2420200
20160414,62.5800,63.3900,62.4300,63.3100,2108000
20160415,62.8300,63.2600,62.5800,62.6500,2308600
20160418,62.6800,62.9000,62.2000,62.5900,1538900
20160419,62.7700,63.4400,62.6100,63.4400,2124800
20160420,62.1600,62.9500,62.0700,62.8600,2858200
20160421,62.1500,62.6600,61.8300,62.0800,2383900
20160422,62.9900,63.0600,61.9000,61.9000,1903500
20160425,62.2600,62.8800,61.8500,62.5500,1833500
20160426,63.2500,63.3800,62.6500,62.7000,2066700
20160427,63.8300,63.9100,63.0600,63.3300,1830000
20160428,63.1900,63.9800,62.9000,63.5100,2457800
20160429,63.2700,63.7500,62.3200,62.5000,3369500
20160502,63.4600,63.6200,62.1700,63.4800,2722000
20160503,63.2900,63.5000,62.5300,63.1600,3956900
20160504,60.9700,62.5900,60.4500,62.4000,3102500
20160505,60.9800,61.6100,60.6200,61.1300,1891500
20160506,61.3000,61.3800,60.3200,60.8300,1868100
20160509,60.6600,61.1900,60.3100,61.1100,1749300
20160510,62.1000,62.1300,60.5900,60.7800,1560400
20160511,62.0000,62.6400,61.8000,62.0500,1819600
20160512,62.0700,62.4900,61.6800,62.2700,1608600
20160513,60.8700,62.3900,60.6200,61.9200,1681700
20160516,61.9500,62.1200,61.0200,61.0600,2052200
20160517,61.3200,62.3800,61.0900,61.8400,1802100
20160518,60.1000,61.3500,59.8000,61.0800,2194100
20160519,59.5400,59.7400,58.8600,59.6400,3451000
20160520,59.8000,60.5400,59.5000,59.9900,3077700
20160523,60.0500,60.2800,59.3200,59.6700,1686200
20160524,60.4000,60.6300,60.1300,60.4300,1894200
20160525,61.6100,61.8300,60.5900,60.6800,2221200
20160526,61.5200,62.2900,61.3800,61.5400,1517600
20160527,61.6300,61.9200,61.2500,61.6300,1030100
