20150529,65.3600,65.9600,65.1150,65.4350,2320800
20150601,66.0950,66.2400,64.6200,65.3900,1948600
20150602,65.6250,66.2350,65.2100,65.7250,1740800
20150603,66.0850,66.3350,65.4650,65.7200,1376000
20150604,65.8000,65.9800,65.1450,65.5300,1822600
20150605,66.4500,66.5550,65.1800,65.6150,1376000
20150608,66.4550,67.0150,66.1200,66.3000,2373600
20150609,66.6500,67.3700,66.2650,67.1150,1319400
20150610,67.3500,67.5350,66.4750,66.8750,1141600
20150611,67.5850,68.2050,67.1800,67.4250,1232400
20150612,66.7900,67.5850,66.6750,67.2700,1519600
20150615,66.8000,66.9500,66.0000,66.3650,1205400
20150616,68.9550,69.1350,66.5800,66.7300,3995600
20150617,70.8000,72.2000,68.0000,68.9950,5637800
20150618,72.5500,73.4350,70.5350,70.8250,4615800
20150619,73.0850,73.2950,72.1900,72.6200,2519000
20150622,72.1600,73.6500,71.9100,73.5900,2857400
20150623,72.3150,73.6200,71.9400,72.5600,1838400
20150624,71.4300,72.5550,71.3950,72.0200,1914200
20150625,72.3050,73.0400,71.4600,71.8100,1918800
20150626,73.0400,73.3250,72.2200,72.6550,2044400
20150629,71.1750,73.0550,71.0850,72.2250,1565200
20150630,71.2150,72.0250,70.8250,71.8550,1315800
20150701,71.8000,71.8950,71.0950,71.7550,1588000
20150702,71.2250,72.2750,70.5600,72.0700,1714600
20150706,72.5600,73.2150,71.6950,71.9750,3291600
20150707,73.7400,73.8200,71.8600,72.6000,2680600
20150708,71.5100,73.7050,71.2800,73.2300,2228800
20150709,72.5350,72.9950,72.0000,72.5000,1804200
20150710,73.5800,74.2250,72.8200,73.7500,1746200
20150713,76.0550,76.4500,74.9100,75.8500,3199800
20150714,76.1500,76.6250,75.6150,76.1650,2112200
20150715,76.3050,76.8450,75.5250,76.2650,2133200
20150716,77.2350,77.5150,76.5850,76.6150,1991800
20150717,77.1500,77.4800,76.3150,77.1750,1542600
20150720,77.0050,77.3650,76.8400,77.3650,1104800
20150721,78.0300,78.2450,76.9100,77.0250,1983200
20150722,78.3600,78.8050,77.6400,78.2000,1529200
20150723,78.1250,78.7750,77.7450,78.6250,1414600
20150724,77.5500,78.7100,77.3500,78.0550,1382000
20150727,76.3600,77.3750,75.9500,77.2500,2717200
20150728,77.9000,77.9000,76.0050,76.9800,3625800
20150729,76.8800,79.5000,75.3000,77.4250,3893000
20150730,76.5500,77.5000,76.2600,76.7950,2378800
20150731,76.0800,77.3250,76.0150,77.1600,1532800
20150803,75.5450,76.7000,74.7550,76.1250,2176600
20150804,74.6850,75.9000,74.6050,75.6600,1804400
20150805,75.0600,75.4050,74.6050,74.7500,1950200
20150806,72.1400,75.9550,71.8100,75.0150,2918000
20150807,71.9600,72.5900,71.0050,72.1950,1907200
20150810,72.2500,73.4450,72.0700,72.4850,1271800
20150811,71.9050,72.4450,71.4550,71.7900,1461200
20150812,72.0600,72.4500,70.5700,71.6100,2012000
20150813,72.2000,72.6500,71.3350,71.9050,1441800
20150814,71.6500,72.5150,71.3750,72.0650,1399600
20150817,72.3850,72.4900,70.9950,71.3600,1444600
20150818,72.6350,73.6900,71.7400,72.1350,2307800
20150819,72.9350,73.3450,71.3700,72.0900,1733000
20150820,71.4500,72.4850,71.4500,72.0950,2004800
20150821,69.9350,71.0950,69.9050,70.9250,2851600
20150824,66.9650,67.2000,62.5300,66.5100,3984000
20150825,67.8750,70.2350,67.8750,69.0400,2856400
20150826,70.0750,70.2250,67.4500,69.1000,2532600
20150827,72.7950,73.1050,70.2600,70.3250,3192000
20150828,72.3500,73.4300,71.0950,72.5500,3108600
20150831,70.4400,73.0800,70.4100,72.1900,2019000
20150901,67.7350,69.4450,67.1500,68.9000,3484000
20150902,69.5150,69.5300,67.8550,68.6850,2184000
20150903,68.7750,70.4900,68.5300,69.7800,1507000
20150904,68.0450,68.6550,67.3100,68.0850,1285800
20150908,69.8400,69.9500,68.1150,69.2250,2095000
20150909,68.7600,70.5100,68.6150,70.4900,2317000
20150910,69.1050,69.6700,68.5900,68.6750,1473200
20150911,69.5650,69.5750,68.2950,68.6950,1428800
20150914,69.5000,69.8850,69.0450,69.5650,1463600
20150915,70.2500,70.3200,69.0400,69.4500,1976600
20150916,70.2900,70.6750,69.5150,70.0700,1271600
20150917,70.8050,71.6800,70.0350,70.2400,1319000
20150918,71.3750,71.6900,70.3100,70.3850,3535800
20150921,70.7900,72.4150,70.0000,71.8900,1781400
20150922,71.0650,71.3850,69.6400,70.2200,2081600
20150923,70.8000,71.4450,70.6250,70.9450,1676000
20150924,70.1650,70.7600,69.7500,70.3900,1400200
20150925,68.6800,71.0000,68.1100,70.5300,1862200
20150928,66.9500,68.7300,66.5700,68.6350,4205600
20150929,68.8950,69.1700,66.6650,67.1800,3084000
20150930,71.0850,71.2000,69.2200,69.7800,3094000
20151001,74.5000,74.6500,70.3150,70.7600,4801400
20151002,77.2750,77.3700,73.5000,74.0000,3981800
20151005,74.6850,77.2850,74.3000,77.2850,4587000
20151006,72.1550,75.0850,72.0450,74.3800,4194000
20151007,72.6400,72.6750,70.6200,72.5000,4251200
20151008,73.1350,73.3550,71.5950,72.2200,2118200
20151009,74.1100,74.3900,73.1350,73.1350,3275600
20151012,74.7650,75.1550,73.6700,74.1850,2224800
20151013,72.2900,73.9500,72.1850,73.9500,4107400
20151014,72.2050,73.7100,71.9350,72.5350,2366000
20151015,73.5750,73.9100,71.9800,72.3400,2735800
20151016,75.6400,75.7150,73.6250,73.8550,2812000
20151019,75.7000,76.0000,75.0100,75.6250,1744200
20151020,75.6000,75.9700,74.9100,75.5150,1404600
20151021,74.4550,76.1250,72.9250,76.1050,2514400
20151022,74.2900,75.7200,72.8750,74.9800,2718400
20151023,74.9400,75.5250,72.9100,74.7900,3722600
20151026,73.4600,75.6900,72.8450,75.2050,4257600
20151027,75.4900,78.4250,74.6400,77.7500,5289400
20151028,77.0250,77.1500,74.8750,75.4500,2280800
20151029,77.5000,77.9900,76.3400,76.7750,2211600
20151030,78.5750,79.2400,77.0950,77.5550,2829800
20151102,78.7600,79.4200,78.5000,78.8150,1720600
20151103,78.9700,79.4950,77.5600,78.5150,1681600
20151104,78.2200,79.2500,77.8900,79.0550,1083800
20151105,79.3250,79.7300,78.0050,78.0050,1562800
20151106,78.5850,79.3650,77.8500,79.2800,1202000
20151109,78.5900,78.9100,77.4300,78.5500,1109800
20151110,78.7850,79.0550,77.7550,78.6550,1046200
20151111,78.7000,79.5000,78.3250,78.8000,961400
20151112,76.4750,79.4950,76.4050,77.2100,1857400
20151113,76.6350,77.6300,76.2450,76.6100,1420600
20151116,77.3550,77.4250,75.8750,76.5850,1083400
20151117,77.3800,77.9900,76.8300,77.2500,1421000
20151118,78.5450,78.6050,76.9200,77.5000,1104000
20151119,77.9650,78.6750,77.5000,78.2000,1122400
20151120,78.8400,80.1200,77.9850,78.4750,1785800
20151123,80.5200,80.9100,78.3900,78.5650,1898400
20151124,80.2050,80.6750,79.4800,80.0000,1487800
20151125,81.8350,82.4150,80.2050,80.4550,1294000
20151127,82.5600,82.9450,81.6050,82.1000,755400
20151130,81.5000,83.4350,81.5000,82.5500,2290000
20151201,82.4200,83.0000,81.4200,82.1600,1879000
20151202,81.4300,82.7700,81.2500,82.3200,2345000
20151203,78.7000,82.1550,78.4500,81.5750,2285200
20151204,81.0100,81.1500,78.8100,78.9800,2366600
20151207,80.3950,81.6350,79.5100,80.5500,1658200
20151208,79.9100,80.9850,79.6000,80.3500,1996600
20151209,81.0050,81.7200,78.4850,79.2450,2895000
20151210,81.7850,82.9850,80.7050,81.2150,2085600
20151211,79.8550,82.1000,79.6100,80.7900,1139100
20151214,80.5300,81.7200,79.3300,81.1200,1657600
20151215,80.0300,81.3800,79.5400,80.8700,1808700
20151216,81.5700,81.9900,80.2600,80.8800,997300
20151217,80.9900,82.8400,80.9300,82.4000,880900
20151218,78.2300,80.3600,78.2100,80.2900,2382400
20151221,78.9600,79.6900,78.0000,78.8600,993500
20151222,79.3000,79.6500,78.4600,79.4400,1531700
20151223,79.1000,80.2100,78.5700,79.9600,765100
20151224,79.1800,80.0600,79.0000,79.0500,515400
20151228,79.8200,80.1200,78.9900,78.9900,783500
20151229,79.7600,80.4200,79.5300,79.9600,974500
20151230,79.2100,80.2200,79.1100,79.9800,665500
20151231,78.9800,79.7600,78.4200,78.8100,1444800
20160104,78.8400,79.0100,76.5000,78.1000,2540100
20160105,80.0100,80.4500,78.4300,78.6700,1566700
20160106,80.4400,80.9900,78.8500,79.2800,1769500
20160107,77.5600,79.3900,76.7900,79.3900,2370400
20160108,76.0400,78.5800,75.8000,77.3000,1751900
20160111,75.9300,77.3600,75.5400,76.6600,2136200
20160112,77.7500,77.8700,76.3200,76.4900,1413800
20160113,74.8100,78.5500,74.6100,78.1500,1853700
20160114,77.1000,77.3300,73.9200,74.8100,2154400
20160115,74.6900,76.5900,73.9600,74.8400,3106600
20160119,74.5200,76.0900,74.0100,75.6200,1768700
20160120,75.4900,76.0300,72.2000,73.4700,2121800
20160121,77.8000,79.6600,76.3300,76.6300,3677700
20160122,78.8400,79.7800,78.3400,78.7900,2079100
20160125,80.2000,80.7000,79.0800,79.1000,1395000
20160126,80.1600,80.8500,78.8900,79.1600,1521900
20160127,77.9000,80.5900,77.2500,80.2100,2797100
20160128,75.8800,78.1800,75.2400,78.1800,2086200
20160129,78.2100,78.3000,75.9600,75.9700,2282000
20160201,78.8400,79.5800,77.6500,77.8900,2324800
20160202,76.9100,78.1800,76.5800,77.6100,2674000
20160203,83.3200,83.4500,80.9500,82.6200,4961200
20160204,83.6000,84.4800,82.4700,83.1900,3265800
20160205,82.0200,84.8400,81.6500,83.4600,2052200
20160208,76.9700,81.6900,75.2900,81.1400,3636300
20160209,76.3400,78.1100,75.6200,75.6400,2461200
20160210,79.0000,80.6100,77.2100,77.4300,2462200
20160211,79.0400,79.7800,76.9000,77.5500,2135100
20160212,81.0400,81.1100,78.6000,79.6100,2178400
20160216,84.4500,84.4700,81.1300,81.3800,2412300
20160217,86.6200,86.7000,84.4400,85.1700,2368300
20160218,86.2400,88.5300,86.0500,86.7200,2465400
20160219,86.2100,86.6200,85.0400,86.2900,1593700
20160222,86.6100,87.3000,85.7700,86.9100,1680600
20160223,86.8700,87.3600,85.9500,86.5000,1694400
20160224,87.7900,88.1100,85.4000,86.3400,1585200
20160225,89.5600,89.5800,87.9200,88.0800,1421400
20160226,87.9300,89.9300,87.6400,89.6500,2050800
20160229,87.0000,88.3000,86.7400,87.6100,1943500
20160301,87.8700,87.8900,86.1100,87.2800,1844600
20160302,88.2900,88.6300,87.4700,88.5000,1178600
20160303,87.1200,88.3000,86.5000,88.0900,1300300
20160304,87.3600,87.8600,86.4600,86.9200,1102500
20160307,87.2600,88.1000,86.8800,87.3600,1325900
20160308,85.1200,87.1200,85.0200,86.9400,2226500
20160309,85.7500,86.3300,84.6500,85.3100,1412200
20160310,86.4900,87.0000,85.6600,86.1100,1254600
20160311,87.6300,87.8600,86.6700,86.8600,1326300
20160314,87.9400,88.6700,87.0200,87.2100,1369000
20160315,86.2900,87.8600,85.9500,87.7500,1482000
20160316,85.7800,86.8500,85.0400,85.7600,1413800
20160317,84.3700,86.2300,83.9000,85.6300,1791900
20160318,85.8100,86.0900,84.0200,84.6900,1736000
20160321,85.6400,86.1300,85.2100,85.5700,1002700
20160322,86.2500,86.8200,85.0600,85.1000,1110300
20160323,85.8900,86.9100,85.6700,86.1200,1000700
20160324,87.3400,87.6400,85.1300,85.2300,2085200
20160328,86.7200,87.8900,86.5500,87.2600,1330400
20160329,88.8900,89.3800,86.5300,86.5300,1465400
20160330,88.8900,89.5800,88.5700,89.3800,1060800
20160331,88.2100,89.1200,87.9100,88.8400,2264200
20160401,89.9200,90.0600,86.7300,88.0200,2736700
20160404,105.0800,107.9000,100.9000,102.2100,9078200
20160405,103.5400,104.9100,102.7100,103.6600,4162400
20160406,107.4800,107.7000,103.3200,103.6100,2229100
20160407,105.2500,107.6500,104.2900,107.5500,1642800
20160408,104.4700,106.7800,104.0600,106.3200,1104500
20160411,105.9900,107.5800,104.8200,105.1900,1577200
20160412,105.7400,106.6500,104.3500,105.9800,1492700
20160413,108.3200,109.0000,106.2300,106.2700,1876300
20160414,107.4900,108.7300,107.2700,107.9100,1172700
20160415,106.5500,107.4000,105.9700,107.2200,1459800
20160418,108.0000,108.3500,105.7700,106.5600,1147800
20160419,106.0800,108.0800,105.5500,107.8900,1880100
20160420,107.8600,108.6900,106.0000,106.3400,1311900
20160421,108.1000,108.9300,107.1900,108.0300,1065300
20160422,108.3300,109.3200,107.4300,107.9900,887300
20160425,107.9800,108.5900,107.4600,107.8500,1505300
20160426,108.8400,109.7100,107.3900,108.0000,1764800
20160427,108.9300,112.0000,107.7600,111.7800,2748800
20160428,107.2500,109.8200,106.9700,109.2900,1068700
20160429,106.2100,107.3300,104.9200,107.0000,1575400
20160502,106.8600,107.8000,106.1600,106.7200,1339200
20160503,105.4300,107.3500,104.4300,106.0900,1257400
20160504,103.8000,105.6300,103.5600,105.1000,1361100
20160505,104.3700,104.6800,102.9200,103.1300,1815300
20160506,105.7400,106.1400,103.9500,104.1200,1376400
20160509,106.3800,106.9800,105.4600,105.7600,892600
20160510,106.5900,107.2200,105.6700,106.7100,816900
20160511,105.0800,107.2900,105.0400,106.5600,847700
20160512,105.5900,105.8000,103.4900,105.0800,1172500
20160513,102.9900,106.0000,102.9200,105.5200,1736200
20160516,104.0000,104.9200,103.1300,103.3400,2643600
20160517,100.8400,105.2000,100.0600,103.6700,3426800
20160518,99.7900,101.4100,98.8300,100.7700,3059200
20160519,97.8200,99.8000,97.2000,99.8000,4886100
20160520,99.1100,100.5000,98.7000,99.1200,2626400
20160523,100.0200,100.9700,99.6000,99.6300,1989200
20160524,101.4900,101.8600,100.2600,100.4500,1417900
20160525,99.9100,101.9600,99.6900,101.7900,1525700
20160526,99.4300,100.4200,99.2800,100.0000,1509100
20160527,100.0400,100.6000,98.9700,99.9400,1675100
