20150529,45.8400,46.2700,45.7200,45.8600,1813600
20150601,46.3500,46.4800,45.8400,45.9500,2290800
20150602,46.5100,46.7500,46.0200,46.2300,1395400
20150603,48.3200,48.4200,46.5500,46.8000,2305100
20150604,47.5600,48.3800,47.4900,48.0200,1625600
20150605,47.9500,48.1800,47.5000,47.5000,1559400
20150608,46.7900,47.9100,46.7800,47.8500,1534300
20150609,46.7900,47.0500,46.5700,46.5800,1001000
20150610,47.5200,47.6300,46.7500,46.9300,1992200
20150611,48.3000,48.3100,47.4400,47.4400,1446100
20150612,48.1000,48.3800,47.8900,48.0600,1284600
20150615,47.9600,47.9700,47.3300,47.7700,923100
20150616,47.7100,48.0000,47.4900,47.8100,761000
20150617,47.8100,47.8300,47.1400,47.5500,1062000
20150618,48.4200,48.5900,47.7300,47.9600,1024900
20150619,48.0400,48.5500,47.9000,48.5500,1521300
20150622,48.3700,48.5400,48.0800,48.0800,782800
20150623,47.9200,48.6700,47.8600,48.4700,963000
20150624,47.0400,48.1200,46.8600,47.9900,1157700
20150625,46.8600,47.2700,46.7600,47.0500,740800
20150626,46.9700,47.1900,46.7800,47.0400,865300
20150629,45.8900,46.8800,45.8700,46.7700,827100
20150630,46.1100,46.5000,45.8700,46.2000,905900
20150701,46.3000,46.5600,46.1400,46.5600,1087700
20150702,46.1700,46.5500,45.8600,46.2900,1024500
20150706,45.3500,46.0100,45.2400,45.7100,1251100
20150707,45.3400,45.7200,44.7800,45.5600,1483800
20150708,44.4400,45.2700,44.2100,45.0400,2341200
20150709,44.7200,45.1600,44.6700,44.9900,1242800
20150710,45.1700,45.3200,45.0300,45.0600,730400
20150713,45.9100,45.9700,45.2300,45.3900,1226400
20150714,45.6800,45.9400,45.5200,45.8600,1325500
20150715,45.1300,45.8800,45.1000,45.7400,960800
20150716,45.0700,45.4700,44.8500,45.1900,1024100
20150717,44.8200,45.1700,44.7500,45.1200,860100
20150720,44.9800,45.0600,44.6400,44.8400,849400
20150721,45.7500,45.8900,44.9900,44.9900,1606500
20150722,45.2700,45.9900,45.2400,45.6700,915200
20150723,44.5200,45.4500,44.4000,45.3400,853600
20150724,44.2600,44.9600,44.1200,44.7900,914800
20150727,44.4100,44.4400,43.9200,44.1100,998300
20150728,45.3100,45.5500,44.6400,44.7700,2244500
20150729,46.6700,46.8600,45.2700,45.3700,3056000
20150730,46.6800,46.7800,46.3000,46.3900,1108700
20150731,46.8700,47.2400,46.5700,46.8100,1779100
20150803,47.0800,47.3800,46.4200,46.7700,2545400
20150804,47.6800,48.4100,44.5800,44.5800,4649000
20150805,48.5400,49.1900,47.8600,47.9700,2973200
20150806,47.9500,48.8600,47.6800,48.8100,1624000
20150807,48.0500,48.1500,47.5400,47.9300,1361000
20150810,48.7200,48.9800,48.3500,48.4900,1178300
20150811,48.7100,48.7700,48.0200,48.1300,2004800
20150812,48.5000,48.5900,47.8600,48.1800,1407300
20150813,48.7200,49.0000,48.1400,48.4000,1275400
20150814,49.2800,49.4000,48.6000,48.8400,1000700
20150817,49.2500,49.2700,48.4900,48.8900,820000
20150818,49.6600,49.8800,49.2000,49.2600,1532300
20150819,49.7900,50.0000,48.7600,49.2500,2553200
20150820,49.5000,50.0800,49.3600,49.7600,2613200
20150821,48.2000,49.4800,48.2000,49.0900,2469700
20150824,46.7400,47.6600,45.0400,46.0300,3144700
20150825,47.4900,48.4100,47.2000,48.1600,3778700
20150826,48.9400,49.0500,47.7600,48.5200,2434700
20150827,49.9200,49.9900,49.0300,49.2600,2199300
20150828,49.6600,49.7300,49.0800,49.5100,1662800
20150831,48.9700,49.5900,48.9600,49.2100,1380100
20150901,48.0200,48.5800,47.8100,47.9200,2287100
20150902,49.8800,49.8800,48.4700,48.7500,2707200
20150903,49.0900,50.0700,49.0000,50.0000,2227800
20150904,47.8600,48.6100,47.4400,48.5800,2802700
20150908,48.8600,48.8800,47.7100,48.5800,2318400
20150909,48.3400,49.3200,48.2500,49.1600,1422400
20150910,48.3900,48.6900,48.0100,48.0100,1219300
20150911,49.0300,49.0400,48.0700,48.2200,1858000
20150914,48.7400,49.2000,48.4400,48.9400,1371400
20150915,49.3000,49.4900,48.5700,48.8400,1260900
20150916,48.8700,49.2200,48.6600,49.1700,1403700
20150917,48.6900,49.2300,48.4400,48.8900,1125300
20150918,46.7100,48.0400,46.5800,48.0400,3727300
20150921,47.3300,47.5100,46.6800,46.8200,1378900
20150922,46.2300,47.3400,46.0300,47.0000,1641600
20150923,46.0200,46.3700,45.7900,46.0700,1282000
20150924,46.0000,46.2800,45.3600,45.4100,1820900
20150925,46.8200,47.2300,46.1500,46.2400,1847900
20150928,46.0800,47.3100,46.0300,46.6600,1978600
20150929,46.5300,46.6100,45.6600,46.0500,1072000
20150930,47.0500,47.1700,46.6200,47.0700,1493100
20151001,47.7600,47.8500,46.9000,47.2000,2351100
20151002,47.9400,47.9400,46.8600,47.2000,1474400
20151005,48.7500,49.3000,48.0000,48.2100,1698100
20151006,48.8800,48.9300,48.2300,48.6400,1272700
20151007,49.2700,49.5300,48.8700,49.0900,1978400
20151008,49.4400,49.4800,48.7600,49.1900,1311600
20151009,49.9700,50.1100,48.8700,49.5100,1337900
20151012,50.3000,50.6100,49.6300,50.0100,1322100
20151013,49.7700,50.6200,49.7300,50.1300,1074400
20151014,50.2000,50.3200,49.6000,49.9400,1124600
20151015,50.7300,50.8400,50.0700,50.3300,1261900
20151016,49.9800,50.8300,49.0800,49.3400,1217200
20151019,49.9900,50.1400,49.8100,49.8500,1006100
20151020,50.2700,50.2900,49.9000,50.0200,1349700
20151021,50.1800,50.9300,50.1100,50.6000,790000
20151022,51.0300,51.4900,50.6300,50.6300,2145800
20151023,51.4800,51.6000,50.9300,51.4400,1019100
20151026,51.6600,51.8000,51.3400,51.4800,1070200
20151027,50.4600,51.2900,50.2500,51.1600,1907300
20151028,49.4800,50.6300,49.2700,50.6300,2217600
20151029,50.1100,50.1900,48.9600,49.2000,2068200
20151030,49.7900,50.4000,49.2800,50.2400,2450000
20151102,50.8000,50.8600,49.9500,50.0600,2915000
20151103,49.7500,50.5600,49.0500,49.3600,2497300
20151104,49.0800,49.6500,48.9300,49.5300,2061500
20151105,49.1500,49.6500,48.7700,49.3300,1130600
20151106,49.4900,49.5400,48.6700,49.0300,1015700
20151109,48.9500,49.3400,48.4800,49.3200,1689400
20151110,49.5900,50.2000,49.1200,49.1600,1354800
20151111,49.6300,50.2900,49.5000,49.7700,1130900
20151112,48.6400,49.6000,48.5500,49.5400,849100
20151113,48.0600,49.0100,47.8600,48.5800,1262600
20151116,48.4400,48.4800,47.5900,48.0100,934200
20151117,49.0300,49.3200,48.3500,48.6400,1710000
20151118,49.4900,49.5400,48.8700,48.9700,1040300
20151119,49.2500,49.9500,49.0000,49.3800,1282100
20151120,49.1700,49.7400,48.9800,49.5300,1590300
20151123,49.0800,49.4400,48.8300,49.3300,1107000
20151124,49.2300,49.3900,48.8600,48.8600,1293200
20151125,49.1700,49.3800,48.9600,49.2700,762600
20151127,49.4900,49.7900,48.9300,49.0000,786700
20151130,48.5400,49.5800,48.5000,49.3700,1634600
20151201,48.9100,49.1800,48.1500,48.6700,1674400
20151202,47.2400,48.8000,47.1200,48.7000,1977000
20151203,46.5800,47.9100,46.4400,47.1900,2137200
20151204,47.8300,47.9800,46.5900,46.7700,2184400
20151207,47.1700,47.8700,46.7600,47.6400,1816800
20151208,46.6800,47.3200,46.2000,46.6300,2739700
20151209,46.2900,47.2000,46.1300,46.4500,2601600
20151210,46.8900,47.4200,45.9800,46.4600,2256400
20151211,46.6000,46.9100,46.0100,46.2600,2709200
20151214,46.7500,46.8500,46.1300,46.7500,1919600
20151215,46.5700,47.2700,46.3500,46.9300,1702400
20151216,47.1400,47.3800,46.4400,46.9800,1454400
20151217,46.3100,47.2900,46.3100,47.2800,1370300
20151218,45.2100,46.0800,44.7300,45.9300,9505000
20151221,45.2400,45.5600,44.8400,45.5600,1641600
20151222,46.0000,46.1500,45.1300,45.6000,1210600
20151223,45.8300,46.2500,45.5600,46.1600,1272900
20151224,45.9200,46.1400,45.5000,45.8000,356000
20151228,45.8200,45.8300,45.2900,45.7000,662700
20151229,45.6700,46.1200,45.4400,46.1200,1114800
20151230,45.5800,46.0500,45.5000,45.6300,849200
20151231,45.1000,45.6000,45.1000,45.5300,683300
20160104,44.2600,44.4700,43.4900,44.3500,2096800
20160105,44.5500,44.6600,43.7400,44.0600,2323400
20160106,43.6400,44.3300,43.5600,44.0000,1296400
20160107,42.6600,42.9500,40.5000,41.4600,4722900
20160108,42.7800,43.3000,42.5600,42.6600,2526300
20160111,42.9900,43.4000,42.4100,43.0000,2543100
20160112,43.5000,43.5600,42.7900,43.3000,1529000
20160113,42.6200,43.7100,42.3000,43.4200,1280300
20160114,43.2000,43.6200,42.3000,42.8200,2566800
20160115,42.2000,42.2500,40.4100,40.9500,4082000
20160119,42.9500,43.3600,42.4500,42.7500,2223200
20160120,43.2800,43.5400,42.3300,42.3400,3069500
20160121,43.4000,43.7800,42.9600,43.3300,2470200
20160122,43.6500,44.3600,43.1500,43.8900,1796200
20160125,43.1000,43.5300,42.9900,43.3200,1586200
20160126,44.1900,44.3800,43.1800,43.1800,1436600
20160127,44.0600,44.5800,43.7800,44.1100,1459700
20160128,44.4800,44.5900,43.8400,44.1600,1514400
20160129,45.1200,45.2500,44.1000,44.7900,2583000
20160201,45.1600,45.3500,44.6000,44.9400,1678100
20160202,44.3300,45.1300,44.1800,44.7500,1764200
20160203,44.3700,44.9700,44.1400,44.7100,1732000
20160204,45.7900,45.8400,44.3700,44.3700,1325500
20160205,45.8500,45.9900,45.4700,45.7900,1758400
20160208,46.0500,46.1600,45.0800,45.2400,2084100
20160209,45.9000,46.1000,45.3400,45.7600,2283600
20160210,45.0700,46.2400,45.0300,46.0600,1256900
20160211,44.6900,45.0200,44.1300,44.4300,1599500
20160212,45.7000,45.9400,45.0500,45.2300,1877300
20160216,46.5800,46.7400,45.4900,46.1600,1126100
20160217,46.8000,47.2100,46.6000,46.8400,1174800
20160218,46.7300,47.2000,46.5100,46.8500,947300
20160219,46.6900,46.8100,46.2100,46.6600,1112600
20160222,46.7500,47.4600,46.6000,47.0000,2208700
20160223,45.1900,45.9600,43.6100,43.9400,3244500
20160224,45.4700,45.7400,44.6000,44.7000,1998700
20160225,45.9100,45.9800,45.4000,45.7600,970600
20160226,46.0800,46.4800,45.8100,46.0000,889700
20160229,45.7800,46.3500,45.7600,46.0800,1354400
20160301,46.2900,46.5000,45.7400,46.0900,1541900
20160302,46.1800,46.4900,45.7600,46.4000,1916100
20160303,46.6400,46.8100,45.6400,46.0700,1276500
20160304,46.9300,47.3300,46.5600,46.7700,1114500
20160307,47.2600,47.3500,46.0600,46.2400,1453200
20160308,47.2100,47.5700,46.5400,46.9100,2081300
20160309,47.3900,47.8200,47.0700,47.2600,1928400
20160310,47.7900,47.9600,46.9500,47.4700,1517400
20160311,48.0600,48.6600,47.8600,48.0000,1878300
20160314,47.8000,48.0600,47.2700,47.8900,1963100
20160315,48.1200,48.2700,47.3300,47.5900,1040700
20160316,48.0000,48.0900,47.3100,47.8600,1621100
20160317,48.7500,49.3600,47.7700,48.1500,1600700
20160318,48.4800,48.9900,48.2800,48.7700,2846500
20160321,48.4800,48.6900,46.4200,48.5000,1552600
20160322,48.3800,48.6500,47.9200,48.3100,1198600
20160323,48.5000,48.6600,48.0400,48.4300,1052600
20160324,48.6600,48.7700,48.0400,48.3000,1352600
20160328,48.7300,49.5600,48.5300,49.5500,799100
20160329,48.7900,48.9600,48.3300,48.5300,827500
20160330,48.7100,49.2000,48.6800,49.0000,731200
20160331,48.8100,48.9900,48.5500,48.8600,918100
20160401,48.8500,48.8600,47.7700,48.4800,1104300
20160404,47.7900,48.6700,47.6300,48.3000,1209000
20160405,47.7800,48.0500,47.3600,47.5700,1160600
20160406,47.7900,47.9200,47.2800,47.6100,844400
20160407,47.3500,47.6300,46.8200,47.3100,1387600
20160408,47.4900,48.0900,47.3300,47.6100,736400
20160411,47.9100,48.3300,47.6200,47.7900,1240800
20160412,47.8800,48.0000,47.4700,47.9900,915600
20160413,48.4600,48.5000,47.8500,48.0900,1166300
20160414,48.7000,48.9100,48.1700,48.5000,1258700
20160415,49.2400,49.8400,49.1200,49.2000,1521300
20160418,49.2000,49.4200,48.8500,49.0700,818000
20160419,49.8200,49.9000,49.3100,49.5300,1351700
20160420,49.3700,49.9800,49.3600,49.9000,801900
20160421,48.7100,48.9500,48.0000,48.8200,872200
20160422,48.9500,49.1700,48.6100,48.7700,769400
20160425,48.9100,49.0700,48.5200,48.7500,891000
20160426,49.6400,49.8000,48.6900,48.9200,1461000
20160427,50.3500,50.4900,49.3200,49.5700,2002800
20160428,49.8500,50.4600,49.5600,50.1600,1649400
20160429,49.6100,49.8500,49.1900,49.4200,1945200
20160502,50.2600,50.6300,49.5000,49.5300,3216000
20160503,47.3900,49.2400,46.9000,49.2100,4125200
20160504,47.5800,47.7500,46.7400,47.2900,2155900
20160505,47.4700,47.8900,47.3900,47.6000,1551400
20160506,48.4000,48.4900,47.2300,47.4300,1444700
20160509,48.3000,48.7400,48.1300,48.4400,1232800
20160510,48.7300,48.9900,48.4400,48.6100,1037200
20160511,47.8000,48.7700,47.8000,48.4900,1171300
20160512,48.0500,48.4400,47.6800,48.0600,1307500
20160513,47.4500,47.9800,47.0300,47.8100,1246700
20160516,47.3500,47.5500,47.0400,47.4700,1476600
20160517,47.5700,48.3500,47.3100,47.3300,1383200
20160518,47.6600,47.9400,47.2600,47.5000,1368800
20160519,47.7600,47.9000,47.1000,47.4600,1066700
20160520,48.4300,48.7400,47.7600,47.8500,5588500
20160523,48.7300,48.8600,47.9100,48.4300,2167000
20160524,49.1800,49.4100,48.6500,49.0000,1465600
20160525,48.8700,49.4800,48.7300,49.2300,1785000
20160526,48.9100,49.2000,48.7100,48.7400,1103800
20160527,48.6700,48.9700,48.6600,48.7200,1104500
