20150529,15.1700,15.4000,15.1600,15.3100,19060400
20150601,15.3600,15.4500,15.1900,15.3300,26685300
20150602,15.2600,15.5000,15.2100,15.4400,34974700
20150603,15.2000,15.3200,15.1200,15.2900,24311600
20150604,15.0500,15.1700,15.0100,15.1300,23428400
20150605,14.7800,15.0200,14.7800,15.0200,44736900
20150608,14.9000,15.0100,14.8000,14.8300,30240600
20150609,14.8800,15.0100,14.8400,14.9200,20454700
20150610,15.0300,15.0800,14.9500,15.0100,20961100
20150611,15.2800,15.3500,15.0800,15.1100,27187100
20150612,15.2300,15.3500,15.1800,15.2000,19847300
20150615,15.0500,15.1100,14.9700,15.0600,23825400
20150616,15.0000,15.0400,14.9300,15.0100,23359500
20150617,15.0200,15.0800,14.8600,15.0100,25842100
20150618,15.1400,15.2400,15.0000,15.0300,21360500
20150619,15.1100,15.2500,15.0600,15.0900,24675100
20150622,15.1300,15.2500,15.1000,15.1400,18863800
20150623,15.2900,15.4100,15.2200,15.2300,21177800
20150624,15.5000,15.6600,15.4200,15.5000,35401000
20150625,15.4400,15.5600,15.3900,15.5200,23994400
20150626,15.4000,15.4900,15.3500,15.4300,20428200
20150629,15.0200,15.3000,14.9200,15.2300,38117400
20150630,15.0100,15.1800,14.9000,15.1700,28509300
20150701,14.9900,15.1700,14.8000,15.1400,31744500
20150702,14.8700,15.0800,14.8100,15.0100,18482400
20150706,14.7900,14.9000,14.7000,14.7500,22609800
20150707,14.8500,14.9000,14.5200,14.7700,28151300
20150708,14.3700,14.7200,14.2700,14.6700,42278500
20150709,14.3300,14.6200,14.2700,14.6000,29660700
20150710,14.4800,14.5400,14.3500,14.4800,20093600
20150713,14.6400,14.6500,14.4200,14.6400,19864000
20150714,14.8100,14.8600,14.5900,14.7100,20830700
20150715,14.7500,14.8600,14.6100,14.8300,21892100
20150716,14.5700,14.7900,14.4500,14.7400,33938900
20150717,14.6900,14.6900,14.4800,14.5100,31718000
20150720,14.5700,14.7500,14.5300,14.7100,25428200
20150721,14.5100,14.5500,14.4500,14.5300,19334700
20150722,14.4200,14.5100,14.3500,14.4900,30909700
20150723,14.6100,14.8700,14.5900,14.7500,29440400
20150724,14.3900,14.7300,14.3200,14.7200,26050900
20150727,14.5500,14.6000,14.2300,14.3500,43857200
20150728,14.8300,15.0000,14.6000,14.9600,56398500
20150729,15.2100,15.3000,14.8100,14.8300,52125400
20150730,15.1000,15.3000,14.9600,15.2100,34980300
20150731,14.8300,15.1900,14.7300,15.1800,32654400
20150803,14.9400,15.0400,14.8500,14.9700,26702300
20150804,14.9100,15.0000,14.8400,14.9400,18845000
20150805,14.8000,15.0400,14.7200,14.9900,22490000
20150806,14.8300,14.8800,14.6200,14.8000,26811400
20150807,14.8000,14.9200,14.7500,14.8500,14279200
20150810,14.9900,15.0000,14.8100,14.8600,16804900
20150811,14.7000,14.8000,14.6100,14.8000,26971300
20150812,14.6800,14.7100,14.3700,14.5500,20864000
20150813,14.7100,14.8500,14.5900,14.6400,20560700
20150814,14.7800,14.8300,14.6800,14.7300,18398900
20150817,14.6800,14.7700,14.5700,14.7600,16028300
20150818,14.8300,14.8400,14.6600,14.6900,16853800
20150819,14.7700,14.9800,14.7600,14.7800,22521900
20150820,14.4300,14.7100,14.4000,14.7100,24108500
20150821,13.8600,14.3800,13.8400,14.2900,42103400
20150824,13.1900,13.4800,10.4400,12.2400,59805900
20150825,12.9000,13.8600,12.9000,13.8500,47961800
20150826,13.2100,13.3500,12.7700,13.1800,48377900
20150827,13.5600,13.6700,13.2300,13.4600,42067900
20150828,13.7400,13.8400,13.5300,13.5400,25699000
20150831,13.8700,13.9400,13.5100,13.7600,38210300
20150901,13.7200,14.1500,13.6000,13.9500,50482900
20150902,13.8700,14.0000,13.6300,13.9900,29602800
20150903,13.8400,14.0700,13.7800,13.9400,27560400
20150904,13.5600,13.7000,13.4000,13.6800,31138400
20150908,13.6700,13.7800,13.5400,13.7700,30030100
20150909,13.5300,13.8400,13.4700,13.8100,30846300
20150910,13.7300,13.8300,13.3500,13.5200,38696300
20150911,13.7100,13.8100,13.5300,13.7500,22804500
20150914,13.7800,13.7900,13.6300,13.7200,26093500
20150915,14.3100,14.3700,13.7900,13.8000,46666700
20150916,14.6400,14.7600,14.2500,14.3200,41675000
20150917,14.6000,14.8800,14.4600,14.6100,37709000
20150918,14.2800,14.4800,14.2100,14.4400,40712200
20150921,14.3200,14.4300,14.1500,14.2000,20764100
20150922,13.9200,14.0500,13.7300,14.0100,44081000
20150923,13.6800,13.9500,13.5100,13.9300,31598400
20150924,13.6500,13.7000,13.2700,13.5700,32462000
20150925,13.5300,13.8700,13.5100,13.8700,35967400
20150928,13.1200,13.5100,13.0600,13.4600,41124700
20150929,13.1500,13.2100,13.0100,13.1400,44417400
20150930,13.5700,13.5800,13.2700,13.3700,40205300
20151001,13.6700,13.7800,13.4700,13.7600,33326900
20151002,13.9900,14.0100,13.4200,13.5000,30097000
20151005,14.1900,14.2700,13.9000,14.1200,38611900
20151006,14.3100,14.4400,14.1500,14.1900,27045900
20151007,14.7500,14.7500,14.4600,14.4900,33389600
20151008,14.9900,15.0100,14.6800,14.7200,25994700
20151009,14.9700,15.1000,14.8200,15.0300,29216500
20151012,14.9800,15.0000,14.8500,14.9800,14372100
20151013,14.9400,15.1000,14.8300,14.8800,30615400
20151014,15.0100,15.0400,14.8600,14.9400,22314500
20151015,15.2200,15.2300,14.9900,15.2000,27437600
20151016,15.2800,15.2900,15.1100,15.2500,23565500
20151019,15.3600,15.3600,15.1500,15.2300,17863000
20151020,15.3800,15.6000,15.2700,15.2700,29453800
20151021,15.4100,15.6900,15.3500,15.6000,34039800
20151022,15.5800,15.6300,15.4000,15.4900,23484400
20151023,15.6700,15.7500,15.4900,15.7100,28592800
20151026,15.6800,15.8400,15.5700,15.7300,38062300
20151027,14.8900,15.1500,14.8000,15.0100,64579700
20151028,14.9700,15.0000,14.6700,14.7800,34485300
20151029,14.7300,14.9600,14.6100,14.9400,32247000
20151030,14.8100,14.9500,14.6300,14.7400,29225800
20151102,14.7500,14.9000,14.7100,14.7900,30295900
20151103,14.8100,14.8700,14.7200,14.7800,25878800
20151104,14.6500,14.8600,14.6400,14.8300,27166400
20151105,14.5700,14.7100,14.5000,14.7000,21877700
20151106,14.5200,14.5500,14.3800,14.5100,24085700
20151109,14.3300,14.5300,14.2600,14.5200,25257400
20151110,14.2800,14.3400,14.1400,14.3300,22197200
20151111,14.3100,14.3800,14.1800,14.2800,16893000
20151112,14.0400,14.2700,14.0200,14.2100,20283700
20151113,13.9200,14.0700,13.8900,14.0200,25482700
20151116,14.0400,14.0800,13.8500,13.8500,22636000
20151117,14.1500,14.3700,14.0100,14.0200,25188600
20151118,14.4600,14.5000,14.1800,14.2300,26250400
20151119,14.5700,14.6300,14.4200,14.4500,23593800
20151120,14.6000,14.7600,14.5400,14.6200,18906200
20151123,14.5500,14.7300,14.5100,14.6000,18273900
20151124,14.5500,14.6300,14.3200,14.4100,21251800
20151125,14.5500,14.6800,14.5200,14.5400,12627000
20151127,14.5300,14.5900,14.5000,14.5400,7760600
20151130,14.3300,14.5500,14.2900,14.5400,27860300
20151201,14.5600,14.5600,14.2900,14.3200,29142200
20151202,14.2600,14.6200,14.2400,14.6000,21398100
20151203,13.9800,14.3400,13.9300,14.3100,29847300
20151204,14.2000,14.2600,14.0000,14.0800,28354100
20151207,14.1200,14.2000,14.0200,14.1900,14530600
20151208,13.9700,14.1000,13.8800,14.0300,30356900
20151209,13.8900,14.1400,13.8000,13.9100,25196900
20151210,13.9600,14.0900,13.8900,13.9100,22039300
20151211,13.6400,13.9200,13.5800,13.8400,29576400
20151214,13.6200,13.7400,13.4000,13.6600,26825200
20151215,13.8700,14.0000,13.7200,13.7400,43009200
20151216,14.3600,14.3600,13.9900,14.0000,40683800
20151217,13.9800,14.3800,13.9500,14.3700,26179800
20151218,13.8000,13.9100,13.7200,13.8800,40453000
20151221,13.7300,13.9500,13.6700,13.8900,31598000
20151222,14.2000,14.2500,13.9000,13.9300,50646600
20151223,14.3600,14.3800,14.2600,14.2700,22172300
20151224,14.3100,14.3700,14.2500,14.3500,9000100
20151228,14.1800,14.3400,14.1600,14.2800,13697500
20151229,14.2300,14.3000,14.1500,14.2800,18867800
20151230,14.1700,14.2600,14.1200,14.2300,13800300
20151231,14.0900,14.1600,14.0400,14.1400,19881000
20160104,13.9700,14.0000,13.7500,13.8700,38618500
20160105,13.7200,14.0000,13.5100,13.9700,50267500
20160106,13.1100,13.5600,13.0500,13.5600,61285500
20160107,12.7000,13.0400,12.6000,12.9000,57846700
20160108,12.5400,13.1000,12.5000,13.0500,46199400
20160111,12.7700,12.8200,12.5500,12.8000,41269100
20160112,12.8500,13.0400,12.5800,13.0300,50983700
20160113,12.2000,12.8400,12.0600,12.7300,102174704
20160114,12.1900,12.3100,11.8200,12.1900,62938600
20160115,11.9700,12.0000,11.5800,11.8100,69030000
20160119,11.9500,12.1600,11.8200,12.1500,41142600
20160120,11.9000,12.0700,11.4700,11.7900,59879000
20160121,12.0100,12.2800,11.8600,12.0100,48841800
20160122,12.1400,12.3600,12.0300,12.2600,44537800
20160125,11.9800,12.3100,11.9300,12.3000,96738600
20160126,12.2600,12.3000,12.0400,12.1400,45969800
20160127,11.8500,12.1000,11.7300,12.0500,42064200
20160128,11.7100,12.0600,11.2000,12.0300,75699800
20160129,11.9400,11.9400,11.6500,11.8300,52137400
20160201,12.0700,12.1400,11.7300,11.9200,37301200
20160202,11.5100,12.0800,11.4500,11.9500,55649200
20160203,11.4600,11.6800,11.0200,11.6700,69454600
20160204,11.5300,11.6900,11.2600,11.3700,40223100
20160205,11.4500,11.7000,11.4200,11.5200,33322200
20160208,11.5900,11.6900,11.2500,11.3900,45274500
20160209,11.3500,11.6100,11.2200,11.4700,48956800
20160210,11.3400,11.5700,11.3300,11.4600,38160300
20160211,11.1700,11.4300,11.1000,11.1700,45801300
20160212,11.5500,11.5800,11.1800,11.2500,28085000
20160216,11.8700,11.8800,11.5300,11.7500,41072100
20160217,12.2700,12.3000,11.9800,11.9900,37766400
20160218,12.2600,12.4400,12.1200,12.4000,28784700
20160219,12.1000,12.2200,12.0100,12.1900,26479300
20160222,12.5600,12.5600,12.1000,12.1000,33549700
20160223,12.4200,12.6500,12.4200,12.5300,30136700
20160224,12.0800,12.1100,11.6000,12.1100,60608400
20160225,12.3900,12.4000,12.0500,12.1100,32024800
20160226,12.4700,12.5900,12.4000,12.5200,30228800
20160229,12.5100,12.6500,12.3900,12.4200,32999100
20160301,13.0900,13.1200,12.7200,13.0100,71523904
20160302,13.2200,13.3500,13.0400,13.0600,36598200
20160303,13.5400,13.6100,13.2400,13.2500,44524500
20160304,13.5900,13.8600,13.4300,13.5600,31818600
20160307,13.6200,13.7400,13.4500,13.4600,26131400
20160308,13.2300,13.5800,13.1500,13.5100,34770600
20160309,13.1900,13.3200,13.0100,13.2500,34146200
20160310,13.1500,13.2800,12.9200,13.2500,39076500
20160311,13.2900,13.3000,13.2000,13.2600,27583000
20160314,13.2700,13.3700,13.1800,13.2800,20609600
20160315,13.2300,13.2400,13.0500,13.1200,27729900
20160316,13.5000,13.5100,13.1800,13.2100,47035000
20160317,13.4700,13.6800,13.3900,13.4700,31521700
20160318,13.6400,13.7000,13.4900,13.5400,32182400
20160321,13.6600,13.7600,13.5600,13.6400,20905200
20160322,13.5900,13.7300,13.5100,13.6500,26148000
20160323,13.2600,13.6100,13.1900,13.5700,31535500
20160324,13.0600,13.1200,12.7800,13.1100,36203200
20160328,13.0900,13.1700,13.0700,13.1300,18684200
20160329,13.2000,13.2000,12.9700,13.0500,26077400
20160330,13.3500,13.4400,13.2500,13.2800,25322500
20160331,13.5000,13.5200,13.3400,13.3400,32943400
20160401,13.1000,13.3300,13.0500,13.2800,57914000
20160404,12.8000,13.1200,12.7600,13.1100,42406300
20160405,12.7700,12.8500,12.5200,12.7300,32425000
20160406,12.8200,12.8700,12.6500,12.7500,22597400
20160407,12.5200,12.7900,12.3900,12.7700,37688100
20160408,12.5500,12.7800,12.5100,12.6200,20015300
20160411,12.6600,12.8000,12.5800,12.6100,27744800
20160412,12.8100,12.8400,12.6600,12.7200,23417000
20160413,13.0600,13.1200,12.8500,12.8700,29331100
20160414,13.0900,13.1800,13.0200,13.0900,22453700
20160415,12.9400,13.1200,12.8500,13.1000,22986100
20160418,13.2500,13.2800,12.9500,12.9800,30137700
20160419,13.4400,13.5000,13.2800,13.3500,28808300
20160420,13.6400,13.7200,13.4000,13.4200,32199000
20160421,13.6500,13.8800,13.5600,13.8100,38126300
20160422,13.6100,13.7800,13.5100,13.6300,28846300
20160425,13.5800,13.6500,13.4700,13.5900,19494800
20160426,13.7500,13.8200,13.6300,13.6600,35214200
20160427,13.6600,13.7100,13.5900,13.6400,27151400
20160428,14.0900,14.2200,13.7100,13.7900,87588800
20160429,13.5600,14.0300,13.5300,13.9300,69695104
20160502,13.6200,13.7900,13.6000,13.6700,57955400
20160503,13.4300,13.5500,13.1500,13.5000,45432200
20160504,13.3100,13.3800,13.1400,13.2900,28815300
20160505,13.3200,13.4300,13.2200,13.3500,23784900
20160506,13.4400,13.4800,13.2400,13.2600,23234500
20160509,13.3200,13.5000,13.2800,13.4200,21400800
20160510,13.4900,13.5200,13.3800,13.3800,23498400
20160511,13.3200,13.5400,13.3000,13.4400,19963200
20160512,13.3500,13.4700,13.1700,13.4000,24768100
20160513,13.2200,13.5200,13.1700,13.3400,27395100
20160516,13.3200,13.3800,13.2100,13.2200,21160200
20160517,13.1400,13.3100,13.0700,13.1400,34037300
20160518,13.1600,13.3400,13.0500,13.1200,23427200
20160519,13.0900,13.2000,13.0200,13.1000,23726200
20160520,13.1900,13.2600,13.1300,13.1500,19416300
20160523,13.1300,13.2000,13.1100,13.1400,16194800
20160524,13.2900,13.3000,13.1600,13.1600,19592500
20160525,13.5200,13.6000,13.3300,13.3300,26188300
20160526,13.4600,13.6800,13.3700,13.5900,18168300
20160527,13.4500,13.5400,13.4000,13.4800,17068800
