20150529,19.6500,20.0700,19.6500,20.0500,13437800
20150601,19.3500,19.7500,19.3000,19.7500,11548700
20150602,20.4600,20.6800,19.5100,19.5200,16644000
20150603,19.8700,20.6500,19.8000,20.4600,17067500
20150604,19.5200,19.7000,19.4000,19.6500,14532400
20150605,19.6500,19.7600,19.2600,19.3600,10893200
20150608,19.4000,19.9000,19.2900,19.9000,11498500
20150609,20.0200,20.2200,19.5300,19.6000,15810300
20150610,20.5600,20.7800,20.4500,20.5400,15533900
20150611,19.9300,20.4000,19.8000,20.3600,12578900
20150612,19.8100,19.8700,19.5200,19.8500,9426600
20150615,19.5900,19.9500,19.4200,19.4300,17871700
20150616,19.8000,19.9300,19.3100,19.5600,10145900
20150617,20.0200,20.1300,19.5400,19.9600,10483000
20150618,20.1300,20.3500,19.7200,20.2500,12248000
20150619,19.7700,20.0300,19.6800,19.9100,15734700
20150622,19.4000,19.8000,19.3900,19.7000,12619500
20150623,20.1100,20.1500,19.3800,19.4000,16277900
20150624,20.5600,21.1700,20.1500,20.1600,23128300
20150625,19.7400,20.6600,19.5700,20.4000,17142500
20150626,19.9400,20.0600,19.5300,19.6300,17434900
20150629,19.3800,19.9600,19.3600,19.7000,13466300
20150630,18.6200,19.5200,18.5100,19.4800,22002800
20150701,18.4000,18.8100,18.2100,18.5800,14112900
20150702,18.4000,18.8400,18.2700,18.6000,13265700
20150706,17.8400,18.1200,17.5100,17.8900,18450800
20150707,17.2500,17.3700,16.0000,17.3700,44548100
20150708,16.5000,17.2900,16.3500,17.1500,20571900
20150709,16.7800,17.3400,16.7600,17.1700,17844600
20150710,16.7400,17.5000,16.6700,17.3000,14907700
20150713,16.9200,17.0100,16.2600,16.5900,16280900
20150714,17.1100,17.2100,16.6000,16.7300,14889500
20150715,16.4100,17.1600,16.2700,17.1100,17215000
20150716,16.3000,16.6700,16.1000,16.6500,12697900
20150717,15.8800,16.1700,15.5500,16.1700,18847000
20150720,15.0500,15.6700,14.9100,15.5100,35635000
20150721,15.7200,16.2500,15.2000,15.2500,27647900
20150722,15.0600,15.5600,14.8600,15.5100,28339600
20150723,13.6400,15.3900,13.3000,15.3200,60229700
20150724,12.2900,13.4600,12.1700,13.4500,56994300
20150727,11.3700,12.5600,11.1600,11.9500,64856700
20150728,12.3300,12.6900,11.6200,11.7600,51813300
20150729,12.5000,12.6000,12.1800,12.3600,32226300
20150730,11.8400,12.4900,11.5700,12.3000,29185400
20150731,11.7500,12.1500,11.5800,12.1000,18926700
20150803,11.2000,11.6700,11.1200,11.6400,22812600
20150804,11.0400,11.6800,10.9300,11.5200,22773500
20150805,10.9300,11.8700,10.9000,11.4700,41019200
20150806,11.2100,11.3000,10.7200,10.8400,28172300
20150807,10.5300,11.2500,10.4800,11.0700,26792200
20150810,11.6500,11.6900,10.1000,10.1100,40044700
20150811,10.2200,11.0600,10.0000,11.0500,47011600
20150812,10.2500,10.3800,9.8800,10.0500,35659000
20150813,10.0700,10.2800,9.9600,10.1900,27176600
20150814,10.0300,10.3600,10.0100,10.0900,19115600
20150817,10.2400,10.3000,9.9200,9.9200,29758400
20150818,9.9200,10.0500,9.8100,9.9700,44885100
20150819,9.7300,9.8700,9.5900,9.8500,41990400
20150820,9.7100,10.1200,9.5900,9.9900,45135700
20150821,9.5800,9.8000,9.4800,9.7400,29974400
20150824,8.6800,9.4200,8.1600,8.6700,35840500
20150825,8.2400,9.2600,8.2400,9.2500,37157600
20150826,7.9200,8.2900,7.7600,8.2500,52995000
20150827,10.1900,10.4800,8.5600,8.6300,107966704
20150828,10.5000,11.4800,10.3100,11.3300,110214000
20150831,10.6400,10.8300,10.1700,10.3500,58259700
20150901,9.7700,10.3900,9.6500,10.1100,42543100
20150902,9.9000,10.0500,9.5000,10.0500,36488400
20150903,10.1300,10.3500,9.8600,10.0200,40838100
20150904,9.7100,9.9100,9.5100,9.7900,30074200
20150908,10.4000,10.5800,10.0800,10.2100,66046100
20150909,10.7300,11.1800,10.4100,10.7700,44865100
20150910,11.2700,11.3400,10.7800,10.8200,54185300
20150911,11.4000,11.6400,11.1000,11.3100,41622600
20150914,11.1600,11.5400,10.8800,11.1700,28249300
20150915,11.2900,11.4800,11.1100,11.1300,28015800
20150916,11.8400,11.8700,11.3900,11.4500,29949900
20150917,12.0500,12.5900,11.5600,11.6600,48932900
20150918,10.8800,11.4300,10.5400,11.3400,79177904
20150921,10.5300,10.9000,10.5100,10.7700,43161300
20150922,10.5900,10.7800,9.7200,9.9700,91540304
20150923,10.0000,10.6700,9.9600,10.6200,34038800
20150924,9.9900,10.1400,9.5700,9.7000,46986600
20150925,9.8000,10.0800,9.6000,10.0600,46429900
20150928,8.9100,9.8000,8.6200,9.8000,49501600
20150929,9.1100,9.2600,8.9600,8.9700,27293100
20150930,9.6900,9.7800,9.2500,9.2700,42200500
20151001,9.8200,10.1400,9.5100,9.9100,31312800
20151002,10.6200,10.6600,9.6200,9.7100,39607300
20151005,11.1800,11.2900,10.5100,10.5400,38489400
20151006,11.8300,11.9300,11.3000,11.4300,53934000
20151007,13.0100,13.4400,12.2300,12.2300,93597696
20151008,13.4600,13.6200,12.7100,12.9500,52374300
20151009,13.4900,14.2000,13.1700,13.8900,51723400
20151012,12.9400,13.5400,12.5300,13.5400,30719200
20151013,12.7300,13.1500,12.1200,12.3100,30954800
20151014,13.0600,13.0900,12.4700,12.8300,27640200
20151015,13.0000,13.2000,12.8400,12.9200,25938300
20151016,12.4400,13.0600,12.2500,13.0600,28007400
20151019,12.0300,12.4000,11.7700,12.2100,25838700
20151020,12.2400,12.3900,11.8300,11.9300,23307600
20151021,11.9500,12.3500,11.8700,12.2900,24713500
20151022,12.0200,12.8000,11.5300,11.5400,36187300
20151023,12.1300,12.2800,11.7800,12.1900,25782800
20151026,12.0200,12.3100,11.9800,12.1400,13577900
20151027,11.6100,11.9900,11.3200,11.8200,23378700
20151028,11.7800,12.3600,11.4000,11.4200,32522500
20151029,11.6300,12.0000,11.5300,11.5800,19680300
20151030,11.7700,12.0500,11.5600,11.7000,21816300
20151102,11.8200,12.0500,11.6100,11.7900,23081000
20151103,12.4100,12.6800,11.8100,11.8200,35032300
20151104,12.0200,12.7500,11.7700,12.6500,30393800
20151105,11.4800,11.8600,11.2100,11.7700,36803900
20151106,10.7500,11.2500,10.6100,11.1700,35330300
20151109,10.4900,10.8800,10.1300,10.7300,28849300
20151110,9.8300,10.3700,9.8000,10.3700,35554900
20151111,9.3100,9.9200,9.0200,9.9100,40818900
20151112,8.7700,9.1800,8.6000,8.8600,47069000
20151113,8.6800,8.9900,8.6400,8.9700,32314300
20151116,8.8600,8.9200,8.6100,8.7100,30302100
20151117,8.3900,8.9700,8.3300,8.9400,32672500
20151118,8.7700,8.8000,8.4500,8.5300,32434000
20151119,8.4100,8.8500,8.4000,8.8000,27405200
20151120,8.2500,8.5800,8.0000,8.4400,34819700
20151123,8.0000,8.2000,7.9400,8.2000,36508600
20151124,8.3000,8.4000,8.0100,8.1900,48025100
20151125,8.1000,8.4900,8.0000,8.1600,29689500
20151127,8.1000,8.2500,8.0300,8.1300,14910900
20151130,8.1800,8.4800,8.0300,8.1100,33830700
20151201,8.3300,8.4100,8.1300,8.2500,32715400
20151202,7.8300,8.2300,7.8000,8.2300,45139900
20151203,7.6800,7.9800,7.6300,7.8500,45389300
20151204,7.8500,7.9200,7.5400,7.6500,45383900
20151207,7.2300,7.6300,7.1900,7.6300,45710200
20151208,6.7400,7.0600,6.6300,7.0600,57667900
20151209,6.9900,7.4800,6.9000,6.9600,60623500
20151210,7.3600,7.4500,6.9300,7.0700,47334100
20151211,6.9000,7.2900,6.8300,7.1600,67394400
20151214,6.4600,6.9500,6.4300,6.8500,56987100
20151215,6.5200,6.7900,6.4600,6.5700,47266100
20151216,6.6900,6.8600,6.5300,6.6300,50015000
20151217,6.1200,6.6400,6.1000,6.5700,53022700
20151218,6.2100,6.4800,6.0800,6.2900,90834200
20151221,6.2400,6.4800,6.1300,6.3100,42711200
20151222,6.4200,6.4600,6.2300,6.2800,40851000
20151223,7.4500,7.5300,6.7000,6.7000,76458200
20151224,7.5700,7.6400,7.2600,7.5300,23225200
20151228,6.8500,7.3300,6.8100,7.3300,42523400
20151229,6.9700,7.2900,6.8600,7.1500,35344500
20151230,6.7700,6.9400,6.6800,6.7400,26379300
20151231,6.7700,6.9300,6.6800,6.6900,24396600
20160104,6.5500,6.7600,6.3000,6.6000,42971800
20160105,6.7100,6.7300,6.5100,6.6200,37681800
20160106,6.1700,6.4700,6.1300,6.3700,45246300
20160107,5.6100,6.0400,5.4300,5.9800,66532900
20160108,5.4100,5.7100,5.3600,5.6700,42195500
20160111,4.3100,5.4200,4.2300,5.4000,117383000
20160112,4.1100,4.5800,3.6500,4.3100,141281792
20160113,3.7400,4.2800,3.7000,4.1800,64407300
20160114,4.2000,4.2300,3.7800,3.8100,77641400
20160115,4.3500,4.3500,3.7700,3.8000,72977600
20160119,3.9600,4.5800,3.9200,4.5800,59735900
20160120,4.0700,4.1300,3.5200,3.7700,88337200
20160121,4.3300,4.4300,3.9700,4.1400,61066600
20160122,3.9400,4.6600,3.8000,4.5900,107814096
20160125,3.9400,4.0000,3.8100,3.8700,51086300
20160126,4.2000,4.4200,3.8300,4.4000,91940800
20160127,4.6500,5.0800,4.0200,4.0600,95563504
20160128,4.4200,4.8800,4.2100,4.8000,66789400
20160129,4.6000,4.7500,4.3700,4.4400,41823100
20160201,4.7400,4.8200,4.3300,4.5000,48283700
20160202,4.3500,4.6500,4.2600,4.6000,31559600
20160203,4.8500,4.8500,4.3500,4.4300,44213000
20160204,5.7200,6.0300,5.0900,5.1000,116173800
20160205,5.6800,5.9800,5.4500,5.5700,71686304
20160208,5.2700,5.9300,5.1700,5.4600,64853400
20160209,5.0000,5.4000,4.9700,5.1200,43151600
20160210,4.9800,5.1300,4.7800,4.9500,33743900
20160211,4.8900,5.0800,4.6500,4.8100,37980200
20160212,5.5300,5.7500,5.0800,5.1200,44408400
20160216,6.3700,6.3800,5.8000,5.8200,74148400
20160217,7.1600,7.6000,6.6000,6.6300,103520304
20160218,7.1500,7.4200,6.6500,7.4000,59703700
20160219,6.9200,7.1700,6.7500,6.9800,38797400
20160222,7.9300,7.9700,7.2700,7.2700,75176096
20160223,7.2400,7.7400,7.1500,7.5500,58801900
20160224,7.2000,7.2600,6.5500,6.7400,57050800
20160225,7.1200,7.3400,6.7900,7.1400,35161800
20160226,7.4300,7.8000,7.3100,7.7000,48311100
20160229,7.6300,7.8400,7.5100,7.6900,46472500
20160301,7.7600,7.8800,7.2600,7.8400,53860300
20160302,8.9700,9.0200,7.7900,7.8200,84686704
20160303,9.1100,9.2000,8.4600,8.6600,66639700
20160304,9.7400,10.5000,9.1700,9.3200,104835504
20160307,9.8600,10.2000,9.5100,9.7700,63493600
20160308,8.6600,9.4200,8.5600,9.3700,58328900
20160309,9.1500,9.2300,8.4700,8.9100,49063000
20160310,9.6000,9.6500,8.7500,8.8600,55701100
20160311,9.5500,9.8800,9.4100,9.8500,40901700
20160314,9.9700,10.1400,9.3700,9.4700,39704600
20160315,9.2700,9.4900,9.0300,9.4500,36348600
20160316,10.2200,10.2800,9.2200,9.2500,49163700
20160317,10.9000,11.0700,10.0600,10.4300,52841600
20160318,10.7600,11.4500,10.4400,11.0400,78652800
20160321,10.8000,10.9300,10.3500,10.6500,31248900
20160322,10.9900,11.2000,10.4300,10.5600,31000600
20160323,9.7500,10.7200,9.7300,10.5700,48568400
20160324,10.1100,10.1500,9.1000,9.3700,52527400
20160328,10.1400,10.4800,9.7300,10.2500,35295200
20160329,10.1400,10.3000,9.4100,9.7100,44124800
20160330,10.2900,10.5900,9.9900,10.3600,46703300
20160331,10.3400,10.4600,10.1300,10.1300,32847800
20160401,9.8900,10.0000,9.5900,9.9200,41391600
20160404,9.4200,10.0900,9.3900,9.9100,38656000
20160405,9.3400,9.6200,9.2200,9.2600,31995200
20160406,9.6100,9.6500,9.1000,9.4700,37216700
20160407,8.8500,9.5100,8.7600,9.2800,61050100
20160408,9.3300,9.5300,9.0200,9.1700,37139900
20160411,9.7600,9.8800,9.5100,9.5800,33148000
20160412,10.4300,10.4800,9.9000,10.0300,58589400
20160413,10.8200,11.2300,10.7200,10.7400,54961400
20160414,10.7300,11.0700,10.5400,10.8500,37693400
20160415,10.8600,10.9300,10.3500,10.4700,29350200
20160418,11.0200,11.0900,10.2200,10.4800,40993800
20160419,12.0100,12.0200,11.0600,11.0700,62996700
20160420,12.3600,12.6900,11.8200,11.9500,61879200
20160421,11.5200,12.7000,11.4700,12.5900,65928000
20160422,11.6700,12.0500,11.4300,11.7600,53003200
20160425,11.3500,11.7600,11.1600,11.5900,35706800
20160426,11.4800,11.6000,10.5600,11.2900,56503700
20160427,12.6500,12.6700,11.5900,11.6900,58083800
20160428,12.6600,13.3600,12.6100,12.6600,62457500
20160429,14.0000,14.0600,13.0500,13.1100,74434200
20160502,13.5500,14.0400,13.3100,14.0300,46165300
20160503,12.0100,13.0800,12.0000,13.0400,58759300
20160504,11.8000,12.5100,11.5800,12.1400,48012000
20160505,11.2900,12.2200,11.0800,12.0900,50082100
20160506,11.7900,12.1200,11.1300,11.1400,51528300
20160509,10.5200,11.2400,10.3700,11.2000,51190300
20160510,10.8600,10.9800,10.5100,10.7900,25734200
20160511,11.6100,11.9400,11.0000,11.0200,46688800
20160512,11.0300,11.9800,10.8300,11.6700,47824500
20160513,10.4100,11.3700,10.2900,10.9600,43724500
20160516,11.0400,11.4600,10.7800,10.7800,43679200
20160517,11.5100,11.9000,11.0900,11.3000,56826100
20160518,10.5400,11.4800,10.3500,11.2300,55369200
20160519,10.9800,11.0200,10.2200,10.3300,47866700
20160520,11.0800,11.3600,10.8700,11.1300,42620000
20160523,11.3800,11.4500,10.7200,10.8000,39484700
20160524,11.1100,11.5100,11.0300,11.4100,37876300
20160525,11.6500,11.7300,11.1100,11.3900,45708800
20160526,11.3400,12.0400,11.2800,11.9100,30606500
20160527,11.1400,11.4200,10.9600,11.3500,28521800
