20150529,35.6800,36.2500,35.6300,36.1600,2950700
20150601,35.6000,35.9000,35.4000,35.8100,2555300
20150602,35.0100,35.5200,34.7500,35.4300,2156900
20150603,34.4800,35.1500,34.2400,35.0000,2182900
20150604,34.5500,34.9400,34.3200,34.3500,2506200
20150605,34.4000,34.4300,33.8800,34.1500,2940800
20150608,34.3000,34.5700,34.1800,34.3300,2041800
20150609,33.9200,34.3500,33.8800,34.2000,2557000
20150610,34.5400,34.7900,34.2300,34.2500,4708100
20150611,34.5200,34.8400,34.2000,34.7600,2164800
20150612,33.6700,34.3700,33.6700,34.3700,2492200
20150615,33.2900,33.6600,33.1700,33.6100,2736200
20150616,33.3600,33.4100,33.0000,33.2900,1910800
20150617,33.4300,33.6200,32.9800,33.3500,3586500
20150618,34.0400,34.1400,33.5000,33.5100,3111300
20150619,33.8000,34.2400,33.7500,34.0200,3378100
20150622,33.6900,34.0600,33.6300,33.9500,2041300
20150623,33.2700,33.7900,33.1700,33.7600,2537600
20150624,33.0000,33.3500,33.0000,33.2500,2059700
20150625,32.8600,33.1400,32.8300,33.0400,2219400
20150626,32.7500,33.0500,32.5700,32.8600,2285200
20150629,32.6100,33.3800,32.5900,32.6800,2493200
20150630,32.5500,32.8100,32.4600,32.6900,2313500
20150701,32.8100,32.8300,32.5300,32.6600,1796100
20150702,33.2100,33.4100,32.9600,33.0900,1411100
20150706,33.3100,33.5200,32.8700,33.1400,1944200
20150707,34.0600,34.1800,33.3900,33.4300,2727200
20150708,33.7900,34.1600,33.7100,33.8900,2412300
20150709,33.4700,34.1400,33.3300,33.9100,1615700
20150710,33.6600,33.9300,33.4200,33.6300,1477500
20150713,33.6700,33.8400,33.4300,33.7800,1555100
20150714,33.6200,33.8800,33.4400,33.6700,1471400
20150715,33.8600,33.8700,33.4300,33.5500,1690100
20150716,34.6900,34.7300,33.7900,33.9000,3000700
20150717,34.4000,34.6000,34.2700,34.5600,2069000
20150720,33.9700,34.4200,33.7600,34.4000,1858600
20150721,33.2800,33.9500,33.1900,33.8600,1900800
20150722,33.3200,33.6100,33.1900,33.3700,2148000
20150723,32.3200,32.9700,32.1000,32.9000,4774800
20150724,32.2900,32.5200,32.2600,32.3500,2119700
20150727,32.7500,32.9300,32.2400,32.2400,1457600
20150728,32.8000,32.9000,32.5400,32.7300,2090400
20150729,32.6100,32.8100,32.3200,32.7000,2382500
20150730,32.9600,32.9900,32.4500,32.4800,2516700
20150731,33.9600,34.1200,33.1500,33.1500,3450300
20150803,34.4300,34.4700,33.9400,34.0200,2964400
20150804,33.7100,34.5700,33.6500,34.3700,3115300
20150805,33.5600,33.9400,33.4700,33.4900,2203300
20150806,33.9700,34.0000,33.2800,33.6100,2660300
20150807,34.2600,34.6000,33.7400,33.9300,2765600
20150810,34.1300,34.5400,34.0300,34.3200,1855100
20150811,34.1900,34.6500,34.1300,34.1300,2166400
20150812,34.6100,34.6600,34.0100,34.1400,3557800
20150813,34.4500,34.5400,34.2000,34.4700,2394500
20150814,34.7900,34.7900,34.3200,34.4400,3647700
20150817,34.8700,35.0900,34.7200,34.8200,2633900
20150818,34.6500,34.8600,34.4300,34.7300,3120200
20150819,34.8800,35.0500,34.4300,34.5200,2838500
20150820,34.3800,34.9800,34.3400,34.6400,3124300
20150821,33.9900,34.5300,33.9000,34.2700,4225700
20150824,32.7400,33.8700,32.5100,32.7200,7278000
20150825,31.7200,33.4900,31.7100,33.4500,4958100
20150826,32.1400,32.2600,31.4700,32.1500,5280700
20150827,32.5100,32.5200,32.0200,32.4000,4199600
20150828,32.4900,32.5000,31.9000,32.4000,3852200
20150831,31.9600,32.3900,31.5300,32.3400,3672700
20150901,30.9800,32.1400,30.7600,31.7000,3378100
20150902,30.8600,31.4400,30.3400,31.2800,6401400
20150903,31.2500,31.3100,30.7900,30.9300,5387500
20150904,30.5900,31.0300,30.4800,30.9000,2929300
20150908,31.1800,31.2200,30.8200,31.0200,2997900
20150909,30.7800,31.4300,30.7200,31.3900,3137900
20150910,30.5700,31.1000,30.5100,30.7400,3680000
20150911,30.5900,30.7600,30.4600,30.6100,4114300
20150914,30.8800,31.1200,30.6500,30.6800,3766200
20150915,31.1900,31.3400,30.6500,30.9300,3405900
20150916,31.5800,31.9600,31.1000,31.2000,3499600
20150917,31.7200,32.1700,31.4500,31.5800,3280900
20150918,31.1300,31.8800,31.0600,31.3900,5285600
20150921,31.3500,31.5700,31.1700,31.2500,3487700
20150922,30.9000,31.6000,30.7100,31.5500,3982100
20150923,30.4700,31.0300,30.4500,30.9500,3491800
20150924,30.7200,30.7700,30.3100,30.3900,3214100
20150925,31.0400,31.2900,30.4700,30.7900,3095500
20150928,30.9100,31.2800,30.8900,31.0200,2465600
20150929,30.8300,31.1200,30.6400,30.9400,1821800
20150930,31.3100,31.3400,30.8600,30.9600,3293800
20151001,30.5900,31.4900,30.2800,31.3600,2883000
20151002,30.9500,31.0500,30.4400,30.7100,2324300
20151005,31.6000,31.8300,31.0500,31.0500,4347700
20151006,31.1500,31.6500,30.9700,31.4900,2415600
20151007,31.0300,31.3600,30.9700,31.2000,3225100
20151008,31.3400,31.4400,30.9200,30.9900,3548300
20151009,31.5600,31.5600,31.2400,31.3500,4719500
20151012,32.4000,32.5700,31.6700,31.7000,4878800
20151013,32.3300,32.6600,32.2100,32.5100,4691700
20151014,32.5000,32.7800,32.2400,32.3900,4124700
20151015,32.7400,32.8700,32.4600,32.6400,4098300
20151016,32.5000,33.0000,32.4300,32.9600,3238000
20151019,32.2200,32.6400,32.0700,32.5800,3009700
20151020,32.6300,32.6700,32.0800,32.2000,5134500
20151021,32.2400,32.8100,32.1900,32.6800,2491600
20151022,32.5100,32.7800,32.0100,32.3500,3555900
20151023,31.6700,32.5500,31.6200,32.5000,2973300
20151026,31.2900,31.8500,31.0300,31.8000,3580500
20151027,31.1900,31.3900,30.8900,31.2800,2109400
20151028,30.8400,31.3600,30.4700,31.2000,2504200
20151029,30.8200,30.8600,30.1400,30.7400,2896800
20151030,31.2000,31.4900,30.8100,31.0900,4703400
20151102,31.1600,31.3300,30.7100,31.2100,3968600
20151103,31.0700,31.3100,30.5100,31.1500,4411000
20151104,30.9900,31.0900,30.6200,30.6700,4965400
20151105,30.4000,30.9800,30.3200,30.9400,3051900
20151106,29.2900,30.0800,29.0500,30.0100,4014400
20151109,29.1200,29.3200,28.8900,29.1700,4137800
20151110,29.4800,29.7400,29.1200,29.1600,2692400
20151111,30.2100,30.2200,29.4800,29.5800,4753300
20151112,30.1600,30.6500,30.0600,30.1200,5323900
20151113,30.6000,30.7500,30.1500,30.2000,5315900
20151116,30.4400,30.7500,30.2700,30.5400,2940600
20151117,30.0600,30.8000,30.0100,30.4800,2805300
20151118,30.4100,30.4800,29.6200,30.0600,5757100
20151119,31.2100,31.2600,30.6800,30.6800,4304700
20151120,31.4900,31.5200,30.8800,31.3300,4956800
20151123,31.1700,31.7400,31.1400,31.5400,3412200
20151124,31.1600,31.2700,30.8400,31.0000,2865100
20151125,30.9300,31.1600,30.5900,31.1300,2950500
20151127,31.1500,31.2900,30.9000,30.9500,1532800
20151130,31.3900,31.4600,30.9200,31.1000,5856400
20151201,32.2700,32.4600,31.5100,31.5900,9374800
20151202,31.9800,32.5400,31.6700,32.2700,7020100
20151203,32.0500,32.3400,31.8000,32.0900,6835300
20151204,32.8200,32.9900,32.0900,32.2400,5983600
20151207,32.4800,32.8800,32.4000,32.7400,5451000
20151208,31.9000,32.5000,31.7000,32.3300,4816100
20151209,32.0500,32.4500,31.6000,31.6500,4889100
20151210,31.5500,32.0700,31.5200,32.0700,3463900
20151211,31.4600,31.6900,31.1100,31.3200,3152100
20151214,30.9800,31.6600,30.7900,31.5700,4878300
20151215,31.1300,31.3300,30.9400,31.1800,5134300
20151216,31.6400,31.7700,31.3300,31.3300,5139000
20151217,31.5300,31.7800,31.3300,31.6400,5139700
20151218,31.0100,31.4000,30.9100,31.3600,5473400
20151221,31.0700,31.2700,30.9200,31.2200,4189200
20151222,31.7200,31.7600,30.9900,31.1700,3721500
20151223,32.4700,32.5300,31.8100,31.8100,2763400
20151224,32.6000,32.7500,32.3500,32.4100,1601800
20151228,32.6400,32.7300,32.2300,32.5000,2030300
20151229,32.6000,32.8100,32.4800,32.7100,2682000
20151230,32.2900,32.6800,32.2800,32.6000,2703700
20151231,31.7300,32.3500,31.4600,32.2500,4037000
20160104,31.5000,31.6300,31.2200,31.5200,4524900
20160105,31.5400,31.6400,30.9400,31.6300,5204200
20160106,31.8500,32.0100,31.1800,31.3200,3822700
20160107,31.0000,31.7700,30.8900,31.5200,4218400
20160108,31.5900,31.7700,30.9800,31.0200,5032000
20160111,32.0700,32.2500,31.6100,31.7000,5003400
20160112,32.1800,32.2900,31.5900,32.2000,5130600
20160113,31.5000,32.4000,31.4100,32.2100,3781000
20160114,32.5600,32.8000,31.3400,31.6000,4568100
20160115,31.8300,32.4700,31.3900,32.1700,5544400
20160119,32.4900,32.5800,31.7100,31.9200,4446500
20160120,31.1200,32.3400,30.6700,32.2600,5776800
20160121,31.3000,31.6400,30.6200,31.1500,5237200
20160122,32.2800,32.3800,31.3500,31.5800,3477500
20160125,31.8200,32.3200,31.7800,32.2800,3435700
20160126,32.0800,32.5200,31.7700,31.8600,2931400
20160127,31.9200,32.3400,31.6000,31.9600,2282400
20160128,32.1400,32.4000,31.7900,31.9500,4022000
20160129,33.0600,33.1100,32.3500,32.4200,4361600
20160201,33.0500,33.2800,32.9000,32.9900,4077500
20160202,32.9700,33.1200,32.6100,32.7000,4781800
20160203,33.5200,33.7200,32.6200,32.8200,5704900
20160204,33.2500,33.6100,33.2000,33.5400,3988200
20160205,33.7000,34.2100,32.9100,33.0800,5779700
20160208,33.2000,33.9000,32.6800,33.5100,5823700
20160209,33.3200,33.5000,32.7300,33.0400,3205700
20160210,33.6300,33.8000,32.8600,33.1800,2842400
20160211,32.8100,33.5700,32.5600,33.3100,2849200
20160212,32.8800,33.1100,32.5300,32.8500,3537200
20160216,33.4600,33.4700,32.7900,33.0900,3599900
20160217,32.2700,33.3500,32.1700,33.2000,5985400
20160218,33.9300,34.1300,32.3700,32.5100,6542400
20160219,32.9700,33.8200,32.8000,33.8200,5481600
20160222,33.3300,33.4200,32.9300,33.1500,3127700
20160223,33.0400,33.5900,32.9300,33.3200,3624000
20160224,32.7000,33.1700,32.4000,33.0000,5005900
20160225,33.9500,33.9900,32.7800,32.9300,4621300
20160226,32.8200,34.0600,32.6500,33.9400,4848200
20160229,33.4700,33.7200,32.6500,32.8200,4294600
20160301,33.4500,33.7900,33.2700,33.5800,3581400
20160302,33.7100,33.7400,32.5700,33.3000,2619300
20160303,33.9800,34.1300,33.3400,33.6600,2634200
20160304,34.5600,34.7400,33.5300,33.7300,2739400
20160307,35.1100,35.1400,34.3400,34.4300,2645900
20160308,35.5600,35.7700,34.7100,35.1200,3952800
20160309,35.8000,36.4500,35.4900,35.5200,4088700
20160310,35.9700,36.2300,35.6000,35.6800,3787000
20160311,35.7000,36.3600,35.6900,36.0800,3409600
20160314,35.5900,35.7600,35.4300,35.7100,2420900
20160315,35.5900,35.7000,35.2500,35.5200,2849500
20160316,35.9000,36.1600,35.2200,35.4200,3759100
20160317,36.1700,36.3500,35.8400,36.0400,2665800
20160318,35.7600,36.2000,35.7500,36.1600,4883900
20160321,35.8500,36.0700,35.4100,35.7300,3416800
20160322,35.7600,36.1800,35.6100,35.8800,3058000
20160323,35.9800,36.0800,35.5200,35.7300,2830700
20160324,36.1600,36.2500,35.7800,35.8500,2968400
20160328,35.7400,36.3500,35.6700,36.1600,2097100
20160329,36.3400,36.3800,35.6400,35.8300,4563900
20160330,35.7900,36.5400,35.7700,36.4100,5504800
20160331,35.9700,36.5200,35.5100,35.9400,7360500
20160401,36.0300,36.2900,35.6600,35.9800,6258400
20160404,35.6800,36.1300,35.5800,35.9900,4869600
20160405,35.0700,35.6900,34.8500,35.5700,5229400
20160406,34.5900,35.0900,34.5500,35.0300,5030400
20160407,34.7600,35.0400,34.5200,34.5600,4113900
20160408,35.1200,35.6900,34.8800,34.8900,4890800
20160411,35.3600,35.8100,35.2900,35.3300,3686200
20160412,35.7500,36.0000,35.4000,35.5200,3634200
20160413,35.6500,35.8000,35.4900,35.7800,2968300
20160414,35.4100,35.8000,35.3900,35.6000,2719100
20160415,35.6600,35.7700,35.2300,35.3900,3247500
20160418,35.8500,35.8900,35.4800,35.5700,2505600
20160419,35.5000,36.0300,35.3400,35.9500,4850200
20160420,34.7600,35.7000,34.7400,35.5100,4538800
20160421,33.9100,34.8400,33.5800,34.7300,6653200
20160422,34.4700,34.6500,34.0000,34.1600,4620700
20160425,34.4500,34.5300,34.0800,34.3100,4145200
20160426,34.3900,34.8700,34.3700,34.5400,4329700
20160427,36.0500,36.3200,34.6700,34.8600,11943200
20160428,32.4700,36.0500,31.6800,36.0500,19368800
20160429,32.5900,33.1000,32.2100,32.4500,8463000
20160502,33.0500,33.2400,32.6200,32.6800,6075200
20160503,33.5600,34.0200,33.1400,33.1400,8498700
20160504,33.6500,33.7700,32.8700,33.1300,4849400
20160505,33.5100,33.9400,33.3200,33.6900,2972400
20160506,33.0900,33.4400,32.9600,33.4400,4061600
20160509,33.5500,33.6500,33.0700,33.1900,3725800
20160510,33.8900,34.0500,33.5700,33.6000,3728500
20160511,33.9500,34.1700,33.7500,34.0200,3412000
20160512,33.9700,34.1900,33.7500,33.9200,4549500
20160513,33.4800,33.9700,33.4000,33.8300,4764900
20160516,33.3500,33.6200,33.3100,33.5500,3541800
20160517,32.9800,33.3900,32.8600,33.2800,3975800
20160518,32.1500,33.0400,31.9200,32.7400,5233100
20160519,32.3500,32.3700,31.8300,31.9600,2830400
20160520,32.2900,32.4600,32.1000,32.4600,2342400
20160523,32.0600,32.4000,32.0400,32.3700,3123000
20160524,32.0900,32.3600,31.9400,32.1200,2562900
20160525,32.1100,32.2600,31.3700,31.7400,4992900
20160526,32.3500,32.4900,32.0700,32.2000,2376200
20160527,32.4800,32.6100,32.2700,32.4500,2556000
