20150529,125.6900,126.7700,125.0600,126.4500,1036800
20150601,125.1100,125.7800,123.5400,124.4000,869100
20150602,125.2600,126.7000,123.7100,125.0800,1238500
20150603,126.2500,126.7600,124.5500,124.8800,816900
20150604,124.5800,126.8100,124.4300,125.6300,1955300
20150605,124.5200,124.7400,123.7100,124.6800,800800
20150608,124.8500,125.4300,124.0500,124.5100,708200
20150609,124.6900,125.0500,123.6700,124.9600,583500
20150610,126.9300,127.1300,124.8500,125.3700,569500
20150611,126.4800,127.9000,126.3900,127.5600,588900
20150612,125.1900,126.2000,125.0800,126.1500,671300
20150615,125.8100,126.0000,123.9000,124.6400,669700
20150616,126.3200,126.7900,125.8100,126.1500,533000
20150617,126.4800,127.3500,125.7200,126.6700,477900
20150618,126.9400,127.7500,126.3500,126.9200,797200
20150619,126.9200,127.2100,125.9600,126.8800,733200
20150622,127.8800,127.8800,126.4000,127.7200,634400
20150623,127.5400,128.0000,126.6400,128.0000,524500
20150624,126.0400,127.8500,125.7900,127.8400,509400
20150625,126.5500,127.4400,125.6500,126.1100,669600
20150626,123.5700,126.6900,122.7700,126.6900,1069300
20150629,120.0500,122.4800,119.9300,120.9300,1102800
20150630,120.3500,121.6000,118.5600,118.5800,672600
20150701,120.2600,121.2600,119.6500,121.0800,726900
20150702,120.4400,121.1500,119.7000,120.6500,469400
20150706,117.5500,119.0000,115.0400,118.7600,1794000
20150707,118.3200,118.9000,116.3800,118.4200,777900
20150708,117.8400,119.0800,117.4700,117.5700,1018100
20150709,115.3500,119.9800,115.3300,119.3200,1227100
20150710,116.3900,117.3300,114.5100,116.9100,1015800
20150713,116.9900,117.2800,116.1900,116.7100,623500
20150714,118.2500,118.6900,117.6000,117.7000,835600
20150715,117.8500,118.7900,117.6500,118.5000,825400
20150716,117.9300,119.0100,117.0200,118.1300,568900
20150717,116.2800,117.9700,115.5400,117.9000,724300
20150720,116.2600,117.0000,115.8800,116.6200,719100
20150721,118.2700,118.6000,116.1000,116.1000,835400
20150722,118.5000,119.6000,116.8600,117.3100,1820900
20150723,127.6800,130.2500,126.1000,128.3800,3245200
20150724,127.4900,129.0500,127.3300,128.0100,1136700
20150727,127.8100,129.2400,126.3600,126.9100,1190900
20150728,131.5200,132.2000,127.3500,128.6800,1623600
20150729,132.4900,132.7300,129.8700,131.7900,1194200
20150730,134.3100,134.5700,131.5100,132.2500,1007800
20150731,134.1400,135.2000,133.1900,134.5000,1270800
20150803,131.2000,132.7400,130.1400,130.9900,1184600
20150804,131.3600,132.2300,130.6000,130.6200,815700
20150805,132.2000,133.5100,131.5000,132.1800,718400
20150806,129.8500,132.8800,129.5300,132.2000,885400
20150807,130.3600,130.7900,128.4000,129.9300,701500
20150810,132.3400,132.4500,130.5100,131.2200,571700
20150811,131.3700,133.5700,130.8300,131.6100,817000
20150812,132.7100,133.0800,129.3300,130.3500,724000
20150813,131.6300,134.2800,131.5900,132.8900,550800
20150814,132.6100,132.8300,130.5600,131.9100,538900
20150817,133.8600,134.2700,131.5000,132.1400,699400
20150818,133.0000,134.1700,132.7200,134.0000,613300
20150819,132.7500,133.7700,132.1600,132.9900,590600
20150820,126.5600,131.5900,126.4500,131.5300,1233500
20150821,122.5100,126.8200,122.5000,125.6100,1402500
20150824,117.4700,122.0000,112.4300,117.3800,1907100
20150825,117.4700,123.8400,117.4200,120.4200,1196900
20150826,122.4500,122.6400,118.3000,120.6100,1126600
20150827,122.7900,125.6600,120.2900,123.4000,1143200
20150828,122.9700,123.6800,120.6300,122.1500,759100
20150831,121.4100,123.2800,121.3500,121.7300,636600
20150901,118.3900,121.0900,117.9600,118.7600,1119400
20150902,121.0000,121.0100,118.4000,120.0500,1218200
20150903,121.2400,122.4200,120.7900,121.2500,738300
20150904,118.8400,120.6800,118.4700,119.5800,582600
20150908,121.7100,121.7600,119.8000,120.6600,481600
20150909,119.8900,123.2200,119.6100,122.7700,501800
20150910,119.7400,120.9700,118.8100,119.7400,727100
20150911,118.1700,119.4500,117.0400,119.2400,1367500
20150914,117.0900,118.6500,116.6900,118.0700,800200
20150915,118.1700,119.0700,117.1900,117.5900,686000
20150916,119.1200,119.4400,117.8700,118.0300,479800
20150917,118.2200,120.2100,117.8200,119.1200,538900
20150918,115.1800,118.1500,114.8100,116.8700,1367200
20150921,115.8100,117.3700,114.7000,115.6100,739400
20150922,113.3000,113.6000,111.4300,113.0500,1106700
20150923,113.9000,114.4300,112.1500,112.8100,686100
20150924,115.8700,116.3500,111.9900,113.2400,1162500
20150925,114.7700,115.9600,113.8700,115.0600,1219800
20150928,114.0800,115.4400,113.2400,113.8600,1042200
20150929,115.0000,115.2800,113.6200,114.5000,928300
20150930,115.8000,117.4900,114.4900,115.8900,832800
20151001,116.9700,117.4500,115.2300,115.9700,926500
20151002,119.8300,120.0100,115.2000,115.3800,1133700
20151005,122.9400,123.2500,120.6500,120.6500,921100
20151006,117.9600,119.6700,116.0200,117.0300,1749600
20151007,118.6100,119.0200,114.8900,118.9000,1348500
20151008,118.9300,119.8400,115.0600,118.1800,822200
20151009,119.2700,120.3600,117.8300,119.1200,733600
20151012,119.4000,119.8100,118.7200,119.6700,523000
20151013,120.6200,121.5000,118.5000,119.3700,601400
20151014,117.4700,120.4100,117.1600,120.3800,1125900
20151015,116.6300,118.7000,116.4200,117.8900,1280600
20151016,118.3100,119.0000,116.1300,117.1300,1009300
20151019,118.5100,119.3000,116.7000,118.5200,746100
20151020,119.9800,120.0900,117.3400,117.4900,1188900
20151021,117.0700,120.5500,116.9600,120.3500,963600
20151022,120.5400,121.2600,117.9900,117.9900,908700
20151023,119.5000,122.0000,119.3200,121.6300,855100
20151026,119.9400,120.5400,118.2500,119.5000,792000
20151027,120.2900,121.0600,119.0500,119.8300,1144200
20151028,121.3400,121.7500,118.6400,120.7900,1606100
20151029,110.0800,114.2500,108.0000,108.0200,6291300
20151030,110.2000,111.1600,109.6100,110.4300,1463900
20151102,110.6500,110.6800,108.2400,109.0000,2289200
20151103,112.7800,113.7700,109.8000,110.5600,1975800
20151104,111.0100,113.8000,110.7700,112.7600,925100
20151105,109.6000,111.7200,109.0100,111.0500,1180900
20151106,109.6700,110.1600,108.2200,109.4600,1400800
20151109,109.5000,109.8600,108.6800,109.2600,1059000
20151110,107.3800,109.6000,106.8000,109.3400,1461800
20151111,107.8700,108.5700,106.8200,107.3400,982000
20151112,106.3100,108.5100,106.1400,107.3200,1138200
20151113,101.9700,102.8800,100.3200,102.8800,2699900
20151116,104.9300,105.3000,100.6500,101.5400,1401400
20151117,104.0200,105.5700,101.5400,101.5400,1445300
20151118,104.1300,105.5000,103.3900,105.0200,1066500
20151119,103.4700,104.8200,102.9000,104.5200,830000
20151120,103.5900,104.4400,102.7900,104.0100,880100
20151123,102.8500,104.3700,102.5000,103.5900,922100
20151124,102.8200,103.3000,102.3600,102.8600,1008000
20151125,102.7900,103.3200,102.1700,102.7900,496900
20151127,103.0000,103.5600,102.6100,103.3300,465100
20151130,103.0000,103.7700,102.8900,103.1100,1696900
20151201,103.9900,104.4300,102.4600,103.0700,1300100
20151202,104.8200,105.6500,104.2900,105.0300,1036000
20151203,102.4200,104.9900,99.8100,104.7700,2636000
20151204,104.6100,105.5000,102.6300,103.0400,2612300
20151207,104.0100,104.8900,103.3100,104.1400,1087100
20151208,103.4500,103.9500,102.4500,103.5900,818600
20151209,100.3400,101.8900,99.7600,99.8800,1547000
20151210,99.0600,100.5200,98.8500,100.1400,1238500
20151211,97.5600,98.4300,96.5000,98.3600,1192300
20151214,96.3100,97.5400,95.6000,97.3500,1126800
20151215,99.7500,100.7500,94.5100,95.0000,2098700
20151216,100.5000,100.5500,99.0200,100.3800,1551700
20151217,98.9400,100.9200,98.9400,100.8200,999800
20151218,97.6300,98.5300,97.4200,98.3300,1808400
20151221,97.3900,98.2100,96.3200,98.1700,545100
20151222,97.4400,97.6000,96.5600,97.3000,944600
20151223,97.6900,98.7200,97.2200,98.0600,667300
20151224,97.4400,98.4100,97.3500,97.6200,238300
20151228,97.0000,97.6000,96.4900,97.3500,562400
20151229,97.5500,97.6300,96.8400,97.0000,1087900
20151230,98.0600,99.2100,96.5300,97.6900,602700
20151231,96.9600,98.4500,96.8000,97.6500,702700
20160104,96.9300,97.7000,94.7200,95.6000,1682900
20160105,96.5200,96.7000,95.5000,95.6600,1157600
20160106,95.0200,96.4200,94.6300,95.4200,1334400
20160107,91.8200,94.5000,90.8100,93.6800,1790700
20160108,92.1300,93.7100,91.2300,93.1100,1291300
20160111,93.5200,94.4000,91.0100,91.8100,1829400
20160112,92.6100,93.7400,91.4500,93.1900,1859300
20160113,94.0000,94.2400,92.1300,92.7900,2270500
20160114,94.1600,96.2100,91.9900,93.0800,2060400
20160115,93.5200,94.1200,91.0000,91.3300,2255100
20160119,93.5000,95.0000,92.3800,94.5100,1790800
20160120,90.0200,92.4500,88.7500,92.0100,3274900
20160121,89.5100,94.5000,88.8000,94.5000,4007700
20160122,93.7700,93.9200,90.2500,90.3700,1982800
20160125,93.9200,95.7700,93.4000,93.6100,1914900
20160126,96.4100,96.5800,94.1800,94.2800,1474200
20160127,95.3400,96.9400,95.1400,95.8400,1721100
20160128,92.5000,95.9800,92.4900,95.9800,2218700
20160129,93.7800,94.6000,93.1800,93.2600,1346800
20160201,94.0100,94.2900,92.6800,93.1200,1037300
20160202,90.9300,93.3000,90.8100,91.5600,1189600
20160203,91.1900,92.4200,89.6600,91.5000,983400
20160204,92.0500,92.6500,90.9400,91.1900,642100
20160205,90.2200,92.2500,89.8500,91.7600,1137300
20160208,88.1800,89.7900,87.1100,89.7900,1537400
20160209,87.6100,88.8400,86.8500,87.5900,1043100
20160210,87.5500,89.2700,87.3200,88.6000,799600
20160211,86.9600,87.6000,86.0300,86.7900,1229700
20160212,87.8300,88.0600,86.9000,87.6400,812300
20160216,89.5100,89.8500,88.1200,89.0000,948700
20160217,91.5200,91.7800,90.0200,90.0200,1360100
20160218,91.8700,92.7700,91.2200,92.1900,822200
20160219,92.6700,92.8400,91.1100,91.7000,683200
20160222,94.5700,94.9300,92.9500,93.2200,782400
20160223,93.5300,94.9000,93.0200,93.6200,955400
20160224,94.3000,94.4200,91.3500,92.8300,864500
20160225,95.9500,95.9600,92.5000,94.3700,811300
20160226,97.1200,97.7200,96.3000,96.3000,823500
20160229,96.1700,97.4300,96.0200,96.9800,750100
20160301,98.6600,98.7500,96.2900,96.7300,788700
20160302,100.1400,100.5000,97.9100,98.2700,1115600
20160303,100.4700,100.7800,99.4100,99.7700,795400
20160304,99.7900,100.7800,99.4500,100.7300,620300
20160307,100.8700,101.2700,98.7600,99.3100,957800
20160308,99.7700,100.8200,99.2500,100.5100,507700
20160309,99.7900,100.9500,99.3700,100.2500,478500
20160310,98.4600,100.3200,97.3500,100.0000,722100
20160311,100.6600,100.8200,98.5500,99.6400,412200
20160314,99.4300,100.4100,97.6600,99.9700,663800
20160315,99.0000,99.4700,98.4100,98.7200,726900
20160316,99.7800,100.3100,98.2700,98.5000,449100
20160317,100.9300,101.3100,99.5800,99.5800,477000
20160318,102.3100,102.4200,100.0400,101.0900,858400
20160321,103.0100,103.3000,102.0000,102.1300,621600
20160322,104.3600,106.8600,102.1100,102.1100,1401100
20160323,102.9900,104.5400,102.7000,104.3500,641200
20160324,103.1400,103.3500,101.0000,102.5000,781100
20160328,103.4000,103.7900,102.5800,103.4900,605300
20160329,104.6800,105.0700,102.4300,103.3900,680400
20160330,105.4700,106.8600,104.8700,105.1600,660200
20160331,105.8500,106.0500,104.9100,105.2600,630100
20160401,105.5800,105.7600,104.3200,104.9400,543300
20160404,104.6700,105.3600,103.8200,105.3600,802400
20160405,103.3400,104.6700,102.8400,104.2400,845300
20160406,103.8900,104.2000,102.1800,102.8000,741300
20160407,97.7200,100.4900,97.1200,100.1700,1737900
20160408,97.4500,99.4300,96.9900,97.9900,1345900
20160411,97.2800,99.7800,97.2800,98.0800,709900
20160412,95.1900,95.8800,93.6400,95.7300,1410400
20160413,97.1500,97.5200,95.5500,96.0900,1148000
20160414,96.8500,97.7700,96.4400,97.3000,652200
20160415,95.6100,96.6700,95.1900,96.6000,860800
20160418,96.9000,97.1700,95.0100,95.3800,800100
20160419,95.7600,97.8200,95.6100,97.2400,923000
20160420,97.1600,97.9300,95.0700,96.5600,1940000
20160421,102.5400,103.1600,99.2800,100.8900,2461100
20160422,104.5200,104.9900,102.1800,102.7900,1672200
20160425,105.3100,105.5100,103.6600,103.9300,1322200
20160426,105.3700,106.2000,105.0000,105.6200,767400
20160427,106.9000,107.0800,104.4200,104.9500,850700
20160428,104.2400,106.6400,104.0000,106.4500,823600
20160429,104.7500,104.9500,102.3900,104.0900,1152400
20160502,103.6500,104.2400,103.0100,103.1200,964000
20160503,100.9600,103.0300,100.8300,102.9300,792500
20160504,100.9500,101.7200,100.2300,100.2300,709700
20160505,100.5800,101.8500,100.4100,101.3000,608000
20160506,100.6400,101.2700,99.2900,100.5000,685500
20160509,101.8600,102.2400,100.0300,100.8100,695000
20160510,104.3400,104.4100,101.8700,102.2100,1018500
20160511,103.7000,105.7700,103.6700,104.3000,912700
20160512,104.5000,105.1200,103.2300,104.3700,819700
20160513,105.9000,105.9900,103.8900,104.1200,1387300
20160516,107.3300,107.4600,105.4900,105.6000,1130400
20160517,103.8300,106.1000,103.5400,104.9800,1313400
20160518,105.6200,106.2800,103.6400,103.7800,1046800
20160519,104.8400,107.2900,103.7400,105.5300,952200
20160520,106.6400,106.7400,105.0000,105.0000,962500
20160523,106.6500,107.4200,106.2600,106.7200,712400
20160524,108.6400,108.9800,106.8300,107.0900,746000
20160525,109.6500,109.9300,108.9700,109.0000,699200
20160526,109.0100,109.8900,108.6900,109.5200,722400
20160527,108.8100,110.0400,108.1600,108.2400,862800
