20150529,62.7000,63.4500,62.5800,63.3000,1548000
20150601,62.6200,63.0400,62.0800,62.7500,1606600
20150602,62.4400,62.5900,62.0500,62.4100,1277900
20150603,62.5200,62.9100,62.3900,62.7400,931900
20150604,61.7800,62.4000,61.7200,62.1900,1213700
20150605,62.2000,62.3100,61.5400,61.6900,1599300
20150608,61.9700,62.4700,61.8400,62.0900,1060400
20150609,61.7900,62.1700,61.6300,62.0100,1019500
20150610,62.5300,62.7100,61.9700,62.0100,559200
20150611,64.1600,64.3900,63.1000,63.3000,1744300
20150612,63.2600,63.8600,63.1900,63.7100,879400
20150615,62.8600,62.9600,62.1500,62.6300,1049900
20150616,63.0300,63.2600,62.6300,62.8400,1168600
20150617,62.9400,63.3000,62.6400,63.2400,648100
20150618,63.4000,63.4900,62.8500,63.0800,1451900
20150619,63.9400,64.0500,63.4700,63.4700,1356600
20150622,64.5900,64.9300,64.1100,64.2500,959500
20150623,64.2700,64.7100,64.1500,64.6600,882000
20150624,63.3000,64.1900,63.3000,64.1500,691300
20150625,63.1300,63.5900,63.0300,63.5100,780800
20150626,63.3700,63.4300,63.0400,63.2500,2518300
20150629,62.4100,63.1900,62.3300,62.9900,1456900
20150630,61.8000,62.9000,61.6900,62.9000,1313800
20150701,62.3200,62.4800,61.9800,62.1500,861300
20150702,62.3700,62.5200,62.0000,62.5100,697000
20150706,62.5200,62.5800,61.6600,61.8100,943300
20150707,62.7000,62.7700,61.7700,62.6200,728000
20150708,61.5800,62.4600,61.5800,62.1300,832500
20150709,62.3300,62.7400,62.2300,62.4200,884900
20150710,63.5700,63.7800,62.9100,63.0000,964100
20150713,64.0200,64.1000,63.7400,63.9500,1244900
20150714,64.1600,64.2800,63.7500,64.0300,711700
20150715,64.1500,64.4900,64.0200,64.2400,677500
20150716,64.5000,64.6700,64.0200,64.4800,2172500
20150717,64.0900,64.6500,63.9100,64.6500,681800
20150720,64.2600,64.6900,64.1200,64.1900,865200
20150721,63.8000,64.4800,63.6600,64.1500,966300
20150722,64.1300,64.2900,63.6500,63.7900,1111300
20150723,62.5800,64.3500,62.0800,63.9300,2976600
20150724,62.6400,62.9500,62.1600,62.5100,1291800
20150727,62.1300,62.3600,61.5700,62.3200,1531400
20150728,62.4200,62.5100,61.8400,62.3900,1387500
20150729,63.2400,63.3400,62.3000,62.3600,890100
20150730,65.8500,66.6500,62.5900,63.1000,7446600
20150731,65.4300,66.1700,65.0800,66.1700,1691200
20150803,65.4900,65.7200,64.6700,65.5000,1005300
20150804,65.2800,65.8500,65.1800,65.4900,756000
20150805,65.7400,65.9800,65.4600,65.5000,753100
20150806,64.6800,65.7900,64.5600,65.7600,585900
20150807,64.7700,64.8400,64.3100,64.5900,644200
20150810,65.5200,65.6900,65.0000,65.1600,799900
20150811,65.0700,65.2800,64.5900,64.9100,990100
20150812,70.7500,70.8900,68.0700,68.5700,6352100
20150813,70.1600,70.9600,69.9500,70.7600,2395700
20150814,70.2700,70.3700,69.7000,69.9800,1274800
20150817,71.4500,71.6300,70.2000,70.3000,1850200
20150818,71.7200,71.7400,71.2300,71.4800,1117100
20150819,71.8600,72.2400,71.0900,71.6100,1862000
20150820,71.3100,72.3000,71.3100,71.6800,1842700
20150821,69.3200,71.4900,69.2500,70.9500,2968300
20150824,65.9700,67.5300,65.2000,66.2700,3148900
20150825,65.3700,67.8100,65.3200,67.7800,2468100
20150826,69.4500,69.5600,66.4100,67.1300,2928200
20150827,70.2900,70.5700,68.9900,70.0200,1485500
20150828,70.2800,70.4800,69.7000,70.2400,1833000
20150831,69.0600,69.9100,68.9000,69.6800,1237900
20150901,67.0800,68.4500,66.5400,67.7300,2179700
20150902,67.8400,68.0300,66.9600,67.9000,1837900
20150903,68.1500,68.6700,67.8800,68.2400,1677400
20150904,67.0600,67.9200,66.7900,67.3000,1268300
20150908,69.3600,69.3600,67.8800,68.1000,991600
20150909,67.9300,70.0000,67.8300,69.6700,823200
20150910,68.7200,69.1100,67.8600,67.8800,1614900
20150911,69.6200,69.7100,68.1500,68.6700,1232700
20150914,68.7400,69.4800,68.5200,69.3600,1147100
20150915,69.8700,70.1500,68.6500,68.9900,803200
20150916,69.9300,70.2700,69.7100,69.8300,918600
20150917,69.3000,70.4800,69.1300,69.9600,1433100
20150918,68.1800,69.4500,68.0400,68.5100,2347800
20150921,69.5800,69.9300,68.4500,68.5000,1137800
20150922,68.2100,68.8900,67.8000,68.8600,1439800
20150923,69.2500,69.3800,67.9000,68.2500,1333300
20150924,68.3000,68.8500,67.8500,68.5800,1146200
20150925,68.2200,69.0400,67.8300,68.8200,1116700
20150928,65.8500,68.2200,65.8200,68.0000,1491300
20150929,66.5000,66.6000,65.7500,65.9500,1514800
20150930,67.0800,67.7400,66.3500,67.3000,1499500
20151001,67.5800,67.7500,66.7400,67.7500,1424600
20151002,68.3500,68.4100,66.1600,66.4200,882400
20151005,69.3300,69.5300,68.5200,68.5200,1083000
20151006,69.4400,69.4600,68.6700,69.1300,1219300
20151007,70.1400,70.2800,69.3600,69.8200,1338900
20151008,71.3000,71.3800,69.9500,70.1000,1584400
20151009,70.5000,71.6500,70.1000,71.2600,1507800
20151012,70.8200,71.1600,70.2700,70.5000,697500
20151013,69.8400,70.8900,69.6000,70.4400,1242200
20151014,69.3800,70.3400,69.2000,69.9300,1104400
20151015,69.8100,69.8700,69.1200,69.8600,1669700
20151016,70.3500,70.3500,69.5800,70.0600,996300
20151019,70.6100,70.6900,69.7600,69.9900,1026600
20151020,70.6400,70.8200,70.1200,70.5000,853900
20151021,69.7300,71.0600,69.6800,70.8100,823500
20151022,70.5700,71.0000,69.8400,70.1400,1037200
20151023,71.2300,71.3400,70.6000,71.2000,1017900
20151026,71.3400,71.3900,70.8300,71.1300,944800
20151027,70.9900,71.3800,70.7100,70.9400,1197900
20151028,72.7900,72.8000,71.0100,71.3100,1046900
20151029,72.7400,72.8700,72.3900,72.6600,1155100
20151030,72.9200,73.0100,72.4000,72.8300,2016000
20151102,73.5000,73.6000,70.5800,72.2800,2812400
20151103,64.4700,69.2500,64.0600,66.0400,9437500
20151104,65.5400,67.7700,64.4400,64.4800,5650500
20151105,66.1800,66.7000,65.4600,65.7200,3622200
20151106,67.1900,67.4300,66.1400,66.1700,2282500
20151109,66.3500,67.4700,66.0600,66.9400,1181300
20151110,66.5100,66.6900,66.0300,66.1300,1807000
20151111,67.0800,67.3700,66.1900,66.4200,1828100
20151112,66.3100,67.0200,66.2200,66.7700,1690900
20151113,65.1000,66.3300,65.0900,66.2100,1084500
20151116,65.5000,65.6100,64.8900,65.1400,1466100
20151117,65.6100,66.1100,65.4300,65.7200,999900
20151118,66.1200,66.2600,65.5000,65.9200,1303600
20151119,66.0800,66.5300,65.8700,66.2500,1308800
20151120,66.4100,66.6100,66.1900,66.4000,2693700
20151123,65.5500,66.6400,65.3800,66.4800,2406700
20151124,64.7800,65.4700,63.9600,65.1500,2116000
20151125,64.5300,65.0100,64.1200,65.0100,2029600
20151127,64.7200,64.8900,64.4800,64.6300,969600
20151130,63.6700,64.9000,63.5800,64.8100,3073700
20151201,64.4900,64.7600,63.6700,63.9700,4092700
20151202,64.9800,65.9600,64.1500,64.3500,8466700
20151203,64.0700,65.2600,63.6100,65.1800,4312200
20151204,65.0400,65.3000,64.0200,64.3300,3141000
20151207,63.5100,65.0000,63.1300,64.8100,2117000
20151208,63.0500,63.1100,62.2900,63.0000,2538700
20151209,63.4500,64.1000,62.6800,62.7400,2529000
20151210,62.8800,63.6000,62.7800,63.4100,1960200
20151211,61.2000,62.0600,60.9500,61.5300,2256800
20151214,61.1100,62.1000,60.3800,60.4200,2139600
20151215,61.6200,61.9000,61.0700,61.5700,1917900
20151216,62.0300,62.3400,60.8600,62.0900,1380200
20151217,59.8800,62.4900,59.7500,61.9900,2062500
20151218,58.5200,59.6500,58.4900,59.6000,2737000
20151221,59.1600,59.7700,58.7800,58.9800,1681600
20151222,59.8500,60.0500,59.1900,59.3700,1711600
20151223,61.1900,61.5200,59.9100,60.0400,2187900
20151224,61.1100,61.4200,60.8000,61.1300,411300
20151228,61.0000,61.0000,60.2700,60.8200,1365600
20151229,61.5900,62.1400,61.2400,61.3600,755100
20151230,60.9900,61.6200,60.9600,61.3300,584800
20151231,60.6000,61.3600,60.5100,60.7700,871100
20160104,59.9100,59.9700,58.9900,59.5200,2164100
20160105,60.2900,61.0900,59.6700,60.1900,2283600
20160106,59.1800,59.7300,58.9000,59.3600,1743700
20160107,59.1900,59.6100,58.0800,58.5000,2160600
20160108,58.1300,59.6600,58.0400,59.5200,1960800
20160111,58.9400,59.2700,58.0700,58.6100,1725700
20160112,59.9900,60.1900,58.9400,59.9600,2757500
20160113,59.1200,60.7000,58.9300,60.2100,2533000
20160114,60.3000,60.6200,58.9300,59.4100,3068300
20160115,58.4600,59.2700,57.6200,58.5700,2995300
20160119,58.7100,59.3400,58.3000,59.1500,1383400
20160120,57.8900,58.3500,56.8000,57.9200,2399700
20160121,58.0500,58.9400,57.6700,58.1400,2661900
20160122,59.4500,59.5500,58.9300,59.0600,1972800
20160125,58.8500,59.6500,58.7600,59.1700,1271800
20160126,60.0400,60.0900,58.7200,59.0100,1269100
20160127,58.8100,60.3900,58.4500,59.8700,2111500
20160128,58.2100,59.4600,58.0600,59.3000,1657100
20160129,59.7300,59.7600,58.3100,58.6000,2198800
20160201,60.6700,61.0400,59.2100,59.3800,1809900
20160202,59.5200,60.1200,59.3000,60.0000,1614300
20160203,59.6500,59.9500,58.8600,59.6000,1523000
20160204,60.1500,60.2600,59.4600,59.4600,1453600
20160205,58.5400,60.4000,58.2900,59.8500,1919400
20160208,56.0400,57.7400,55.1100,57.7400,4212400
20160209,57.9300,59.3300,56.3800,57.6500,5576200
20160210,57.4000,58.6800,57.3200,57.8900,3098600
20160211,56.4400,56.8800,55.9900,56.2000,1965300
20160212,57.5700,57.6300,56.8300,57.1000,1538500
20160216,58.6500,58.9700,58.2200,58.5000,2774700
20160217,59.5400,59.5500,58.8300,59.1100,2644300
20160218,59.1700,59.7600,58.9300,59.5100,1233500
20160219,59.7100,59.7500,58.6600,59.1700,1690100
20160222,59.9900,60.7000,59.6600,59.9100,1767500
20160223,58.9800,59.9900,58.9000,59.6600,1753100
20160224,59.1800,59.2300,57.8000,58.5100,1605800
20160225,60.0400,60.0700,58.9300,59.3300,1556000
20160226,59.4900,60.6100,59.4000,60.1800,1806500
20160229,58.2500,59.6900,58.2300,59.4300,2735700
20160301,60.0000,60.0100,58.7000,58.8100,2165300
20160302,59.9200,59.9900,59.1300,59.9600,1565400
20160303,60.3300,60.4700,59.4300,59.8500,2195500
20160304,60.8100,60.8400,59.9500,60.3300,3087700
20160307,60.0700,60.6600,59.8400,60.4400,1848500
20160308,59.1800,59.7600,59.1300,59.5300,1470800
20160309,60.0200,60.0500,59.1100,59.5200,1873300
20160310,61.5600,61.7500,60.0700,60.2400,4338300
20160311,62.8100,63.0100,61.2600,61.8200,3871000
20160314,62.8000,62.9200,62.1700,62.7400,2386500
20160315,62.4300,62.7000,61.8200,62.0400,1397300
20160316,62.7600,63.0000,62.2100,62.3200,1528200
20160317,63.0600,63.3700,62.5300,62.7300,2297700
20160318,62.5400,62.8400,61.2500,61.9300,9141200
20160321,62.7500,62.9300,62.1900,62.3600,2248800
20160322,62.4500,62.7500,62.3700,62.5000,1448100
20160323,62.8900,63.0300,62.2000,62.4900,2280000
20160324,62.6200,62.7200,61.9500,62.6700,1567700
20160328,62.4200,63.0000,62.2500,63.0000,1045000
20160329,62.9200,62.9500,62.0500,62.2300,1105300
20160330,63.1800,63.4100,62.9200,63.0000,1397300
20160331,63.3100,63.7400,62.8400,63.0300,1665500
20160401,65.0100,65.1100,63.3900,63.6400,2804100
20160404,64.3400,65.3500,64.2500,65.1100,1468600
20160405,63.4400,64.1800,63.3700,63.9900,1204900
20160406,64.5000,64.5800,63.3000,63.3400,1454000
20160407,63.8900,64.3800,63.4800,64.0500,1484000
20160408,63.9800,64.4400,63.7500,64.4000,1746200
20160411,64.1100,64.8200,63.9100,64.2300,1737600
20160412,64.0300,64.3900,63.7400,64.1000,1417200
20160413,64.2800,64.5100,63.7700,64.3700,1815400
20160414,64.1900,64.4800,63.9300,64.1800,1176400
20160415,64.0600,64.5700,64.0000,64.2500,1641700
20160418,65.0100,65.0400,63.9200,64.0400,1086500
20160419,65.4900,65.8400,65.0000,65.2300,1658200
20160420,66.4500,66.7900,65.3200,65.5600,2881000
20160421,65.2400,66.6800,64.9900,66.2200,2024400
20160422,65.2400,65.4400,64.3600,64.9100,1436100
20160425,65.7000,65.8600,64.6900,64.9600,1575300
20160426,66.0000,66.2200,65.1300,65.8300,1373300
20160427,66.4000,66.6300,65.4100,65.4100,1471100
20160428,65.6700,66.4600,65.5100,66.0200,1603900
20160429,65.8000,66.1100,64.8400,65.2900,2989900
20160502,67.1800,67.3600,65.7200,66.0000,4016000
20160503,71.2900,72.2300,69.5200,69.5700,8596200
20160504,71.0500,71.4000,70.5100,71.0500,3606900
20160505,70.3900,71.5000,69.9300,70.8900,2918100
20160506,71.2500,71.2700,70.0500,70.1400,2242100
20160509,71.7200,72.9800,71.5400,71.8300,2659100
20160510,73.8500,73.9000,71.9500,71.9500,3698500
20160511,73.4300,74.1900,73.1900,74.1300,2732000
20160512,71.7700,72.9800,71.3000,72.0500,4709700
20160513,72.3100,73.0300,71.8000,71.8200,7511000
20160516,72.7900,72.9900,71.9200,72.2800,2616900
20160517,72.1300,73.0000,71.9100,72.6700,2092500
20160518,72.3900,72.8600,71.6000,72.0500,2438100
20160519,72.6100,72.7400,71.7300,72.0500,1753400
20160520,72.9800,73.1000,72.6500,73.1000,2399700
20160523,72.5400,72.9000,72.4700,72.8700,1378300
20160524,73.9100,73.9700,72.8200,72.9900,5103300
20160525,73.6800,74.1100,73.4300,73.9700,2136000
20160526,74.0300,74.5000,73.2600,73.5000,1799600
20160527,74.4100,74.5700,73.8800,73.9000,1474800
