20150529,57.1700,57.9000,56.9400,57.8300,1055500
20150601,56.6000,57.3000,56.4400,57.3000,981600
20150602,56.4300,56.8900,56.1700,56.5000,1945300
20150603,57.5400,57.6000,56.2700,56.6200,842500
20150604,56.4700,57.4000,56.4000,57.0900,624200
20150605,56.0700,56.7000,55.8500,56.3800,630700
20150608,55.5800,56.0700,55.4600,55.9100,839300
20150609,55.1300,55.8300,55.0000,55.6600,820200
20150610,55.5500,55.8100,55.0400,55.6400,1117100
20150611,55.5200,56.1300,55.3100,55.6700,714700
20150612,55.0600,55.4800,54.9200,55.3900,725900
20150615,54.9000,54.9400,54.5400,54.7700,696300
20150616,55.3700,55.4800,54.6300,54.8100,513200
20150617,55.6300,55.9600,55.0600,55.5100,486300
20150618,55.8100,56.1500,55.5200,55.8500,589800
20150619,54.9400,56.0000,54.9100,55.6400,997000
20150622,55.2200,55.2800,54.9500,55.1800,456900
20150623,55.0100,55.3400,54.8800,55.2400,669500
20150624,53.5400,55.2300,53.5100,54.9600,1207300
20150625,53.2100,53.9300,53.1300,53.7500,982000
20150626,53.4800,53.6500,53.2100,53.2300,1431100
20150629,51.7700,53.1500,51.7500,53.0200,736000
20150630,52.5500,52.7100,51.1800,52.2100,1691100
20150701,51.7900,52.7400,51.6700,52.7400,1400900
20150702,51.4600,52.0500,51.0400,51.9600,868300
20150706,50.3000,51.1800,50.2000,50.7100,1007600
20150707,49.9900,50.3700,49.1300,50.3000,1245800
20150708,48.7200,49.6300,48.6300,49.5500,622800
20150709,48.6700,49.5800,48.5900,49.3600,767400
20150710,49.5200,49.5900,49.0300,49.1900,634300
20150713,50.1800,50.2100,49.6400,49.7900,498300
20150714,50.9000,50.9100,49.7800,50.0500,867000
20150715,50.3000,50.9500,50.1800,50.5900,936300
20150716,50.2700,50.5300,50.1300,50.4100,547900
20150717,49.7500,50.0800,49.6100,50.0500,964400
20150720,49.4600,49.9500,49.3900,49.6600,957200
20150721,48.9900,49.8100,48.9200,49.5000,576300
20150722,48.8300,49.1800,48.6900,48.9200,588100
20150723,48.8600,49.2000,48.6300,49.1000,698300
20150724,47.8200,48.9800,47.6200,48.7200,866600
20150727,47.2200,47.7300,47.0700,47.4200,757800
20150728,48.2400,48.3300,47.2200,47.3900,735400
20150729,48.0700,48.6500,47.9300,48.4500,773600
20150730,48.3700,48.7400,47.6800,48.1100,655500
20150731,48.5400,48.7200,48.0900,48.6000,724100
20150803,48.4600,48.7800,47.8200,48.5500,1151500
20150804,48.6900,49.2500,48.0000,48.4200,724300
20150805,48.5000,49.4500,48.4600,48.9900,842800
20150806,49.0700,50.2800,47.9400,48.3600,1492000
20150807,47.3700,49.0500,47.3100,48.8900,944400
20150810,49.2200,49.3400,47.4600,47.7200,1184600
20150811,48.3100,48.6300,48.1800,48.6300,850100
20150812,47.3900,48.0300,47.2100,47.7200,935500
20150813,46.4800,47.2200,46.2900,47.2000,1088000
20150814,46.5000,46.6700,46.2800,46.5100,992400
20150817,47.7200,47.8100,46.5000,47.0900,663600
20150818,47.4600,47.8400,47.2300,47.5900,682300
20150819,46.9600,47.2600,46.3600,47.1200,834400
20150820,45.9000,46.7400,45.9000,46.6600,599200
20150821,44.6400,45.8700,44.6300,45.5100,1355600
20150824,43.1400,44.6500,42.2700,42.7500,1901100
20150825,40.2600,44.3600,40.1300,44.3200,2801400
20150826,40.2700,41.0200,39.4500,40.9500,3731400
20150827,42.3100,42.8700,40.9000,40.9900,1789500
20150828,42.4000,42.4800,40.5900,41.6700,1462600
20150831,42.3100,42.7300,41.5300,42.3200,1134200
20150901,40.5400,41.7100,40.3800,41.2600,1279200
20150902,41.7100,41.7100,40.0700,41.1600,1830100
20150903,42.3100,42.6000,41.6300,41.9800,1339700
20150904,41.4800,41.8200,41.2300,41.7300,1320700
20150908,42.3300,42.5500,41.9100,42.2100,1026100
20150909,41.3300,42.9800,41.2300,42.6700,794700
20150910,41.3300,41.5500,40.6000,41.2000,1143200
20150911,41.6000,41.8200,41.0700,41.1800,1108200
20150914,40.3000,41.6000,40.1100,41.5000,1061600
20150915,40.2600,40.7300,40.0300,40.5100,1905100
20150916,40.1200,40.7700,40.0700,40.3300,2414100
20150917,38.7900,40.3600,38.7000,40.1900,2690300
20150918,37.7600,38.9100,37.5800,38.7600,4183100
20150921,37.5000,38.1700,37.3200,37.9200,2172800
20150922,37.0500,37.2000,36.7200,36.9500,3650500
20150923,36.3500,37.7600,36.2100,37.4100,2445000
20150924,34.9700,35.8200,34.4100,35.7500,2895000
20150925,34.4600,35.5200,34.2700,35.3000,1573800
20150928,32.9900,34.8800,32.5800,33.8500,2641600
20150929,32.9300,33.8200,32.6700,32.9900,2195800
20150930,33.9100,34.2000,33.2400,33.2500,1980800
20151001,33.8700,34.3000,33.5700,34.0000,2160900
20151002,35.0500,35.0600,33.2900,33.4000,1540300
20151005,35.8200,36.3200,35.2200,35.2900,1851500
20151006,36.2400,36.7700,35.6700,35.8100,2407600
20151007,37.3300,37.3900,36.0500,36.1300,2813000
20151008,38.7000,39.1800,37.1300,37.2100,2850200
20151009,38.4800,39.0500,38.0100,38.7700,1624600
20151012,37.5300,38.4300,37.1100,38.3900,1132700
20151013,36.3500,36.6500,34.8100,34.8100,5934200
20151014,38.5400,39.0200,36.0200,36.1900,3061300
20151015,38.0500,38.8400,36.8000,38.5000,2799900
20151016,37.8000,38.2200,37.5600,38.2200,1176600
20151019,37.4600,38.1400,37.1300,37.3300,1437700
20151020,37.5300,38.2100,37.1700,37.4100,1854900
20151021,36.4100,37.6200,36.3500,37.6200,2069200
20151022,37.3600,37.6700,36.7500,36.8600,1623500
20151023,37.5000,37.8800,37.4000,37.7400,1115900
20151026,36.9200,37.6600,36.8400,37.3900,895700
20151027,36.2900,37.2900,35.8900,37.2900,1373200
20151028,37.5200,37.5800,36.1600,36.4400,1730900
20151029,39.7700,40.0200,36.4100,37.0600,4247800
20151030,40.7100,41.4900,39.7800,39.9200,3771500
20151102,41.1800,41.5200,40.7800,40.7900,2289700
20151103,41.3700,42.0900,40.8400,41.0700,1551000
20151104,41.5100,42.4400,41.2300,41.4000,1291100
20151105,41.4700,41.9500,41.2500,41.3500,1367500
20151106,41.0100,41.5300,40.4200,41.1600,1101600
20151109,40.6000,41.1400,40.1000,40.8700,969900
20151110,40.1600,40.5800,39.7600,40.4300,693200
20151111,39.7600,40.3100,39.4700,40.2100,766600
20151112,39.7500,40.1500,39.0600,39.2700,1061100
20151113,40.5900,41.1000,39.6400,39.7300,1006800
20151116,41.4800,41.5800,40.4900,40.5700,1222400
20151117,41.9200,42.3800,41.1300,41.5600,1591300
20151118,43.0300,43.3600,42.0300,42.0500,3215600
20151119,42.6100,43.2900,42.5000,42.8800,697700
20151120,41.9100,42.8500,41.8200,42.7200,898100
20151123,41.9000,42.3500,41.5000,41.8300,997000
20151124,42.6500,42.8200,41.3600,41.7900,1184500
20151125,42.7300,43.0800,42.3000,42.5300,728600
20151127,42.1900,43.0300,41.9500,42.6000,259000
20151130,42.9700,43.3700,42.2200,42.3600,1501900
20151201,41.9700,43.1700,41.6200,43.1700,1173500
20151202,41.1400,42.8200,41.0000,41.8500,1499000
20151203,41.9200,42.4700,41.1900,41.3200,1631600
20151204,42.4400,42.6900,41.4800,41.9300,1146300
20151207,41.4100,42.2000,41.0300,42.1000,1295100
20151208,40.0100,41.2300,39.9900,40.9900,1524800
20151209,40.4900,41.7000,40.1300,40.3700,1863300
20151210,39.4800,40.6000,39.3900,40.2800,1179300
20151211,38.0100,38.8100,37.8700,38.5500,1399200
20151214,37.0600,37.9800,36.4300,37.9800,2257700
20151215,37.8900,37.9600,37.2000,37.5000,1499300
20151216,38.6800,38.8200,37.7800,38.0400,1205600
20151217,37.5400,38.7600,37.4100,38.6200,1414600
20151218,37.9300,38.3500,37.2500,37.3500,2243400
20151221,38.2400,39.0300,37.9300,38.2200,1221800
20151222,39.2500,39.6100,38.3100,38.4500,892500
20151223,40.7800,41.2300,39.6200,39.6900,958600
20151224,40.5800,40.9500,40.2800,40.8500,363400
20151228,39.9300,40.4300,39.8000,40.3100,710200
20151229,40.3900,40.6300,39.6700,40.1100,724100
20151230,39.6900,40.5500,39.6700,40.1600,627500
20151231,39.1300,39.9100,39.1300,39.4900,698800
20160104,37.9800,38.1100,36.9900,37.8100,1749400
20160105,37.5800,38.5500,37.3400,38.0400,1414000
20160106,36.0200,36.9900,35.7800,36.8900,1450100
20160107,35.7300,36.2300,34.9000,35.5000,2157500
20160108,35.6700,36.5300,35.5900,35.9400,1548600
20160111,35.1600,35.9700,34.8700,35.8100,1502200
20160112,35.5500,35.8400,34.6700,35.6900,1266400
20160113,34.3300,36.0200,34.1400,35.6000,1259900
20160114,35.3600,35.5300,33.8400,34.4600,1478800
20160115,35.0400,35.2400,34.1900,34.2600,1453200
20160119,34.8100,35.5200,33.9900,35.4700,1689700
20160120,34.8100,35.0300,33.4500,34.3300,1700900
20160121,35.1100,35.8200,34.5900,34.5900,1593500
20160122,35.2500,36.1200,34.5900,35.6400,1731300
20160125,33.6500,35.1000,33.6300,34.9100,949500
20160126,34.8300,34.9700,33.8400,33.9700,1250600
20160127,34.7100,35.7700,34.4500,34.5700,1125400
20160128,34.6200,35.2600,34.1900,35.1000,669700
20160129,35.7200,35.7700,34.5900,34.8500,975200
20160201,35.6700,35.7600,34.3400,35.2500,1101500
20160202,34.5300,35.3300,34.3100,35.2100,1199000
20160203,36.0800,36.0900,33.9500,35.0100,896600
20160204,37.6000,39.2400,36.2400,36.2700,1918000
20160205,36.9500,38.2900,36.7800,37.4700,1029100
20160208,34.9500,36.6000,34.2500,36.5300,1753000
20160209,34.5300,35.1200,33.8400,34.5500,3426600
20160210,34.2100,35.7600,34.1600,34.8300,1297500
20160211,33.5300,34.3500,32.2400,33.5200,2171000
20160212,35.0400,35.1100,32.9200,33.5200,1225100
20160216,36.7900,36.8500,34.5700,35.1100,1995100
20160217,37.8600,38.5900,37.1100,37.2500,1361600
20160218,37.0900,38.1600,36.5600,38.0900,1224300
20160219,35.9500,36.9300,35.8600,36.9300,686200
20160222,37.8300,37.8400,36.2400,36.3100,1290900
20160223,36.6400,38.1200,36.4100,37.4700,936200
20160224,36.9900,37.1400,35.6800,36.0400,684000
20160225,37.3800,37.4000,36.2500,37.0400,644000
20160226,38.0600,38.4400,37.5400,37.7500,940900
20160229,37.6400,38.5100,37.6400,37.9900,1344800
20160301,38.3800,38.5100,37.8200,38.1100,943000
20160302,38.0000,38.4100,37.5800,37.7900,1333000
20160303,38.6100,38.7200,37.5600,37.7800,1376500
20160304,40.4800,41.8500,38.6700,38.7900,2103200
20160307,40.8100,41.8000,40.3100,40.5100,1421000
20160308,38.7100,40.5900,38.2100,40.3700,1531600
20160309,38.9400,39.7800,38.9200,38.9800,1433900
20160310,39.2100,39.8000,38.6200,39.1000,954000
20160311,40.1500,40.6400,39.8000,39.8000,1204700
20160314,40.0700,40.4400,39.6500,39.9400,923100
20160315,39.1200,39.8400,38.9200,39.6700,710200
20160316,40.1800,40.2600,39.0100,39.0600,660700
20160317,41.3100,41.5900,40.2600,40.2800,877100
20160318,40.8900,41.9300,40.7800,41.5500,1062100
20160321,41.3200,41.6500,40.9000,40.9100,753800
20160322,41.7300,41.9500,40.8700,40.9200,1138600
20160323,41.3900,41.8300,41.2300,41.4400,1043500
20160324,40.5500,41.2600,40.1000,41.0100,1288400
20160328,40.8500,41.8100,40.2500,40.6100,1193500
20160329,41.0600,41.0900,39.7400,40.4400,867400
20160330,41.2800,42.0300,41.2000,41.5600,1373200
20160331,40.3700,41.3200,40.0200,41.2800,1082800
20160401,40.2900,40.3500,39.4200,39.9100,969300
20160404,39.2000,40.2200,38.9000,40.1000,1163900
20160405,38.1600,39.2200,38.1000,38.8200,1531700
20160406,37.8700,38.3000,36.9200,38.0400,1545600
20160407,36.9000,37.7100,36.7200,37.7100,1407600
20160408,37.4800,37.9200,37.1700,37.4000,1173700
20160411,37.3900,38.0000,37.2100,37.7300,1035600
20160412,38.0000,38.1800,37.4000,37.5300,784700
20160413,39.6200,39.6500,38.3900,38.5100,1092500
20160414,39.5200,39.8500,39.0200,39.7800,2376300
20160415,39.9000,40.1800,39.4300,39.6600,1621300
20160418,40.1300,40.2500,39.5300,39.8500,1333400
20160419,41.8100,41.8100,40.1900,40.3000,1803900
20160420,42.8000,43.1800,41.6100,41.8000,1630000
20160421,42.8000,43.9100,42.3800,42.4000,2118000
20160422,42.9500,43.6100,42.7300,43.0000,939500
20160425,42.6700,43.3800,42.5200,42.8100,993000
20160426,43.2700,43.3500,42.6700,42.7600,962700
20160427,44.1000,44.3400,43.1900,43.2000,1251600
20160428,43.5200,44.1400,43.2800,43.5200,1115400
20160429,43.2600,43.6000,42.7800,43.2900,1495400
20160502,43.6200,43.6400,42.7400,43.2500,1613900
20160503,47.3200,47.4200,43.6200,43.6200,4237600
20160504,47.4400,47.8300,46.6800,47.1000,2113900
20160505,47.5400,48.4600,47.4200,47.9200,1925900
20160506,48.0000,48.1900,47.3600,47.4900,1406300
20160509,46.6000,47.8600,46.5600,47.7100,1408800
20160510,47.1400,47.4000,46.4900,46.7900,2803900
20160511,47.0000,47.4900,46.9200,47.1500,1877300
20160512,46.9900,48.6400,46.8600,48.0600,1966000
20160513,46.0000,47.1600,46.0000,46.9900,1268900
20160516,47.0000,47.2200,46.0700,46.2700,1957300
20160517,47.1500,47.9000,46.8600,46.9400,2337300
20160518,45.6400,47.2100,45.5900,46.8200,1884900
20160519,45.7100,46.0900,44.9000,45.4000,1977000
20160520,46.5000,47.0300,46.0500,46.1100,1626500
20160523,47.4400,48.1100,46.4000,46.5000,2304400
20160524,47.3300,48.0000,47.1400,47.8500,1867600
20160525,48.3800,48.8100,47.3700,47.5300,2346200
20160526,47.8500,48.8100,47.5900,48.5800,1309800
20160527,48.1200,48.2400,47.5800,47.7900,841500
