20150529,33.4400,33.8300,33.2900,33.8300,3144600
20150601,33.4600,33.7000,33.2200,33.6200,3474200
20150602,33.3500,33.7000,33.2700,33.3600,2485900
20150603,33.5700,33.7000,33.2600,33.5300,2926200
20150604,33.5100,33.6500,33.1200,33.2100,2582400
20150605,33.1100,33.5400,32.9400,33.4200,3164800
20150608,33.0000,33.1600,32.8500,33.1500,2239700
20150609,32.7200,33.0800,32.6100,33.0600,3088300
20150610,32.8500,33.1500,32.7300,32.9200,2150200
20150611,32.8200,33.0800,32.4700,32.8800,5369300
20150612,32.5900,32.7400,32.4800,32.6600,2601700
20150615,32.2600,32.4100,32.0800,32.2700,12818600
20150616,32.1700,32.4200,32.0500,32.3700,3871100
20150617,32.4900,32.5900,32.0800,32.1800,3402900
20150618,32.7900,32.8900,32.4700,32.5700,2946500
20150619,32.7200,33.0700,32.6000,32.8500,3053500
20150622,32.9900,33.2200,32.8500,32.8500,2474500
20150623,33.0600,33.1500,32.9000,33.0000,3223700
20150624,32.5200,33.0000,32.5100,32.9400,3005200
20150625,32.6100,32.8000,32.4900,32.5900,2852000
20150626,32.8000,32.9700,32.5900,32.6700,24778000
20150629,31.8800,32.6000,31.7700,32.4500,4466000
20150630,32.2200,32.4300,31.8700,32.0900,4503100
20150701,32.4600,32.7200,32.4000,32.4800,3107900
20150702,32.2200,32.6900,32.1100,32.5100,2550400
20150706,32.2400,32.4200,31.9100,31.9100,3363400
20150707,32.4700,32.5100,31.6700,32.2900,2672300
20150708,31.8000,32.4200,31.7000,32.2500,3185500
20150709,31.9400,32.3100,31.9400,32.1700,2128700
20150710,32.5400,32.7300,32.2300,32.2800,1557800
20150713,33.1100,33.1500,32.6000,32.7500,9273100
20150714,33.1200,33.2400,33.0200,33.1500,1444000
20150715,33.1800,33.3300,32.9500,33.0500,2501400
20150716,33.4700,33.5500,33.3400,33.4900,2060400
20150717,33.2000,33.4700,32.7400,33.4700,2755600
20150720,33.1400,33.2500,32.4200,32.4200,2092900
20150721,32.7500,33.1900,32.7400,33.1500,2509200
20150722,32.9500,33.2200,32.7200,33.2200,1669600
20150723,32.4800,32.8900,32.3600,32.8900,1647500
20150724,32.8300,32.9500,32.4700,32.5300,2194500
20150727,32.2900,32.9600,32.2200,32.7000,2446300
20150728,32.7200,32.7900,32.1900,32.2600,3154800
20150729,32.9900,33.1200,32.6100,32.6600,2635900
20150730,33.0600,33.3800,32.7300,32.8700,2168600
20150731,33.5200,33.6600,33.1500,33.2500,3601600
20150803,33.3700,33.5400,33.1500,33.4000,2936800
20150804,33.4000,33.6500,33.2400,33.2400,2420400
20150805,31.1600,33.0000,30.8900,33.0000,6837100
20150806,29.0600,29.6400,27.1600,29.4500,20708000
20150807,30.3800,30.4100,28.7500,28.7600,6312200
20150810,30.1400,30.6300,29.8700,30.5100,6186600
20150811,29.7300,30.0900,29.4600,29.9300,5283800
20150812,29.4800,29.8200,29.3200,29.6000,5081400
20150813,29.6400,29.6600,29.2400,29.3800,4858200
20150814,29.9100,29.9100,29.4100,29.5000,3445800
20150817,30.1500,30.2100,29.4300,29.6600,2983100
20150818,30.0500,30.3500,29.7700,29.9300,7108200
20150819,29.8100,29.9700,29.7300,29.7500,5622300
20150820,28.6800,29.6400,28.6500,29.6000,5488500
20150821,27.9200,28.5000,27.9100,28.2800,8100600
20150824,26.8500,27.4900,22.8500,25.6300,8700700
20150825,26.9000,27.5200,26.8800,27.5100,7898900
20150826,27.4900,27.5500,26.7500,27.3200,10571800
20150827,27.9300,28.3500,27.3500,27.6300,8572100
20150828,28.0800,28.2300,27.5500,27.9400,3793000
20150831,27.6600,28.0200,27.5300,28.0200,6321400
20150901,26.7700,27.2800,26.5900,27.0500,7154300
20150902,27.1700,27.1800,26.6100,27.0400,4588600
20150903,27.1900,27.6200,27.0800,27.2500,4816800
20150904,26.9200,27.1100,26.6100,26.8400,5437800
20150908,27.6300,27.6800,27.2300,27.3400,6661400
20150909,26.9900,27.9700,26.9200,27.8600,5615000
20150910,27.0200,27.2700,26.6700,26.6700,4693500
20150911,26.9000,27.0000,26.4700,26.9700,3111000
20150914,26.6700,26.9700,26.5100,26.9000,3791200
20150915,26.8800,26.9100,26.5400,26.7000,4228800
20150916,27.0700,27.1300,26.7700,26.8000,4082900
20150917,27.0500,27.4500,26.9300,27.1700,7719200
20150918,26.4300,27.1300,26.4300,26.8400,67238600
20150921,26.6000,26.8500,26.4800,26.6300,16905900
20150922,26.5800,26.6100,26.1100,26.3300,5712500
20150923,26.5200,26.6900,26.4200,26.5300,3967700
20150924,26.2200,26.4300,26.0300,26.2500,4796700
20150925,25.9800,26.4600,25.8200,26.4600,5925600
20150928,25.4100,26.0400,25.3700,25.9900,4739100
20150929,25.8800,26.0200,25.4100,25.5100,7181600
20150930,27.0700,27.1800,25.9800,26.0100,7173900
20151001,27.4900,27.5000,27.0200,27.1800,5562200
20151002,28.3000,28.3100,26.8400,27.2300,6869600
20151005,28.7000,28.8600,28.4200,28.5200,4196900
20151006,28.4500,28.7600,28.4200,28.5700,4848300
20151007,28.5100,28.7700,28.2400,28.5400,5798900
20151008,28.9000,28.9400,28.2400,28.4700,3814700
20151009,28.9000,29.2100,28.5900,28.9300,3278100
20151012,28.8400,28.9200,28.6300,28.8900,2016600
20151013,28.9600,29.1500,28.6100,28.8400,2671600
20151014,28.7300,29.0300,28.6900,28.9000,2367000
20151015,29.4400,29.4600,28.6500,28.8400,2807200
20151016,29.6600,29.6800,29.1600,29.6100,2447800
20151019,29.6700,29.6700,29.4000,29.6300,4579400
20151020,29.8300,29.9200,29.5700,29.5700,2720700
20151021,29.5400,30.0400,29.5000,29.8500,2640100
20151022,30.0900,30.1600,29.6500,29.6500,4789700
20151023,30.4200,30.5600,30.0800,30.3400,4258000
20151026,30.5800,30.5900,30.1600,30.4100,3586600
20151027,30.2800,30.5300,30.0300,30.4500,2851100
20151028,30.4100,30.4800,29.9600,30.1600,5000800
20151029,30.6500,30.9000,30.2900,30.2900,4140700
20151030,30.8800,30.9500,30.4600,30.7000,4635500
20151102,31.1100,31.2000,30.8100,31.0900,3684800
20151103,31.5000,31.5800,31.1100,31.1100,3481900
20151104,29.9000,31.3500,28.4600,31.2700,10568600
20151105,29.8800,29.9400,29.4800,29.8100,4856700
20151106,30.0800,30.1400,29.7400,29.8800,2684000
20151109,29.7000,30.0200,29.4000,30.0000,5842200
20151110,30.3300,30.3400,29.6000,29.7200,3121100
20151111,30.3400,30.5100,30.0400,30.4500,3616100
20151112,30.3600,30.5800,30.0900,30.2400,3347600
20151113,30.0200,30.3800,29.8500,30.1900,3810000
20151116,30.6100,30.6600,30.0300,30.0900,3942300
20151117,30.4300,30.6200,30.2100,30.6100,4624400
20151118,30.6300,30.6700,30.0600,30.4200,4262800
20151119,30.3200,30.6700,30.1700,30.6700,3060300
20151120,30.5400,30.5900,30.2100,30.5400,4345700
20151123,30.3800,30.6500,30.2500,30.5400,3107300
20151124,30.2500,30.2800,29.9400,30.2800,3645300
20151125,30.3200,30.4000,30.0500,30.2300,2138700
20151127,29.9000,30.2400,29.6800,30.2100,2083200
20151130,29.9500,30.1200,29.6800,29.9100,5326900
20151201,30.2600,30.2800,29.9300,29.9300,3485600
20151202,29.9500,30.2800,29.8500,30.2800,4076400
20151203,29.7100,30.0800,29.4100,29.8800,4653700
20151204,30.0000,30.1700,29.6100,29.8900,6165900
20151207,30.0300,30.0900,29.7100,29.9400,3789100
20151208,29.5000,29.9600,29.3500,29.8300,2655500
20151209,28.9700,29.4400,28.6800,29.4400,4272100
20151210,29.0500,29.2900,28.8400,28.9800,4189800
20151211,28.1600,28.7600,28.1200,28.5500,4286700
20151214,28.0000,28.5000,27.8300,28.2800,4877700
20151215,28.1000,28.6800,28.0800,28.2300,3475700
20151216,28.5000,28.5600,28.0000,28.3700,5042600
20151217,28.2300,28.6700,28.1700,28.5200,4687300
20151218,27.8300,28.2400,27.6300,28.0500,6770800
20151221,27.5900,28.1500,27.4500,27.9500,4308300
20151222,27.6000,28.1000,27.5500,28.1000,5110200
20151223,27.6000,27.8400,27.4700,27.7200,3284500
20151224,27.5400,27.7700,27.4600,27.6000,2382400
20151228,27.4500,27.6700,27.3100,27.4700,3231200
20151229,27.6000,27.9200,27.5400,27.5900,3125000
20151230,27.3500,27.6900,27.2400,27.5000,4511900
20151231,27.2300,27.4700,27.0700,27.2500,3245000
20160104,26.6100,26.8200,26.3600,26.5900,5846400
20160105,26.6000,26.7500,26.4400,26.5600,4247400
20160106,26.5000,26.8000,26.1500,26.3100,15831400
20160107,25.9200,26.5000,25.8700,26.1100,4488200
20160108,25.9300,26.3200,25.8600,26.0600,4296700
20160111,26.0000,26.1700,25.7100,26.0900,3301600
20160112,26.4600,26.5200,25.9300,26.1300,3834600
20160113,25.8100,26.6300,25.7200,26.4700,4747100
20160114,26.7800,27.1400,25.9000,25.9800,10377300
20160115,26.1700,26.5500,25.8800,26.1700,4985200
20160119,26.5800,26.8200,26.1400,26.4300,4587700
20160120,25.7500,26.3600,25.0300,26.1500,6915400
20160121,25.6200,26.0400,25.4900,25.8200,4659300
20160122,26.4100,26.4700,26.0200,26.0500,3399100
20160125,26.0000,26.3100,25.9700,26.2400,3929500
20160126,26.9600,26.9800,26.0800,26.0800,3270700
20160127,26.5800,27.2900,26.4600,26.9300,4052800
20160128,26.2300,26.8300,26.0200,26.7500,3207400
20160129,27.1000,27.1600,26.4000,26.4000,3363800
20160201,27.1100,27.2300,26.5100,26.8200,2829600
20160202,26.0600,26.7800,25.9800,26.7300,3356200
20160203,26.5000,26.6100,25.8400,26.1800,6538700
20160204,26.2300,26.9900,26.1500,26.5500,3777800
20160205,25.0400,26.2300,25.0100,26.1000,4782300
20160208,24.5400,24.7900,24.0900,24.7200,5985000
20160209,24.2100,24.5200,22.6500,23.2100,10076900
20160210,24.4600,25.0800,23.5100,24.1200,5274500
20160211,24.7100,24.8900,23.9500,24.0100,4739700
20160212,24.6700,25.0800,24.2700,25.0800,2542100
20160216,25.6300,25.6500,24.9600,25.1300,3855400
20160217,26.4700,26.6500,25.7500,25.8000,4474700
20160218,26.4200,26.5200,25.9900,26.3400,3231400
20160219,26.6900,26.8000,26.0800,26.2300,3077300
20160222,27.3100,27.6200,26.9400,27.0000,4613800
20160223,27.0200,27.4200,26.6400,26.7200,2930100
20160224,27.3300,27.3800,26.4900,26.5700,2006600
20160225,27.3800,27.5700,26.9100,27.4700,1789600
20160226,27.2000,27.5600,27.2000,27.5200,1891500
20160229,27.1600,27.3900,27.0700,27.1700,2566300
20160301,28.0300,28.0600,27.3100,27.4300,3029100
20160302,27.6800,28.0800,27.5200,27.9100,2087300
20160303,28.0000,28.0100,27.3400,27.6600,1732400
20160304,27.9900,28.0900,27.4800,28.0900,3119700
20160307,28.1300,28.2800,27.6200,27.6200,2034300
20160308,27.8300,28.1200,27.6700,27.9400,3662800
20160309,28.0800,28.1900,27.8500,27.9300,2397100
20160310,27.9800,28.2200,27.7200,28.2200,3144100
20160311,28.1900,28.4200,28.0600,28.3000,3444400
20160314,28.1400,28.2600,27.9400,28.1400,2959100
20160315,28.1200,28.1400,27.9000,27.9200,1976700
20160316,28.2100,28.5800,27.8700,28.0100,7165000
20160317,28.2100,28.6300,28.0300,28.0300,5257900
20160318,28.1900,28.3500,27.9100,28.2100,8073600
20160321,28.0400,28.3300,27.9800,28.2100,1937500
20160322,28.0000,28.1400,27.7800,27.9300,1312800
20160323,27.9900,28.0800,27.8200,28.0200,2722700
20160324,28.0200,28.1200,27.7400,27.9200,2879600
20160328,27.9900,28.2500,27.9700,28.1500,3082400
20160329,28.1700,28.2500,27.7400,27.9000,2772600
20160330,28.2000,28.4000,28.1200,28.3000,2087700
20160331,28.2000,28.3900,28.0800,28.2300,2841000
20160401,29.1200,29.1700,27.9700,28.0600,3608000
20160404,29.0100,29.3000,28.9000,29.0800,1779100
20160405,28.8000,29.0000,28.6500,28.8000,2089800
20160406,29.3600,29.3900,28.8300,28.8300,1971800
20160407,28.8200,29.2500,28.6500,29.1400,2005100
20160408,28.7800,29.2900,28.7200,29.0500,2379600
20160411,28.6800,29.1000,28.6700,28.9700,1956200
20160412,29.4200,29.5200,28.7300,28.7300,3971600
20160413,29.8800,30.0100,29.5600,29.5600,4209200
20160414,29.7900,30.0200,29.6500,29.9700,4368700
20160415,29.8400,30.0300,29.6400,29.9200,5832700
20160418,30.0800,30.2400,29.8300,29.8500,6209600
20160419,30.0400,30.4700,29.9600,30.1700,4411800
20160420,29.9700,30.1900,29.8100,30.0900,2679600
20160421,30.0900,30.3700,29.9600,30.0000,4231600
20160422,30.7500,30.7500,30.0300,30.0600,2565300
20160425,30.9300,30.9800,30.5700,30.6900,2480200
20160426,30.8700,31.1600,30.6700,30.9300,2809200
20160427,30.7800,30.9600,30.4400,30.8600,2729200
20160428,30.5700,30.8400,30.2800,30.6000,3622700
20160429,30.1200,30.3200,29.6600,30.2300,4227500
20160502,30.2400,30.3100,29.8700,30.1200,2942300
20160503,29.6900,30.0900,29.6500,29.9600,3401600
20160504,29.5800,29.9400,29.5400,29.6400,4062600
20160505,29.8200,29.9200,28.7100,29.1500,5521300
20160506,29.5200,29.6500,29.2500,29.6400,2729800
20160509,29.4000,29.7800,29.2500,29.5900,2419400
20160510,30.0200,30.0600,29.4600,29.6000,2982200
20160511,29.5900,29.8000,29.4000,29.8000,2677100
20160512,29.3500,29.7700,29.2300,29.6100,2571900
20160513,29.2400,29.5300,29.1300,29.2500,1749400
20160516,29.1300,29.3100,28.9000,29.1800,1735400
20160517,28.8300,29.2700,28.7100,29.0000,2260200
20160518,28.4800,28.8500,28.2900,28.7300,2545500
20160519,28.2500,28.4900,28.0300,28.4400,1739300
20160520,28.4600,28.6900,28.2800,28.2800,2152600
20160523,28.4400,28.8700,28.4200,28.4900,2888200
20160524,28.8400,28.9000,28.5600,28.6500,2049400
20160525,29.2000,29.2900,28.8500,28.9100,2112700
20160526,28.9700,29.4200,28.9600,29.1800,2388100
20160527,29.2600,29.2700,28.9800,28.9800,2357900
