20150529,33.6000,33.9700,33.4600,33.8400,20250900
20150601,33.5800,33.8600,33.3800,33.7900,13966500
20150602,33.4100,33.8300,33.3600,33.3600,14612300
20150603,33.6400,33.7800,33.3800,33.7600,12613900
20150604,33.5700,33.7300,33.2000,33.3300,13172300
20150605,33.3000,33.5900,32.9800,33.4900,11283900
20150608,33.0700,33.3000,32.9700,33.2600,9752100
20150609,32.8100,33.1000,32.7400,32.9900,17060700
20150610,32.9600,33.2400,32.8100,32.9500,13565700
20150611,32.9000,33.1900,32.5300,33.0100,16628500
20150612,32.7000,32.8400,32.5600,32.8000,9147200
20150615,32.4600,32.5400,32.1400,32.3100,19672700
20150616,32.2600,32.5500,32.1700,32.4800,10193600
20150617,32.6900,32.7900,32.2200,32.3800,15010400
20150618,33.0200,33.0900,32.6800,32.8000,12783600
20150619,32.9100,33.3200,32.8100,32.9900,25747200
20150622,33.2700,33.4900,33.1200,33.1200,9263700
20150623,33.4200,33.4700,33.2000,33.2500,10003400
20150624,32.9800,33.3500,32.9500,33.2600,10650200
20150625,32.9600,33.2600,32.9400,33.0300,8240300
20150626,32.9400,33.4500,32.9300,33.0000,31263500
20150629,32.3000,32.9500,32.2200,32.7800,13108500
20150630,32.5500,32.9100,32.3600,32.6200,14752600
20150701,32.6000,33.0200,32.5800,32.7700,10298600
20150702,32.3600,32.9000,32.3300,32.6600,10806100
20150706,32.5700,32.8100,32.0500,32.1400,11008100
20150707,32.6800,32.7300,32.0100,32.6300,10398500
20150708,32.2200,32.7000,32.1700,32.4200,9960800
20150709,32.4800,32.7500,32.4400,32.5200,9937700
20150710,33.1000,33.2800,32.7600,32.7700,9675600
20150713,33.6700,33.7700,33.2900,33.3100,12884400
20150714,33.6600,33.8900,33.5900,33.7200,6937100
20150715,33.9300,34.0400,33.5900,33.6100,7675100
20150716,34.2500,34.2700,34.0500,34.1800,5959700
20150717,33.9900,34.2700,33.4500,34.0200,11539700
20150720,33.8400,33.9500,33.5000,33.7100,7782200
20150721,33.5100,33.9500,33.4800,33.8500,6896900
20150722,33.6900,33.9900,33.5100,33.8700,5384800
20150723,33.2300,33.6500,33.0400,33.5500,8253100
20150724,33.6600,33.8000,33.2300,33.2400,13075800
20150727,33.1700,33.8500,33.0700,33.6700,8701000
20150728,33.6300,33.6900,33.0700,33.2500,10064900
20150729,34.0100,34.0700,33.3900,33.3900,10396500
20150730,34.0400,34.3900,33.6900,34.0000,21781700
20150731,34.4900,34.6400,34.1300,34.3100,21624700
20150803,34.3800,34.6200,34.1900,34.6200,11352100
20150804,34.3300,34.7000,34.1700,34.4200,10770200
20150805,31.9200,33.4100,31.5200,33.3200,52007300
20150806,29.8700,30.1500,27.5600,29.8500,94066304
20150807,30.6900,30.7900,29.6100,29.6100,29626900
20150810,30.6600,31.1000,30.4500,30.8700,26209900
20150811,30.0500,30.6200,29.8700,30.5500,27328000
20150812,30.0800,30.1600,29.6200,29.9200,23088900
20150813,30.1200,30.2400,29.8000,30.0400,19337500
20150814,30.2700,30.3500,29.8500,30.0200,18949300
20150817,30.5300,30.5900,29.8600,30.0100,10923600
20150818,30.1900,30.5400,30.0700,30.2200,18712300
20150819,29.9600,30.1200,29.9000,30.0800,21481700
20150820,28.7000,29.7000,28.6700,29.6300,24615300
20150821,27.9400,28.5700,27.9400,28.3400,23673000
20150824,26.6600,27.6100,22.8100,24.8200,27802300
20150825,26.7300,27.5100,26.7300,27.2600,30427800
20150826,27.3400,27.3700,26.6000,27.2900,24824500
20150827,27.8000,28.1200,27.1300,27.6300,28426700
20150828,27.9200,28.0100,27.3200,27.4800,12825500
20150831,27.3900,27.7900,27.3300,27.7000,16302300
20150901,26.6000,27.1000,26.4000,26.7900,22047100
20150902,26.9500,26.9500,26.3700,26.8400,12508600
20150903,26.8700,27.3600,26.7500,27.0400,13837600
20150904,26.4700,26.7100,26.1600,26.3000,13647100
20150908,27.0500,27.1300,26.7000,26.8600,12877800
20150909,26.4800,27.4800,26.4100,27.2700,14983000
20150910,26.5100,26.8100,25.2900,25.2900,12087500
20150911,26.4500,26.4900,25.9900,26.4600,9959900
20150914,26.3200,26.5400,26.0900,26.5400,12807000
20150915,26.5700,26.6500,26.2000,26.6100,13318400
20150916,26.7400,26.8500,26.4300,26.4600,13604600
20150917,26.7800,27.1900,26.6200,26.8200,18252300
20150918,26.3100,26.7500,26.2200,26.4700,94630800
20150921,26.4500,26.6500,26.1700,26.4300,23446200
20150922,26.3500,26.5200,25.9200,26.5200,13700600
20150923,26.2800,26.4800,26.1600,26.4100,11189700
20150924,25.9500,26.2900,25.7600,26.1300,18582700
20150925,25.7300,26.0700,25.5500,26.0600,14562500
20150928,25.1900,25.7500,25.1500,25.7000,14512200
20150929,25.8000,25.8300,25.1700,25.4700,28462300
20150930,26.9800,27.0200,25.9200,25.9800,27154700
20151001,27.2000,27.2900,26.8300,27.0800,21849200
20151002,28.0400,28.0600,26.7100,26.8800,19137800
20151005,28.3500,28.6800,28.1800,28.2900,13829200
20151006,28.1600,28.4800,28.0300,28.0300,13325100
20151007,28.2000,28.6400,27.9700,28.4800,19545700
20151008,28.5700,28.6700,27.9500,28.0900,12875000
20151009,28.6800,28.9900,28.3100,28.6400,9138800
20151012,28.6700,28.7200,28.4200,28.6100,6431400
20151013,28.7000,29.0100,28.3800,28.3800,7912900
20151014,28.5500,28.9200,28.4900,28.6200,7396600
20151015,29.2600,29.3000,28.4600,28.7900,11379900
20151016,29.4800,29.5200,28.9900,29.3800,13555700
20151019,29.4800,29.5300,29.2100,29.4300,8975000
20151020,29.5700,29.6900,29.4000,29.4900,10155600
20151021,29.2400,29.8300,29.2100,29.7300,8894000
20151022,29.7900,29.8800,29.2900,29.2900,10898000
20151023,30.1100,30.2400,29.8000,30.1300,9168300
20151026,30.2300,30.2400,29.8600,30.0200,9115700
20151027,29.9500,30.2400,29.7000,30.2100,9168600
20151028,30.1300,30.1900,29.6400,30.0400,14513700
20151029,30.4100,30.7600,29.9800,30.0200,13174800
20151030,30.6900,30.7700,30.2000,30.4000,15846200
20151102,30.8600,31.0500,30.6000,30.7000,11168500
20151103,31.2800,31.4000,30.9100,30.9200,12296100
20151104,29.6500,31.1800,28.0400,31.0400,40725600
20151105,29.5900,29.6900,29.1200,29.5300,20009100
20151106,29.8300,29.9200,29.5000,29.5800,9668300
20151109,29.4900,29.8000,29.1500,29.7800,8712200
20151110,30.0800,30.1200,29.3500,29.5300,9685300
20151111,30.0200,30.4500,29.7700,30.1800,9428800
20151112,30.0200,30.2700,29.7500,29.9300,9302400
20151113,29.6900,30.0700,29.5300,29.9300,11233400
20151116,30.3000,30.3900,29.6800,29.7600,7747300
20151117,30.1800,30.3600,29.9100,30.2600,7765600
20151118,30.3000,30.3400,29.7500,30.1400,14999900
20151119,29.9500,30.2300,29.7900,30.1300,9685500
20151120,30.0700,30.1600,29.8600,30.1400,10926600
20151123,29.9800,30.2400,29.8600,30.0600,8821900
20151124,29.8500,29.9200,29.5200,29.8200,10027100
20151125,29.9000,29.9800,29.7100,29.8200,7107300
20151127,29.5400,29.8600,29.2800,29.8600,4753300
20151130,29.5100,29.7000,29.2500,29.5600,11651600
20151201,29.7300,29.8900,29.2800,29.2800,10537100
20151202,29.3100,29.7000,29.2200,29.5600,9693700
20151203,29.0300,29.4000,28.7700,29.3100,13331700
20151204,29.3300,29.5500,28.9000,29.0900,11421200
20151207,29.3200,29.3800,29.0000,29.2600,9647900
20151208,28.7300,29.2800,28.5500,29.1000,8631300
20151209,28.1400,28.5800,27.8200,28.5700,15817500
20151210,28.2300,28.4100,27.7700,27.7700,10757800
20151211,27.4600,28.3500,27.3900,28.3500,11056600
20151214,27.2500,28.0500,27.0400,28.0500,14205700
20151215,27.3400,27.8900,27.3200,27.4700,8263400
20151216,27.9000,27.9800,27.3100,27.5900,8877300
20151217,27.4900,28.0800,27.4700,27.8800,12242800
20151218,27.1100,27.4900,26.8000,27.3200,29376200
20151221,27.0700,27.4400,26.8600,27.3000,10700300
20151222,27.3600,27.4900,27.1400,27.1700,8094300
20151223,27.4000,27.7600,27.3200,27.5000,7347900
20151224,27.4300,27.7000,27.3000,27.4900,4174100
20151228,27.4200,27.6200,27.2200,27.3200,5329400
20151229,27.5700,27.8200,27.4800,27.6000,5983200
20151230,27.3000,27.6100,27.2200,27.6100,6722700
20151231,27.1600,27.4600,27.0700,27.2000,7038300
20160104,26.5900,26.7600,26.3000,26.7200,11914100
20160105,26.5900,26.7500,26.4400,26.5200,10205700
20160106,26.7200,27.0300,26.1700,26.4900,19881900
20160107,25.8900,26.5400,25.8800,26.2300,15944800
20160108,25.8900,26.3400,25.8300,26.0700,11514400
20160111,25.8800,26.1600,25.6200,26.0500,10586000
20160112,26.4200,26.5600,25.8700,26.0400,11398600
20160113,25.8800,26.6300,25.7600,26.3500,12424000
20160114,26.5600,27.0800,25.8700,26.0000,16127700
20160115,26.1000,26.3600,25.7200,25.7600,14833100
20160119,26.3600,26.7700,26.1000,26.5400,12869100
20160120,25.6400,26.1600,24.9400,25.9600,21656200
20160121,25.5200,25.9600,25.3900,25.7300,20560600
20160122,26.3800,26.4700,25.9600,26.0100,16852800
20160125,26.0000,26.3000,25.9700,26.2400,16417000
20160126,26.9100,26.9400,26.0800,26.0800,9345700
20160127,26.5800,27.3100,26.4800,26.8800,9921900
20160128,26.1300,26.9200,25.9700,26.7900,13499400
20160129,26.9700,27.0600,26.3300,26.4600,13324500
20160201,26.9700,27.1400,26.6600,26.8400,8721000
20160202,26.0000,26.6500,25.9600,26.6000,10435100
20160203,26.4900,26.6100,25.8700,26.2400,15781000
20160204,26.0800,27.0100,25.9500,26.6200,16274000
20160205,25.0700,26.3700,25.0000,26.0300,16868600
20160208,24.5900,24.8100,24.1000,24.7600,17446600
20160209,24.1400,24.7300,22.6600,22.8800,32023900
20160210,24.3300,25.1100,23.3800,23.9000,26056700
20160211,24.6800,24.9200,23.8500,23.8500,19841400
20160212,24.5500,25.1400,24.2100,25.0300,13060000
20160216,25.6100,25.6100,24.6700,24.9300,9773900
20160217,26.4700,26.7500,25.7200,25.9900,15267600
20160218,26.4000,26.5500,25.9500,26.3900,11129500
20160219,26.6200,26.7800,26.0600,26.1500,10471200
20160222,27.3500,27.6200,26.8300,26.8300,11548700
20160223,26.9500,27.4300,26.9300,27.1500,10921700
20160224,27.3200,27.3800,26.4500,26.7100,8897100
20160225,27.3800,27.4800,26.8700,27.4800,8348400
20160226,27.0800,27.6100,27.0700,27.5000,8671600
20160229,27.0200,27.2200,26.8800,27.1300,13200200
20160301,27.8000,27.9100,27.1300,27.1900,9918700
20160302,27.5900,27.9400,27.4200,27.9300,7552500
20160303,27.8400,27.8600,27.4800,27.6400,7450200
20160304,27.8000,27.9300,27.3600,27.8800,8656400
20160307,27.9000,28.1500,27.4600,27.4600,9189700
20160308,27.4500,28.0600,27.3800,27.7900,10520000
20160309,27.7000,27.7900,27.4100,27.6200,7735400
20160310,27.4500,27.8400,27.2000,27.2500,9273800
20160311,27.9200,27.9500,27.3300,27.3300,8357600
20160314,27.8200,27.9300,27.6300,27.7700,4619100
20160315,27.8300,28.0000,27.5500,27.6300,6017700
20160316,28.1200,28.2500,27.4100,27.4100,10408600
20160317,28.1800,28.5400,27.7900,27.8400,9630800
20160318,28.2300,28.4000,27.9000,28.2500,21410400
20160321,27.9700,28.5000,27.9400,28.2700,5928500
20160322,27.9600,28.1500,27.7800,27.8700,7499200
20160323,27.7900,28.0600,27.7200,27.9800,6125300
20160324,27.7500,27.8500,27.5500,27.5800,5576000
20160328,27.8900,28.1100,27.7700,27.9300,6227200
20160329,27.8300,27.9400,27.5400,27.7600,8515100
20160330,27.9100,28.0800,27.8100,27.9600,5700100
20160331,27.8800,28.0400,27.8000,27.9800,8835800
20160401,28.5900,28.7200,27.6700,27.8300,12021900
20160404,28.5800,28.8900,28.4500,28.5700,6562300
20160405,28.3500,28.6300,28.2300,28.3700,7161500
20160406,28.8800,28.9200,28.3400,28.3400,7523800
20160407,28.5500,28.8100,28.2100,28.2100,11283300
20160408,28.5900,29.0700,28.5400,28.8600,9094900
20160411,28.5300,28.9600,28.5100,28.7500,6510000
20160412,29.2900,29.4800,28.6400,28.6400,13284600
20160413,29.8000,30.0200,29.4800,29.5100,11333400
20160414,29.8500,30.0000,29.6400,30.0000,8586900
20160415,30.0100,30.1200,29.6900,29.9700,12884400
20160418,30.3900,30.6000,29.8400,29.9300,11341100
20160419,30.3000,30.8500,30.2700,30.4500,8853500
20160420,30.0900,30.4300,29.7900,29.9800,10979600
20160421,30.3300,30.6200,30.0100,30.0100,7562800
20160422,30.9300,30.9400,30.3900,30.3900,7207200
20160425,31.0600,31.1300,30.7800,30.9000,7959700
20160426,30.9600,31.2500,30.7700,31.1200,7032400
20160427,30.8300,31.0800,30.4500,30.8400,14336600
20160428,30.7000,30.9900,30.4000,30.6900,9069400
20160429,30.2600,30.4800,29.7800,30.4000,9977200
20160502,30.3600,30.4300,30.0000,30.3200,6933000
20160503,29.9600,30.2600,29.8800,30.1300,8066200
20160504,29.8000,30.2600,29.7600,30.0200,11844400
20160505,29.8400,30.1000,28.9200,29.3700,22400200
20160506,29.5100,29.7000,29.3200,29.6000,15742800
20160509,29.4100,29.8400,29.2700,29.6000,11161200
20160510,29.7600,29.8700,29.4600,29.5400,12647200
20160511,29.4100,29.5300,29.1500,29.4100,7732600
20160512,29.0800,29.6300,29.0200,29.5100,7955700
20160513,28.9900,29.3700,28.8800,29.1100,7443800
20160516,28.9300,29.2300,28.7200,28.9900,8597100
20160517,28.6900,29.1300,28.5600,28.9200,7542300
20160518,28.1500,28.7500,28.0200,28.6500,9088300
20160519,27.9200,28.1600,27.6800,28.0900,9021100
20160520,28.1400,28.3500,27.9600,27.9800,6174300
20160523,28.1900,28.6200,28.1600,28.3300,6910100
20160524,28.5700,28.6400,28.3000,28.3300,4587400
20160525,28.9000,29.0000,28.0900,28.6000,5394100
20160526,28.7600,29.1900,28.7500,28.9000,7624500
20160527,28.9300,29.0600,28.7400,28.7800,5160800
