20150529,134.4700,135.9900,134.1100,135.9900,791900
20150601,136.4500,136.9000,134.0000,134.5000,645200
20150602,134.3300,135.9700,133.9100,135.9200,292200
20150603,132.0100,134.6700,131.5600,134.5700,498000
20150604,131.4300,132.3700,131.0600,131.7900,343300
20150605,130.3900,131.2300,129.1300,129.8200,350500
20150608,130.9300,131.5700,129.5100,130.7600,242700
20150609,129.4200,131.4700,129.2800,130.7600,292600
20150610,130.2700,131.3800,128.8100,129.4400,265000
20150611,131.4000,131.9400,130.6300,130.7100,849600
20150612,131.4800,131.8900,130.6100,131.3500,267100
20150615,131.3000,131.7000,130.4900,131.1300,341000
20150616,132.6800,132.8000,130.8800,131.1500,415500
20150617,134.0600,134.3900,131.7900,133.0600,452900
20150618,135.2600,135.8600,133.1900,133.6600,370600
20150619,133.7800,135.0000,132.2100,134.7900,577700
20150622,132.7400,134.6300,132.6700,133.8500,560800
20150623,131.6100,133.8000,131.2900,132.5000,317900
20150624,130.8500,133.1400,130.7500,131.8100,269900
20150625,129.4000,132.5100,129.1700,130.6800,267900
20150626,130.5000,131.0000,128.0600,129.5000,637400
20150629,127.8400,131.5800,127.6900,130.2900,255500
20150630,128.0900,129.4500,127.4800,128.5000,425500
20150701,130.4500,130.4800,127.7400,128.4800,365200
20150702,130.9900,133.2200,130.6700,132.0400,253100
20150706,132.5900,132.7600,129.3400,130.3300,401400
20150707,134.2900,134.8200,132.5400,132.9900,340600
20150708,134.4700,134.6900,132.9600,133.6400,274600
20150709,133.3700,135.2600,132.9900,134.9400,241000
20150710,134.0600,135.6200,133.5200,134.0600,374700
20150713,134.5300,136.0500,133.7200,135.0800,172500
20150714,134.2500,135.4300,133.9700,134.7400,278400
20150715,134.6000,135.5800,132.9800,133.9200,482200
20150716,136.5500,137.0000,134.8900,134.8900,235100
20150717,135.9000,136.8000,135.2200,136.7000,313400
20150720,136.3100,136.3900,134.4700,135.6400,248900
20150721,135.2300,137.0000,135.0900,136.3500,277000
20150722,135.5500,136.2200,135.2800,135.6300,285000
20150723,133.8400,135.9000,133.2200,135.5900,334000
20150724,134.4700,135.2100,133.2200,133.7600,272800
20150727,134.0300,135.7600,133.3100,134.8800,368300
20150728,134.9900,135.4000,133.5900,134.1400,235200
20150729,136.4100,136.5600,134.0000,134.9500,259000
20150730,136.5600,136.6800,135.4800,135.5900,277000
20150731,136.7900,138.8600,136.7000,137.6500,512700
20150803,139.0500,139.0800,136.7200,136.8200,315200
20150804,137.4100,139.4000,137.1600,139.3300,208900
20150805,136.1800,138.9900,135.9200,137.7300,409900
20150806,135.7600,138.3600,134.1300,136.9900,495400
20150807,136.6100,136.8600,134.5400,135.6700,298400
20150810,134.8000,137.9200,134.3800,137.1600,397600
20150811,135.3300,136.2400,134.4600,134.8000,522700
20150812,136.0300,136.2100,134.3600,135.0600,404000
20150813,136.5600,137.1900,133.8200,135.7200,208700
20150814,137.0000,137.0500,134.5600,136.0800,217800
20150817,138.1600,138.2100,136.0000,137.0300,312800
20150818,137.9100,138.5100,137.2400,137.9900,313800
20150819,136.7200,137.9400,136.5200,137.0000,323800
20150820,135.8100,137.3100,135.2400,136.6900,359900
20150821,134.0000,136.0700,133.9200,134.8500,429800
20150824,127.5800,131.8700,127.3800,130.1100,477500
20150825,124.9600,130.3600,124.8700,130.3100,588900
20150826,130.3900,130.9500,126.0200,127.2300,725400
20150827,133.2100,134.7000,130.8500,131.4200,639400
20150828,132.7000,133.3300,131.7500,132.9800,378000
20150831,129.0800,132.6200,128.9100,132.4900,517000
20150901,126.4700,128.8100,125.5700,127.1200,340200
20150902,127.6600,128.6200,126.5100,127.3900,277300
20150903,128.3100,129.4500,127.9000,128.6300,290500
20150904,126.2700,127.8300,125.0900,127.5200,342800
20150908,128.1500,128.4900,126.7500,127.8400,234200
20150909,126.2700,129.7900,126.0200,129.3000,248800
20150910,126.7300,128.1900,125.4300,125.4300,365300
20150911,129.3600,129.5300,126.5600,126.5900,294800
20150914,129.5700,129.9300,128.8900,129.7300,316600
20150915,131.8000,131.8800,128.9400,130.0000,520100
20150916,133.8700,134.1800,131.5000,131.6300,479000
20150917,134.6200,136.9200,132.8000,133.5900,362200
20150918,134.7500,136.2200,132.4300,132.4300,615600
20150921,136.0800,137.0300,134.5000,134.7500,347800
20150922,133.7700,135.9200,133.5400,134.8500,410200
20150923,134.3300,135.2500,133.1600,133.8400,338200
20150924,133.6100,135.8600,132.3900,134.2900,574900
20150925,134.7600,135.5900,133.2300,134.1200,418500
20150928,133.5100,134.6900,132.9000,134.2900,635900
20150929,135.1900,135.2900,132.7000,133.7500,662400
20150930,136.4500,136.7700,135.1500,136.0000,652100
20151001,135.6000,137.2100,133.9800,136.7900,684700
20151002,137.5200,137.5200,134.3200,134.8100,468400
20151005,139.6100,139.7100,137.9200,138.5200,353900
20151006,138.6100,140.0100,138.2700,139.5500,418300
20151007,141.2600,141.4100,138.5300,138.7700,473300
20151008,142.8100,143.4200,140.3700,141.4900,458400
20151009,142.0300,143.6400,141.1000,142.4500,370100
20151012,142.0500,142.9400,140.1600,141.1400,361200
20151013,141.4100,142.2000,140.8300,141.6800,596200
20151014,139.5400,141.8000,139.2300,141.6000,361900
20151015,141.5500,142.1000,139.3500,139.7000,364500
20151016,143.5100,143.7700,141.5500,141.5600,417700
20151019,145.2700,145.3000,142.9700,142.9700,311100
20151020,144.8600,145.4200,144.0500,144.7000,331900
20151021,143.5100,145.5800,142.1100,145.5300,783600
20151022,144.3500,144.7700,143.1000,143.5300,468700
20151023,143.0000,144.1000,142.0400,143.7800,413100
20151026,143.2300,143.6200,142.1100,143.0700,378300
20151027,143.1000,143.8500,142.1900,142.7800,450700
20151028,144.0100,144.2700,141.2300,143.4100,499800
20151029,143.5800,143.9600,142.3900,143.1200,221800
20151030,143.4900,144.4000,142.7600,143.8600,792300
20151102,147.4000,147.4000,142.8500,143.4700,528500
20151103,145.5100,146.7800,145.1200,146.7800,354900
20151104,145.2200,146.1200,144.6000,145.7200,280200
20151105,148.3200,148.9700,140.8900,140.8900,647700
20151106,144.1300,147.9800,143.4900,147.0600,790000
20151109,142.8000,144.8900,141.0500,143.7100,416200
20151110,144.2900,144.6500,142.9300,142.9300,258200
20151111,145.2100,145.7900,143.6500,144.4800,307700
20151112,143.1500,145.7800,143.1400,144.9000,272800
20151113,141.9300,144.0800,141.5000,143.6300,314700
20151116,143.5100,143.6300,141.1600,141.6600,227300
20151117,144.6600,145.9600,143.1500,143.1500,200800
20151118,146.3700,146.4500,143.6100,144.8600,247900
20151119,146.6400,147.6200,145.9000,146.3000,226300
20151120,147.2400,148.3000,146.6000,147.0900,336400
20151123,147.1100,148.2800,146.7300,147.0200,136300
20151124,145.8100,146.4800,144.3400,146.1100,265700
20151125,146.0200,146.7200,144.8900,145.9800,278600
20151127,147.9000,148.1000,145.7400,145.7400,148200
20151130,146.5200,148.6400,145.8900,148.4000,340500
20151201,147.6600,147.8100,146.8500,147.2600,268900
20151202,144.0100,147.4700,143.7600,146.8500,288700
20151203,141.5900,144.1900,141.3400,143.9500,239900
20151204,144.7300,145.2600,142.0700,142.2400,216000
20151207,144.2900,145.5600,143.2300,144.4400,209200
20151208,144.6900,145.1600,143.5100,144.4400,187600
20151209,144.2300,145.4200,143.1700,143.9400,253400
20151210,141.6800,145.0100,141.6800,144.2400,287700
20151211,142.2700,142.5000,140.1100,140.2900,344700
20151214,144.1800,144.2200,141.1000,142.0800,400400
20151215,146.0000,146.6400,144.6800,144.6800,415400
20151216,148.6500,149.1000,146.0900,146.5900,247300
20151217,148.4600,149.3000,147.4000,148.7300,302200
20151218,147.2400,148.7900,146.9700,148.3900,904200
20151221,147.8600,149.4800,146.9700,149.1400,393800
20151222,147.7500,149.3400,147.6700,148.2400,253700
20151223,147.6700,148.3500,146.6600,148.0900,393300
20151224,147.7500,148.3100,146.9200,147.5100,116400
20151228,149.6400,149.6700,147.0900,147.6600,221500
20151229,149.9600,150.5400,149.2500,150.0000,210300
20151230,148.1300,149.5400,148.0200,149.0300,265200
20151231,146.1000,148.7800,146.0500,148.0400,366700
20160104,144.8600,145.6000,143.4600,145.1700,443500
20160105,146.5400,147.0400,144.1600,144.8600,492500
20160106,147.4400,147.5500,146.0000,146.2500,273800
20160107,145.0300,146.5500,144.9500,145.2900,316600
20160108,145.2700,146.3800,144.6000,145.7200,502600
20160111,146.2400,147.1000,145.2900,145.8400,334800
20160112,146.4100,147.3800,145.2600,147.3800,399300
20160113,146.8100,148.2700,145.7400,146.6500,573600
20160114,147.0500,148.4900,146.5300,147.1300,377800
20160115,146.7400,147.4800,144.4200,146.3200,422500
20160119,148.3400,149.3000,147.1200,147.2500,500600
20160120,145.5100,147.8300,141.8100,147.2200,459200
20160121,145.7200,148.1400,144.9700,146.2500,478000
20160122,150.2900,151.2400,146.7500,147.4800,365300
20160125,148.8600,150.5300,147.0900,149.2800,908100
20160126,150.1500,150.4900,148.5600,148.8900,893600
20160127,148.0900,150.0500,147.0800,150.0500,609400
20160128,147.8300,149.4200,146.5000,148.1900,642100
20160129,150.8300,151.9900,148.0200,148.9000,14539200
20160201,151.9800,153.3200,150.2600,151.0000,953500
20160202,150.4100,152.9300,149.0300,152.0900,715700
20160203,152.3400,152.8900,149.9900,150.9700,620800
20160204,151.4900,152.8400,150.1400,151.5300,497200
20160205,150.7100,151.3700,149.8500,150.6800,623400
20160208,147.2400,149.6300,145.0100,149.0800,488300
20160209,146.7700,148.4400,145.0600,146.1200,678100
20160210,146.7000,148.7000,143.7100,146.0000,693900
20160211,144.8200,146.2100,144.4700,144.8300,513900
20160212,144.8900,148.0400,143.6600,147.0900,666700
20160216,148.9100,148.9700,144.9100,146.2000,582900
20160217,148.1900,150.5400,147.7200,149.4400,600200
20160218,148.0300,151.0000,146.4300,148.3400,559800
20160219,146.9000,148.1500,146.3600,147.3000,1520600
20160222,147.6200,149.4400,147.3600,148.1000,397800
20160223,147.4100,149.8900,147.1500,147.4800,388700
20160224,146.6900,148.0400,146.0400,146.4000,405600
20160225,150.4300,150.6500,147.7200,147.7200,919600
20160226,148.4400,150.6100,148.3800,150.6100,410400
20160229,148.0600,150.1500,148.0200,148.6700,449900
20160301,151.3100,151.3700,149.0000,149.1900,309400
20160302,150.3000,150.4600,148.8400,148.9000,637800
20160303,150.2100,151.4900,149.1000,150.5400,558100
20160304,149.6500,150.6100,148.6000,150.0800,568400
20160307,149.2200,149.8500,148.5100,149.2500,426800
20160308,149.7100,150.2400,148.6600,149.3800,439400
20160309,149.6600,151.0100,149.1400,150.2800,314800
20160310,150.3800,151.4400,148.9100,150.3200,276700
20160311,152.2900,152.3300,151.2900,151.8200,290400
20160314,152.9800,154.9800,151.5400,152.0100,364700
20160315,153.9500,154.5100,152.0500,152.0500,313800
20160316,154.8400,155.5600,151.6300,152.7700,421900
20160317,158.9600,159.7900,154.9000,155.3000,639200
20160318,155.5900,159.1500,155.4700,159.1500,788400
20160321,154.0800,156.5400,154.0100,155.3900,381700
20160322,153.7200,154.2900,153.0000,154.0800,398800
20160323,152.1300,154.0400,152.0300,153.7100,499600
20160324,152.4200,152.5700,151.2300,151.9300,505200
20160328,152.9800,153.5000,151.7000,152.7400,446800
20160329,156.2000,156.4700,152.8100,153.4600,480300
20160330,155.9400,157.0000,155.4100,156.5300,272000
20160331,156.0500,156.2500,154.9000,155.8900,417300
20160401,157.0900,157.5600,154.9900,155.3900,390400
20160404,156.8700,158.0900,156.2200,157.1100,338600
20160405,155.7400,156.9800,155.6100,156.3300,267300
20160406,157.1500,157.2900,154.8000,155.4300,487600
20160407,155.8600,157.2000,155.1400,156.6500,341200
20160408,156.1100,157.3300,155.5700,156.1600,346300
20160411,155.9100,156.6800,155.5100,156.2400,251300
20160412,155.8900,157.1400,154.7800,156.2800,272600
20160413,154.7000,156.5900,153.7300,156.4000,370800
20160414,154.2500,155.3300,154.0100,154.4400,205300
20160415,155.4800,155.7800,153.9700,154.0100,329200
20160418,155.7400,155.7400,154.2600,155.2100,209400
20160419,155.3900,156.1000,155.2000,156.0900,337100
20160420,153.2800,155.9200,153.1600,155.2600,197300
20160421,149.7500,153.0400,149.2500,152.8300,389800
20160422,150.8200,151.4700,149.3400,150.4600,314100
20160425,152.3800,152.5900,150.1000,150.1000,264800
20160426,153.4600,154.2300,152.0100,153.0200,259300
20160427,154.5600,155.0500,152.9300,154.0500,363200
20160428,153.5400,154.7200,153.0300,153.2800,221000
20160429,152.0800,153.2100,150.8400,152.6500,462100
20160502,154.3200,154.6600,152.4300,152.7200,217100
20160503,154.6900,155.0400,153.5200,153.6700,336500
20160504,156.8000,157.2300,153.6000,154.5100,379600
20160505,157.0600,157.9900,154.2800,156.1600,346900
20160506,157.5600,157.5700,154.7900,155.6000,428600
20160509,159.4600,159.6500,157.4200,157.8300,523200
20160510,158.9800,160.4700,158.4800,160.4100,266100
20160511,155.5700,158.8800,154.4900,158.8800,389900
20160512,156.5600,157.1600,154.1000,155.5800,313300
20160513,155.2500,156.2200,153.5100,156.2200,381500
20160516,156.8000,157.0100,155.0000,155.5500,278700
20160517,153.0100,156.9600,152.3900,156.3800,347200
20160518,151.0400,152.9100,149.6800,152.6000,390100
20160519,150.6300,151.2200,148.4000,150.1000,326300
20160520,152.6100,152.6700,150.6900,151.7100,367600
20160523,151.5800,153.6000,151.4500,152.7100,275200
20160524,153.2500,154.0900,152.5700,152.5700,433300
20160525,152.3900,153.3600,151.4400,153.3200,343300
20160526,153.3000,153.6500,151.8100,152.3800,194700
20160527,153.6000,154.6100,153.2600,153.7100,184700
