20150529,41.7900,42.4800,41.7600,42.0100,2316200
20150601,41.6600,41.7500,40.9100,41.6600,2321300
20150602,43.1600,43.6800,41.8400,42.0400,2560900
20150603,42.5100,43.4700,42.4000,42.9900,1812200
20150604,42.2200,42.5400,41.8400,42.2100,2200900
20150605,42.7600,43.3000,41.8700,41.9700,1817500
20150608,42.2200,43.1000,42.1300,42.5100,1240200
20150609,42.4900,43.0000,42.4600,42.6500,1453700
20150610,43.2500,43.4300,42.9000,43.1700,2191000
20150611,42.8800,43.2700,42.6600,43.1700,1984000
20150612,42.7800,43.0800,42.6200,42.8200,1926400
20150615,42.2500,42.6600,41.9900,42.3900,1233300
20150616,42.4300,42.5400,42.1700,42.3100,1605100
20150617,42.6100,43.0500,42.4500,42.9600,1805600
20150618,42.1400,42.9200,41.8900,42.8300,1985200
20150619,41.7200,42.4500,41.6800,41.9000,2514900
20150622,41.7000,41.9600,41.4100,41.7200,2651000
20150623,42.2300,42.4100,41.5500,41.9100,3766200
20150624,42.3100,42.7900,42.0000,42.0300,2161300
20150625,42.2300,42.5000,42.0300,42.2300,1920800
20150626,42.0000,42.1900,41.3100,42.1700,5152100
20150629,40.8000,41.6500,40.6000,41.4400,3862600
20150630,41.4900,41.6100,40.7400,41.1900,4718800
20150701,39.6500,41.7200,39.4800,41.5800,7777000
20150702,39.7900,40.1900,39.5100,39.8400,2600000
20150706,38.6500,39.4200,38.5100,38.7800,2473200
20150707,38.6700,38.8900,37.2800,38.5800,4498200
20150708,37.1300,38.5300,37.0500,38.3000,3293300
20150709,37.4300,38.1000,37.4000,37.8300,2549400
20150710,37.4500,38.0900,37.0000,37.7300,3504600
20150713,37.1900,37.8700,37.0300,37.5000,3760700
20150714,37.5500,37.9000,37.2300,37.3800,3744000
20150715,36.5300,37.5400,36.5000,37.4300,2770000
20150716,36.9300,37.3700,36.7700,36.9300,3100900
20150717,36.4100,36.9600,36.2000,36.8200,2989800
20150720,36.2900,36.6500,35.9800,36.5300,2788700
20150721,36.3700,37.1800,36.2800,36.4400,3403100
20150722,32.7600,35.6900,32.7200,35.0000,12083600
20150723,32.1800,33.2800,31.8300,32.8000,5132300
20150724,32.8400,33.2400,32.2400,32.3200,5921900
20150727,32.6300,33.0600,32.2800,32.3700,4460800
20150728,33.3800,33.7800,32.3700,32.7200,4295600
20150729,33.6600,33.9900,32.8600,33.1000,2955000
20150730,33.0700,33.7500,32.8400,33.5500,2943700
20150731,32.7600,33.2800,32.7200,32.8800,3014500
20150803,32.6500,33.4000,32.2700,32.4900,3538800
20150804,32.6000,33.4200,32.4800,32.9700,2014200
20150805,33.2100,33.5800,32.7000,33.1600,3537400
20150806,33.3300,33.5400,32.5500,33.0300,2758400
20150807,32.5100,33.2200,32.4200,32.9900,3004700
20150810,33.9600,34.0300,32.5700,32.5700,2499300
20150811,33.2800,33.4900,32.8100,33.0800,2518200
20150812,33.6800,33.7700,32.7100,33.2900,2497200
20150813,32.6900,33.4700,32.4900,33.1700,1946000
20150814,32.8200,33.4100,32.6300,32.6900,2295800
20150817,32.8700,33.3400,32.5500,32.6100,3968700
20150818,32.6300,33.0900,32.4700,32.7600,1337100
20150819,31.6100,32.6500,31.4500,32.3500,3007600
20150820,30.9400,32.1000,30.9200,31.4800,2193100
20150821,30.0100,31.2100,30.0100,30.6200,2978400
20150824,28.9900,30.0100,27.9400,27.9600,4304700
20150825,28.7300,30.3200,28.7200,30.3200,3454500
20150826,30.7300,32.0300,29.6700,30.7100,7120300
20150827,32.5200,33.6500,31.5100,31.8400,3689500
20150828,34.2800,34.3400,32.4200,32.4300,5161600
20150831,34.7800,35.2100,33.3900,33.7500,4519600
20150901,33.2400,34.1700,32.1700,33.2000,4061100
20150902,33.7700,34.2500,33.0200,33.7900,5599800
20150903,33.9000,34.3500,33.4400,34.0000,4893200
20150904,33.2000,33.9200,32.9400,33.8200,3784000
20150908,33.8500,33.9400,33.2200,33.5300,3135800
20150909,32.8700,34.4900,32.6000,34.1600,3261000
20150910,33.3200,33.6200,32.5300,32.8600,3227500
20150911,32.5400,32.7100,32.0100,32.0100,2511400
20150914,33.0200,33.1500,32.2700,32.4500,2884300
20150915,33.8000,33.9400,33.0800,33.1600,1997900
20150916,35.1300,35.6600,33.9100,34.1900,2484700
20150917,34.6000,35.3300,34.2900,35.0200,3012400
20150918,33.2800,33.9900,31.3100,31.3100,4223300
20150921,33.1800,33.9400,33.1100,33.7600,1914400
20150922,33.0100,33.9300,32.5100,32.5400,3218700
20150923,32.7700,33.4400,32.7300,33.0800,1644900
20150924,32.5500,32.8500,31.7800,32.4600,3194200
20150925,32.8300,33.1100,32.5000,32.9300,2222800
20150928,31.4700,32.4900,31.3600,32.3800,2754700
20150929,31.5500,32.1100,31.2300,31.7400,3461000
20150930,31.0000,31.9200,30.4900,31.7400,4160800
20151001,29.8300,31.5900,29.7200,31.5400,6358200
20151002,30.7300,30.7300,29.0000,29.4000,7839800
20151005,32.7800,32.9900,30.3900,31.0700,6245800
20151006,33.4900,34.0400,32.2700,32.7700,7457100
20151007,34.1900,34.5700,33.2400,34.1500,3869100
20151008,34.7700,34.9900,33.5400,34.0900,2642400
20151009,34.4500,34.9000,34.0100,34.9000,1916100
20151012,33.6600,34.6700,33.4300,34.4300,1851600
20151013,33.6300,34.2300,33.3300,33.4000,2390600
20151014,33.9600,34.1100,33.2500,33.7200,1960100
20151015,34.7800,34.8500,33.6100,33.9100,3357300
20151016,34.0900,35.0400,33.4500,35.0100,2568500
20151019,33.8500,34.0700,33.4300,33.6200,2278000
20151020,34.0600,34.1900,33.2500,33.5200,3472300
20151021,32.7600,33.9200,32.4000,33.4400,7760700
20151022,32.7200,33.4600,32.4600,32.8800,3741100
20151023,33.2700,33.7400,32.4200,32.7000,3510400
20151026,32.2300,33.4900,31.9600,33.1300,3239000
20151027,31.8000,32.3600,31.0500,31.3800,2516600
20151028,33.4800,33.5400,31.7400,32.1200,4840200
20151029,32.8300,33.8000,32.6200,33.2800,2696400
20151030,33.8300,34.0700,32.4100,32.8700,5533900
20151102,34.6600,34.7000,33.3800,33.4400,3079100
20151103,35.4800,35.7700,34.6800,34.7600,3552000
20151104,35.4700,35.9300,35.2100,35.4300,2441200
20151105,35.0200,35.8700,34.8200,35.3100,2052900
20151106,35.1100,35.3100,34.5000,34.6000,1637200
20151109,34.6200,35.2700,34.0400,35.0300,1688800
20151110,34.4600,34.7800,33.9800,34.4400,1406300
20151111,33.6500,34.4700,33.2800,34.4500,1727800
20151112,32.4800,33.7800,32.4300,32.8900,2218400
20151113,32.2700,32.8200,32.0800,32.3400,2191300
20151116,33.4400,33.4600,32.1200,32.2800,1761300
20151117,33.1400,33.6400,32.9100,33.2900,1379700
20151118,34.3200,34.3600,33.1800,33.5100,1663900
20151119,33.4100,34.4300,33.2800,34.1800,1214400
20151120,33.1100,33.7600,32.6400,33.5000,1639000
20151123,33.2700,33.5200,32.8300,33.0400,1229900
20151124,34.2000,34.3500,33.3900,33.4900,1856100
20151125,33.9100,34.4600,33.3400,33.8000,1124300
20151127,33.3800,34.1400,33.2700,33.6600,588400
20151130,34.0200,34.6300,33.7000,34.1300,1892900
20151201,34.0200,34.2300,33.4300,33.9200,1827100
20151202,33.6700,34.3000,33.3100,33.7900,2296000
20151203,33.1900,34.1500,33.0400,33.9800,2146100
20151204,32.6400,33.1200,32.1100,32.8700,2717000
20151207,30.9200,31.6600,30.3800,31.6600,3384300
20151208,30.7100,31.4100,30.2100,30.3800,3165900
20151209,31.4300,33.6700,29.8000,30.9400,6502700
20151210,30.8500,31.2600,30.3500,31.0000,7191000
20151211,28.9200,30.4600,28.8500,30.2600,4309900
20151214,29.1800,29.6100,28.7600,28.7600,4560400
20151215,30.6200,31.1200,29.5600,29.6600,3479900
20151216,30.3700,31.0400,29.9400,30.5200,2615100
20151217,29.0400,30.3600,29.0400,30.1800,2718400
20151218,28.3500,29.0800,28.3400,28.8700,4166800
20151221,28.7000,28.8600,28.0800,28.3900,2223000
20151222,28.8800,29.1300,28.6500,28.8700,2883700
20151223,29.6200,29.6800,28.9900,29.5700,3229100
20151224,29.2500,29.8500,29.2300,29.7000,1354900
20151228,28.9500,28.9600,28.3400,28.5900,1986300
20151229,29.2000,29.7300,29.0100,29.4500,1673100
20151230,29.1600,29.5900,28.5600,28.5600,2092400
20151231,29.0100,29.4100,28.8300,28.9700,1479200
20160104,29.2200,29.2400,28.3600,28.8800,2676000
20160105,28.8100,29.2700,28.4800,29.1400,2322600
20160106,27.1100,28.3000,26.7600,27.9600,4987900
20160107,26.8300,27.4200,26.3700,26.5500,5141700
20160108,26.0000,27.5800,25.9800,27.2100,3637100
20160111,25.4400,26.1700,25.2200,26.1200,3318800
20160112,25.2500,26.2000,24.7200,26.2000,4226400
20160113,24.7500,25.7500,24.7500,25.5300,4556700
20160114,25.5200,25.6200,24.5500,24.9500,4168500
20160115,24.3300,24.7900,24.0900,24.4800,5191800
20160119,23.8800,24.5600,23.5700,24.4900,4420000
20160120,23.5800,23.8800,22.8500,23.3400,5510700
20160121,23.7800,24.4200,23.2600,23.3600,4244600
20160122,24.3100,24.9800,23.6800,24.8100,6086500
20160125,23.3800,24.5400,23.3700,23.6100,4682600
20160126,23.9300,24.2500,23.5200,24.0000,3536100
20160127,23.9200,24.5000,23.6600,23.8400,4213400
20160128,24.3200,25.1300,23.9500,24.9700,4928300
20160129,25.1500,25.1500,24.1500,24.3500,6904600
20160201,24.7800,25.2500,24.2200,25.0500,5451200
20160202,23.6300,24.2000,23.5300,23.5300,3236900
20160203,24.0700,24.4000,22.9100,23.9400,6632100
20160204,24.2800,25.4500,24.0700,24.3500,6719900
20160205,23.8100,24.3800,23.5400,23.8300,5455800
20160208,23.6200,23.7200,23.1600,23.3900,5579500
20160209,22.9800,23.5000,22.5200,23.2400,4964500
20160210,23.1600,23.6100,22.7100,22.8800,5793200
20160211,22.7700,23.1400,22.3000,22.7400,4523100
20160212,23.1200,23.7100,22.9800,23.1000,9155900
20160216,23.4800,23.6500,23.0400,23.5300,8838600
20160217,25.1400,26.8300,24.9300,26.1900,14661100
20160218,24.8300,25.4100,24.4400,25.4100,7096500
20160219,25.1700,25.1700,24.3000,24.6300,4249300
20160222,25.3200,26.2500,25.2600,26.2500,3567400
20160223,24.2000,25.3000,24.1900,25.1200,3184100
20160224,24.4800,24.5100,23.5200,23.7900,3630700
20160225,23.8600,24.6200,23.2700,24.4600,3070300
20160226,24.5300,24.8500,24.1200,24.3600,2879400
20160229,24.5300,24.8800,24.2300,24.5400,5399200
20160301,25.4000,25.5600,24.6700,24.8200,2962700
20160302,25.7700,25.7700,24.7000,25.2400,2693000
20160303,26.4500,26.4700,25.6200,25.7200,3468100
20160304,25.6800,26.6600,25.3500,26.5400,6168800
20160307,26.6400,26.6700,25.4400,25.6000,6353700
20160308,24.3400,26.3900,23.9900,26.3900,7399200
20160309,25.2700,25.6700,23.6800,24.6400,4971100
20160310,25.3600,25.5400,24.8200,25.1200,3480700
20160311,27.5400,27.5800,26.1100,26.1100,5809300
20160314,27.1700,27.5300,26.8200,27.0400,4023400
20160315,26.7800,26.8500,26.2200,26.7700,2840500
20160316,27.0700,27.1900,26.5400,26.8700,2496600
20160317,27.6000,27.7100,27.0700,27.3600,2877600
20160318,27.5400,27.8800,27.4300,27.8000,5717000
20160321,27.8200,27.8700,27.1300,27.3000,2367100
20160322,27.4500,27.9400,27.2900,27.4000,2224400
20160323,26.8700,27.5400,26.8600,27.1900,2362200
20160324,26.9800,27.0300,26.1100,26.3500,2238500
20160328,26.8400,27.1500,26.5100,26.9800,2689400
20160329,26.8500,26.8900,26.1700,26.4200,2197400
20160330,27.0900,27.6500,26.8900,27.1900,2502100
20160331,27.3600,27.4000,26.8800,26.9700,3173400
20160401,27.2400,27.5600,26.7700,26.7700,2886000
20160404,27.0900,27.3000,26.7200,27.0800,3589700
20160405,26.9800,27.2700,26.5900,26.8300,3084200
20160406,27.5500,27.6300,26.5300,27.3500,3016200
20160407,26.8000,27.4600,26.5000,27.2800,3289900
20160408,27.5600,27.9700,27.3400,27.4300,1837700
20160411,27.2300,27.8500,27.2300,27.6100,1830500
20160412,28.0800,28.2500,27.2100,27.4600,2634900
20160413,28.7100,28.8600,28.0400,28.1900,2256700
20160414,28.2300,28.9000,27.8400,28.7600,2971300
20160415,27.7000,27.9200,27.1900,27.9200,2657100
20160418,28.7700,28.8400,26.8800,26.9900,3000000
20160419,29.5200,29.6000,28.7100,29.0000,2681000
20160420,29.2900,29.5700,28.9200,29.2800,1899900
20160421,28.8900,29.4500,28.7700,29.3800,2686600
20160422,29.5300,30.0600,28.9000,28.9500,2204700
20160425,28.8500,29.4600,28.6300,29.3400,2477900
20160426,28.5000,29.1900,27.9300,29.0700,7002500
20160427,30.3500,31.0500,28.2400,29.2400,5908000
20160428,30.2200,31.3000,29.9700,30.1300,5777700
20160429,30.4900,31.2500,29.8400,30.3200,4127400
20160502,29.9600,30.7000,29.6500,30.4700,2654000
20160503,29.4400,29.6100,29.0100,29.4800,2702900
20160504,28.5300,29.8200,28.4800,29.4900,2526300
20160505,28.5700,29.1900,28.3200,29.1400,2029100
20160506,28.6500,29.0500,28.0700,28.2600,1974000
20160509,27.5800,28.0400,27.2500,27.7700,2340700
20160510,27.9500,28.0600,27.4700,27.6700,1826700
20160511,28.1200,28.4200,27.1300,27.8900,2008300
20160512,28.0100,28.6100,27.6400,28.4500,1940300
20160513,27.5700,28.0700,27.4300,27.7800,1945800
20160516,28.8500,29.0400,28.0300,28.1400,2981000
20160517,29.3100,29.4200,28.7400,28.7900,2578700
20160518,28.6500,29.2600,28.4300,29.2000,2778400
20160519,27.3000,29.0100,27.2900,29.0100,9088400
20160520,27.1200,27.6000,26.4700,27.1800,9539800
20160523,27.0500,27.2600,26.6500,26.8700,4749200
20160524,26.9600,27.3400,26.5500,27.2700,4708200
20160525,27.2900,27.4900,27.1200,27.2300,5841100
20160526,26.7400,27.6500,26.7300,27.5400,4750900
20160527,27.0000,27.0100,26.6500,26.7600,2059000
