20150529,27.2700,27.5000,27.2700,27.5000,41661000
20150601,27.2800,27.3400,27.0700,27.2600,33322400
20150602,27.3300,27.4200,27.1500,27.2200,26325300
20150603,27.5300,27.5600,27.3600,27.4300,26306300
20150604,27.2600,27.6200,27.2100,27.4200,33360500
20150605,27.2900,27.3800,27.1600,27.2600,30647700
20150608,27.2400,27.3600,27.2100,27.3200,29812800
20150609,27.3300,27.4700,27.1700,27.2800,31113900
20150610,27.6300,27.6800,27.3200,27.3600,33175700
20150611,27.5100,27.6400,27.3600,27.5700,31388400
20150612,27.3900,27.4800,27.2800,27.4400,22170600
20150615,27.2100,27.3900,27.1100,27.3900,28498700
20150616,27.2200,27.2400,27.0000,27.1700,27569500
20150617,27.2700,27.4000,27.1100,27.1900,36548300
20150618,27.3700,27.4100,27.0300,27.0800,37680700
20150619,27.2400,27.3800,27.1800,27.2700,60267600
20150622,27.4200,27.5000,27.2900,27.3000,27504700
20150623,27.5500,27.6000,27.3900,27.4200,32510900
20150624,27.2600,27.5900,27.2500,27.5500,32456700
20150625,27.0400,27.3500,27.0200,27.2800,23342100
20150626,27.0900,27.1300,26.9100,27.0400,25777400
20150629,26.6400,26.9700,26.5300,26.9000,33372300
20150630,26.5700,26.9600,26.5300,26.8200,35557800
20150701,26.6600,26.8700,26.4700,26.6700,30427400
20150702,26.7800,26.8300,26.6000,26.7000,26002300
20150706,26.3100,26.6400,26.2000,26.5300,27858100
20150707,26.4700,26.5500,25.9300,26.3800,32647100
20150708,25.8900,26.2400,25.8800,26.0900,32030700
20150709,26.0200,26.4000,26.0100,26.1700,30411400
20150710,26.2700,26.4400,26.0400,26.3900,25359800
20150713,26.4700,26.5300,26.2400,26.4900,24324600
20150714,26.6600,26.7300,26.3500,26.3500,22294600
20150715,26.7700,26.7900,26.6000,26.6100,27925100
20150716,27.0400,27.0400,26.8400,26.9800,30635400
20150717,27.2400,27.3300,27.0300,27.2600,41191000
20150720,27.1400,27.2100,27.0100,27.1200,24686600
20150721,26.8500,27.1500,26.8000,27.0100,29282300
20150722,26.6300,26.9600,26.5700,26.8800,24133400
20150723,26.2600,26.6000,26.2000,26.5800,23201200
20150724,25.7500,26.3200,25.6700,26.3100,31124200
20150727,25.9500,25.9800,25.5200,25.5400,36277000
20150728,26.1000,26.2400,25.9500,26.1000,27758300
20150729,26.2600,26.2800,26.0500,26.0900,23987900
20150730,26.1200,26.2400,26.0100,26.2300,22118900
20150731,26.1000,26.2900,26.0500,26.2300,23197500
20150803,25.8700,26.1300,25.6000,26.1200,32580300
20150804,25.9000,26.0600,25.8300,25.8900,21985200
20150805,26.1000,26.3300,26.0300,26.0900,25471400
20150806,26.0300,26.1800,25.9600,26.1500,17298200
20150807,25.7900,26.0600,25.6100,25.9500,25916200
20150810,26.2400,26.3000,25.9000,25.9000,23479200
20150811,25.7100,26.0300,25.6400,26.0300,28235300
20150812,25.8600,25.8800,25.3500,25.5400,31474800
20150813,25.7900,25.9100,25.6200,25.7700,16418700
20150814,26.0800,26.1000,25.6200,25.6500,20786300
20150817,26.2100,26.2400,25.8000,25.9500,19223700
20150818,26.0700,26.2100,25.9400,26.1700,20348800
20150819,25.7300,26.0300,25.6200,25.9000,29149900
20150820,25.1900,25.6400,25.1800,25.5100,34645800
20150821,24.5900,25.1300,24.5600,24.9000,65101900
20150824,23.8700,24.0400,19.3700,22.8400,91236496
20150825,23.2700,24.7400,23.2700,24.7300,60778000
20150826,24.0100,24.0700,23.2700,23.8500,78965904
20150827,25.0100,25.0100,24.3800,24.4300,64894200
20150828,25.1600,25.1700,24.7800,24.9200,32942500
20150831,24.8200,24.9800,24.5800,24.9800,37006800
20150901,23.8800,24.3600,23.6800,24.2400,65344000
20150902,24.5700,24.5800,23.8300,24.1400,50480800
20150903,24.5100,24.9500,24.3900,24.7600,33564800
20150904,24.0000,24.1800,23.8500,24.1800,35628400
20150908,24.9600,24.9800,24.2700,24.5100,46212800
20150909,24.5500,25.2200,24.4800,25.2000,34611200
20150910,24.6800,24.8600,24.5000,24.5600,35043100
20150911,24.9500,24.9600,24.5000,24.7400,31903000
20150914,24.7700,24.9800,24.6000,24.9700,26237600
20150915,25.3000,25.4500,24.7000,24.9000,46334700
20150916,25.9300,26.0300,25.4200,25.5300,61540100
20150917,25.3500,25.9300,25.2700,25.5000,48844100
20150918,24.8000,25.2100,24.7100,25.1500,77869296
20150921,25.0900,25.2000,24.8400,24.8900,29618900
20150922,25.1100,25.1600,24.6000,24.7600,44205000
20150923,25.1400,25.3300,24.9800,25.0100,41190000
20150924,24.9100,25.4500,24.6500,24.8700,53239500
20150925,24.9200,25.0400,24.8600,25.0000,38950100
20150928,24.3100,24.7400,24.3100,24.6900,42641300
20150929,24.5700,24.6000,24.2600,24.3300,41587800
20150930,25.2200,25.2400,24.6900,24.7300,43758300
20151001,25.1900,25.3100,24.7900,25.1500,39723600
20151002,25.4700,25.4900,24.8300,24.8700,42676200
20151005,26.8200,27.2000,26.2200,26.3700,105423296
20151006,27.2900,27.4100,26.9600,26.9900,71909400
20151007,27.7700,27.7700,27.3200,27.5000,65671000
20151008,28.0300,28.2000,27.4300,27.6300,51114700
20151009,28.0700,28.1700,27.8900,27.9800,47327600
20151012,28.0900,28.1700,27.9100,27.9800,25239600
20151013,27.8700,28.2800,27.8700,27.9700,43203200
20151014,27.6000,27.8400,27.4800,27.7400,39107900
20151015,28.0300,28.1700,27.6400,27.8000,76978600
20151016,28.9800,29.1900,28.2200,28.6100,141526304
20151019,28.9900,29.5600,28.7500,28.8000,131036400
20151020,28.7800,29.0000,28.7000,28.8200,75155000
20151021,28.8500,29.2400,28.7800,28.7900,65404100
20151022,29.5800,29.7400,28.9100,28.9500,81476400
20151023,29.5100,29.8300,29.4200,29.7000,76867200
20151026,29.5500,29.6600,29.4100,29.5200,48757400
20151027,29.4600,29.6400,29.2300,29.4100,67606200
20151028,29.3900,29.5800,29.1500,29.3300,71077504
20151029,29.3400,29.3800,29.0600,29.1700,42373900
20151030,28.9200,29.3300,28.9100,29.2200,71021400
20151102,29.4000,29.4000,28.8800,28.9400,59504700
20151103,29.5900,29.7900,29.1800,29.2100,95829904
20151104,29.5400,29.7900,29.4600,29.5500,105133904
20151105,29.6400,29.7400,29.3100,29.4700,122593504
20151106,29.9200,29.9500,29.2500,29.4400,126109800
20151109,29.7500,29.9500,29.3800,29.7600,145462208
20151110,30.1200,30.2700,29.6100,29.6300,239464992
20151111,30.6700,30.8200,30.2000,30.2000,197598800
20151112,30.1600,30.9000,30.1100,30.4100,292791616
20151113,30.2800,30.4900,29.8100,29.8600,247153696
20151116,30.3600,30.6000,29.7700,29.8800,284804192
20151117,30.3200,30.7500,30.0000,30.5700,431332608
20151118,30.5200,30.5700,30.1000,30.2200,177775392
20151119,30.2700,30.5100,30.2500,30.3800,98930096
20151120,30.6600,30.9900,30.2100,30.2600,210757504
20151123,30.5900,30.8200,30.2600,30.5900,135391504
20151124,30.6600,30.8700,30.2800,30.3300,145876704
20151125,30.3600,30.6500,30.3000,30.6400,54159700
20151127,30.3600,30.3800,30.1900,30.2700,33143900
20151130,29.9400,30.4500,29.9400,30.3300,79716600
20151201,30.1700,30.2500,29.8700,29.9900,54244900
20151202,29.9700,30.2300,29.8800,30.0900,44123600
20151203,30.0300,30.2500,29.9700,30.0900,62969900
20151204,30.4900,30.5200,29.9600,30.0700,58203200
20151207,30.3700,30.4400,30.1200,30.4200,66681300
20151208,30.1900,30.3800,29.9100,30.0700,53265500
20151209,30.4700,30.5900,29.9600,30.0200,50560400
20151210,30.6500,30.9300,30.3700,30.4400,47082500
20151211,30.2600,30.6100,30.1500,30.3200,62907700
20151214,30.2600,30.4600,29.7700,30.2600,65059300
20151215,30.3200,30.6100,30.2200,30.4000,58880700
20151216,30.9800,31.2300,30.4200,30.4600,73831504
20151217,30.5500,31.0500,30.5300,30.9400,58024100
20151218,30.2800,30.5800,30.2800,30.3900,83144800
20151221,30.4000,30.6000,30.1500,30.4200,40719200
20151222,30.4900,30.6300,30.1600,30.4900,42256400
20151223,30.9500,31.0000,30.5200,30.5200,35775400
20151224,30.8300,30.9300,30.6900,30.9000,13518900
20151228,30.9000,31.0000,30.6100,30.7400,26557700
20151229,31.2800,31.4800,31.0000,31.0100,33400400
20151230,31.0500,31.4400,31.0100,31.2800,29127700
20151231,31.1500,31.4900,30.7900,30.8600,52307700
20160104,30.7100,30.7600,30.2500,30.5500,62881500
20160105,30.7400,30.8400,30.4500,30.6800,55176200
20160106,30.2500,30.7200,30.0500,30.2700,62652700
20160107,28.9700,29.9600,28.8500,29.6500,92267400
20160108,28.4500,29.3000,28.3400,29.2000,74496096
20160111,28.5800,29.9200,28.2500,28.5400,58433400
20160112,28.6400,28.8800,28.3400,28.7600,47682800
20160113,28.2400,29.0600,28.2000,28.9100,55717700
20160114,29.0600,29.2500,28.2900,28.3100,65236900
20160115,28.4900,28.7600,28.1000,28.1400,69424800
20160119,28.4900,28.8900,28.2000,28.7200,51986800
20160120,28.0000,28.4300,27.4800,27.9300,88062800
20160121,28.5900,28.9900,28.1300,28.1300,56037600
20160122,28.2400,28.5600,27.7100,28.5500,87869400
20160125,28.0400,28.4900,28.0000,28.3200,44848800
20160126,28.3100,28.5400,28.0500,28.0700,42432900
20160127,28.0000,28.5800,27.8200,28.2000,46116400
20160128,28.2100,28.3500,27.9300,28.2200,40069900
20160129,29.1000,29.1100,28.3400,28.4600,51576200
20160201,28.6400,29.0300,28.5600,29.0100,43446200
20160202,28.2400,28.2900,27.9200,28.2700,40071800
20160203,28.6700,28.6900,27.8700,28.3900,44261600
20160204,29.1800,29.4600,28.4900,28.6500,53998300
20160205,28.5400,29.2000,28.3000,29.1500,51984700
20160208,28.1700,28.2700,27.7600,28.2200,48096400
20160209,28.2800,28.5400,27.7500,27.7500,37031600
20160210,28.3000,28.7000,28.2500,28.3700,32492600
20160211,27.4500,28.0300,27.1000,27.7500,80550000
20160212,28.2600,28.2600,27.3600,27.5700,57645600
20160216,28.8600,29.0300,28.4200,28.5800,47218800
20160217,29.3400,29.6100,29.1200,29.1400,38254800
20160218,29.0800,29.3500,28.9900,29.3000,31054300
20160219,29.0200,29.1300,28.6800,28.9400,36065100
20160222,29.4100,29.4900,29.0200,29.0200,38513100
20160223,29.2200,29.3600,29.0800,29.2100,31151200
20160224,28.9600,29.0500,28.4000,28.9000,44928500
20160225,29.2300,29.2800,28.7800,28.8000,35881300
20160226,29.4000,29.5600,29.2900,29.3000,29345100
20160229,29.1400,29.5500,29.1200,29.4400,34166400
20160301,29.8800,29.9700,29.3100,29.4100,32332700
20160302,30.1800,30.1800,29.7600,29.7800,37215200
20160303,30.2200,30.4000,30.0600,30.2000,28112900
20160304,30.4600,30.5900,30.2200,30.2200,32273700
20160307,30.2900,30.4500,30.1300,30.2600,25783600
20160308,30.0600,30.2200,29.9700,30.0800,30537100
20160309,30.0500,30.2000,29.9700,30.1600,24818300
20160310,29.9400,30.2900,29.7900,30.1700,33136100
20160311,30.3400,30.5800,30.1400,30.1400,31840300
20160314,30.2700,30.3700,30.0800,30.2200,22028200
20160315,30.2800,30.3700,30.0300,30.0300,28845500
20160316,30.1700,30.3100,30.0700,30.2400,32653900
20160317,30.9600,31.1100,30.1800,30.2200,59699800
20160318,30.9200,31.1500,30.9000,31.0900,51300700
20160321,31.0900,31.2000,30.7900,30.8500,26375400
20160322,31.0600,31.2400,30.9700,30.9800,25920100
20160323,31.0700,31.2400,31.0100,31.0400,27038900
20160324,31.1100,31.1100,30.8200,30.9100,26791300
20160328,31.4900,31.7000,31.1000,31.1400,39177900
20160329,31.4800,31.5800,31.2800,31.4600,37985300
20160330,31.8300,31.9500,31.7300,31.7600,34385700
20160331,31.7900,32.0500,31.7600,31.8900,36569600
20160401,31.9300,32.0200,31.4500,31.5000,39263800
20160404,31.2300,31.7100,31.0900,31.6900,44922400
20160405,30.9800,31.1300,30.7800,30.9500,31165700
20160406,30.9000,31.5000,30.6400,30.8900,35494000
20160407,30.6300,30.7800,30.5100,30.7200,32800700
20160408,30.7900,31.0800,30.6900,30.9000,25573600
20160411,30.7100,31.0000,30.7100,30.8300,25060400
20160412,30.8100,30.9300,30.5800,30.6800,27221500
20160413,30.9800,31.1000,30.9400,30.9800,23292800
20160414,31.0200,31.0800,30.8600,30.9900,21413700
20160415,31.0300,31.1000,30.9300,31.0700,24349800
20160418,31.0600,31.1900,30.9000,30.9000,21068200
20160419,31.1500,31.2100,31.0100,31.1400,22596200
20160420,31.1500,31.3500,31.0500,31.2000,26442700
20160421,30.9800,31.2800,30.8500,31.1200,39282700
20160422,30.7600,31.1800,30.3100,31.0300,55753600
20160425,30.6800,30.8600,30.4000,30.8100,35126100
20160426,30.9000,30.9800,30.7400,30.8400,25213200
20160427,30.9300,31.0100,30.8200,30.9400,22784500
20160428,30.9000,31.2200,30.7000,30.7400,28390300
20160429,30.7500,30.9700,30.6000,30.7500,28859700
20160502,30.8900,30.9900,30.6300,30.6400,17067800
20160503,30.6300,30.7100,30.3500,30.6400,27576800
20160504,30.0700,30.4200,29.8900,30.4000,39468700
20160505,29.8900,30.2400,29.8000,30.1400,31570800
20160506,30.1200,30.2400,29.4100,29.6800,28295600
20160509,29.8700,30.0900,29.6300,30.0500,26884300
20160510,30.4800,30.5600,29.9800,29.9900,27099000
20160511,30.3400,30.7500,30.3400,30.5000,22302200
20160512,30.0900,30.2000,29.8400,29.8400,47258500
20160513,29.6400,30.1100,29.5400,29.9700,34636000
20160516,29.9600,30.1300,29.5200,29.5500,25590000
20160517,29.7100,30.0900,29.5800,29.8900,33060000
20160518,29.6100,29.8500,29.4300,29.7000,27507300
20160519,29.3600,29.4500,29.0600,29.3300,33777100
20160520,29.5600,29.6800,29.4300,29.5300,32962000
20160523,29.4900,29.6700,29.4100,29.5200,21826500
20160524,29.8500,29.9700,29.6900,29.7200,24141800
20160525,30.0900,30.3200,29.9600,30.0000,27658300
20160526,30.0200,30.2300,30.0000,30.0700,22419700
20160527,30.1200,30.1900,30.0400,30.1400,19273200
