20150529,28.3300,28.6500,28.1900,28.5700,6891900
20150601,28.4900,28.6000,28.2200,28.3600,2979200
20150602,28.2300,28.4500,28.0400,28.3900,3417400
20150603,27.5500,28.2400,27.4600,28.2200,3615700
20150604,27.4000,27.6700,27.3800,27.5600,2842900
20150605,26.9700,27.2000,26.8800,27.1100,4030400
20150608,26.7900,27.0400,26.7700,26.9900,2538200
20150609,26.4900,26.8000,26.4200,26.7700,3109000
20150610,26.6500,26.9100,26.3800,26.6500,3156100
20150611,26.7900,26.9300,26.6700,26.8300,3483700
20150612,26.7900,26.8600,26.6400,26.7000,3065300
20150615,26.8500,26.8500,26.5500,26.7200,3730300
20150616,27.0000,27.0400,26.6900,26.8200,4027500
20150617,27.0900,27.1600,26.6300,26.9400,4319700
20150618,27.6100,27.7000,27.1800,27.1800,5018700
20150619,27.1000,27.6400,27.1000,27.5400,5701400
20150622,26.6600,27.2400,26.6300,27.1100,4129800
20150623,26.5400,26.7300,26.4300,26.5700,3205000
20150624,26.3700,26.7500,26.3600,26.5700,2391800
20150625,26.0500,26.4100,26.0500,26.3800,3190000
20150626,26.2900,26.3400,25.9700,26.0400,3419600
20150629,25.7100,26.4800,25.6900,26.3100,3531300
20150630,25.6600,25.9800,25.5900,25.9800,4698700
20150701,26.1000,26.1000,25.6100,25.7300,4350000
20150702,26.2200,26.4900,26.0500,26.2500,3877100
20150706,26.1500,26.4200,26.0300,26.0300,5411700
20150707,26.8400,26.8800,26.2000,26.2000,5137800
20150708,26.6100,26.8400,26.3800,26.6600,4759300
20150709,26.3800,26.8100,26.2400,26.7100,3197100
20150710,26.3800,26.6600,26.3800,26.5400,3792900
20150713,26.2800,26.7100,26.0600,26.5900,2847400
20150714,26.4600,26.5300,26.1700,26.3300,3238300
20150715,26.6100,26.6600,26.3000,26.4100,3251800
20150716,26.8800,27.0900,26.7300,26.7600,3965700
20150717,26.4700,26.9300,26.4200,26.9300,2603400
20150720,26.5000,26.6000,26.3600,26.3900,2479200
20150721,26.4900,26.5900,26.3700,26.4800,2933600
20150722,26.6400,26.8200,26.4800,26.4800,3071900
20150723,26.2300,26.6300,26.0500,26.5900,3518500
20150724,26.3000,26.3800,26.0700,26.1700,3950500
20150727,26.5000,26.5900,26.3200,26.3300,3428900
20150728,26.6500,26.8300,26.3800,26.5700,3492200
20150729,26.9800,27.0200,26.4800,26.6100,4681000
20150730,26.9000,27.0200,26.7500,26.8500,3379200
20150731,27.1400,28.4400,27.0600,27.5200,5637700
20150803,27.2400,27.4300,27.0900,27.1200,4334600
20150804,26.9300,27.5500,26.7500,26.7500,4003400
20150805,27.0800,27.2100,26.8700,27.0900,3908300
20150806,27.4400,27.4600,26.8800,27.0900,3713900
20150807,27.7500,27.8500,27.2200,27.3900,3244700
20150810,27.5300,27.9400,27.3900,27.9000,2362400
20150811,28.0400,28.1200,27.5200,27.5400,5196200
20150812,27.9300,28.0400,27.6700,28.0200,4585900
20150813,27.8300,28.0000,27.5200,27.7500,2673200
20150814,27.8700,27.8800,27.2400,27.2400,2138700
20150817,28.0200,28.0600,27.6700,27.8400,2070900
20150818,27.9500,28.0300,27.8500,27.9400,2453400
20150819,27.8800,28.1500,27.5500,27.7800,2813900
20150820,27.5900,27.9400,27.4400,27.8800,3639400
20150821,27.2100,27.7900,27.2100,27.5000,5423800
20150824,25.7500,26.3400,25.2500,25.3200,7853800
20150825,24.9200,26.5000,24.8800,26.4900,4878700
20150826,25.7600,25.8200,25.1800,25.3500,7672000
20150827,26.2300,26.3900,25.7400,26.0500,6153000
20150828,26.0700,26.8200,25.8300,26.2300,3792500
20150831,25.3800,26.1300,25.3600,25.9900,6234700
20150901,24.7500,25.1900,24.5500,24.7700,5719300
20150902,25.0600,25.1900,24.8400,25.1200,3564800
20150903,25.1800,25.3800,25.0800,25.1900,3538600
20150904,24.4800,24.8600,24.2200,24.7800,5244100
20150908,24.7800,24.8700,24.4100,24.7800,4519200
20150909,24.4000,25.0200,24.3500,24.9800,4500900
20150910,24.3700,24.6900,24.2300,24.3300,4020400
20150911,24.9500,24.9600,24.2400,24.3700,5210200
20150914,24.9500,25.0900,24.8100,25.0300,3752000
20150915,25.2200,25.3500,24.7600,24.9200,3151600
20150916,25.4900,25.6000,25.2000,25.2100,3294500
20150917,25.7400,26.2500,25.2900,25.5200,4844000
20150918,25.7200,26.1000,25.3100,25.3300,14160100
20150921,26.0200,26.2000,25.6700,25.7500,3942600
20150922,25.5700,25.9100,25.4500,25.7900,3138800
20150923,25.6300,25.8000,25.4100,25.5700,2840200
20150924,25.0600,25.7000,24.9900,25.5300,4522300
20150925,25.4200,26.0200,25.1400,25.4300,3803100
20150928,24.9700,25.3900,24.7900,25.3400,4613800
20150929,25.5700,25.7400,24.9700,24.9800,5252600
20150930,25.9700,26.0200,25.5800,25.7800,5789400
20151001,26.4300,26.4700,25.9800,26.1100,4963000
20151002,26.4600,26.4600,25.6000,26.1400,4135400
20151005,27.0800,27.1200,26.5400,26.5600,3751300
20151006,26.6500,27.1800,26.6200,26.9100,6155200
20151007,26.9000,26.9700,26.6200,26.6500,4557500
20151008,27.3100,27.3600,26.8300,26.9000,3747600
20151009,27.1400,27.3300,26.9600,27.2700,2725300
20151012,27.2400,27.3800,27.0500,27.1100,4761000
20151013,26.8700,27.2800,26.8200,27.0700,4620100
20151014,26.8100,27.1400,26.7500,27.0300,2779900
20151015,27.0600,27.0900,26.7700,26.9100,2769300
20151016,27.2400,27.3800,27.0600,27.1200,3177200
20151019,27.7900,27.8000,27.1800,27.1800,2551900
20151020,27.8400,27.9200,27.5900,27.7100,3605900
20151021,27.8400,28.8500,27.6900,27.8900,6388500
20151022,28.6000,28.6500,27.9900,28.0100,5335300
20151023,28.4900,28.7000,28.2600,28.5800,3118600
20151026,28.6900,28.7300,28.4100,28.4900,3606300
20151027,28.8700,28.9400,28.5000,28.6100,4523500
20151028,28.9400,28.9800,28.4100,28.8500,3288200
20151029,29.0400,29.0800,28.7300,28.8000,3917000
20151030,28.9500,29.1100,28.8800,28.9700,5540500
20151102,29.5500,29.5600,28.8600,28.9100,6466600
20151103,28.7000,29.0800,28.4200,28.5700,9076300
20151104,28.6800,28.8300,28.5600,28.7200,3623100
20151105,28.8400,29.0500,28.5700,28.6700,4137500
20151106,27.5000,28.4200,27.3200,28.1500,6539300
20151109,26.6300,27.5500,26.3700,27.3700,5687000
20151110,26.8400,26.9700,26.5900,26.6800,4843500
20151111,26.7400,26.9700,26.6400,26.8600,2719800
20151112,26.3700,26.7900,26.3100,26.6900,3299500
20151113,25.1800,26.4600,25.1600,26.4200,8709900
20151116,25.4200,25.4300,24.5200,24.7500,7667200
20151117,25.1200,25.6000,25.1100,25.5100,4209000
20151118,25.4200,25.4500,24.9600,25.2800,3566600
20151119,25.4600,25.6700,25.2400,25.4800,4724000
20151120,25.7900,25.8500,25.4800,25.5300,6763300
20151123,25.9000,25.9700,25.7300,25.7600,3468700
20151124,25.6400,25.8600,25.3200,25.7100,4841000
20151125,25.5600,25.7000,25.4300,25.7000,6058700
20151127,25.9000,25.9700,25.4700,25.5200,1786900
20151130,25.4700,26.0600,25.3200,25.9900,6672200
20151201,26.1100,26.1600,25.4700,25.6200,6123800
20151202,25.3700,26.1500,25.3300,25.9500,5946700
20151203,25.3300,25.4100,25.1100,25.2400,8065000
20151204,26.3700,26.4600,25.3800,25.5500,9502200
20151207,26.1300,26.3800,25.9500,26.3400,2716600
20151208,26.3700,26.4900,26.1100,26.1300,4321900
20151209,26.4300,26.6200,26.0500,26.1900,4588300
20151210,26.1000,26.5700,26.0800,26.4400,4786300
20151211,25.9300,26.0700,25.4600,25.6200,4325000
20151214,26.0800,26.1100,25.5800,25.8400,4584200
20151215,26.3700,26.5200,26.2000,26.2500,4518100
20151216,27.0200,27.1200,26.4800,26.4800,4651100
20151217,26.8300,26.9300,26.6900,26.8400,3946600
20151218,26.2200,26.7600,26.2100,26.6100,6706400
20151221,26.1900,26.4900,25.9900,26.4800,5008300
20151222,26.2800,26.5700,26.2300,26.3300,5264600
20151223,26.9700,26.9700,26.2800,26.3500,4886000
20151224,27.0300,27.1300,26.8200,26.9000,1744800
20151228,27.1600,27.1700,26.7500,26.9100,2709800
20151229,27.4400,27.4700,27.2100,27.4400,2198200
20151230,27.4100,27.5800,27.3600,27.4400,2060600
20151231,27.2100,27.4100,27.2000,27.3400,3624500
20160104,26.7100,26.8800,26.3800,26.7500,4777800
20160105,27.3700,27.5200,26.7200,26.8100,3952900
20160106,27.6200,27.6300,27.1600,27.1600,6178300
20160107,26.9300,27.3300,26.8100,26.9300,6850400
20160108,26.1800,27.1000,26.1500,27.0000,4501600
20160111,25.8700,26.3800,25.6700,26.3500,5193100
20160112,25.7600,26.1600,25.4200,26.1500,4214600
20160113,25.8000,26.9800,25.7200,25.9700,8174800
20160114,25.8000,26.3800,25.7700,25.9500,6447500
20160115,27.0300,27.4400,25.1200,25.2700,18483300
20160119,26.4200,27.2000,26.2600,26.7900,9646800
20160120,25.6500,26.4900,25.1000,25.9500,6208700
20160121,26.3400,26.9400,25.7000,25.9800,8364000
20160122,26.8100,27.0900,26.5800,26.7300,5545800
20160125,26.9200,27.4600,26.4600,26.8400,6322600
20160126,27.3500,27.4200,26.9200,26.9200,5937600
20160127,27.1400,27.3500,26.7900,27.2500,7183100
20160128,27.5600,29.0000,26.4500,27.2300,12699100
20160129,28.0400,28.3000,27.5200,27.8300,9527200
20160201,28.0800,28.5100,27.2900,27.7700,8140800
20160202,28.6600,29.0000,27.5200,28.3400,7864700
20160203,28.0900,28.9700,27.7700,28.8700,7067200
20160204,28.1100,28.3100,27.8000,27.8100,4324100
20160205,27.0300,28.0000,26.4000,27.8200,7292700
20160208,25.8000,27.2200,24.9700,27.0400,7949000
20160209,25.0000,25.5600,24.7400,25.5300,7186600
20160210,24.9700,25.6600,24.9400,25.1900,5549600
20160211,24.7200,25.0900,24.4300,24.4800,5260600
20160212,25.5600,25.5700,24.8400,25.0800,5715600
20160216,25.6800,26.0300,25.3900,26.0000,5058100
20160217,25.7200,26.1300,25.6800,25.9600,3998000
20160218,26.0700,26.2700,25.4600,25.6800,2679900
20160219,26.2300,26.3900,25.7000,25.9400,3604200
20160222,26.6400,26.7600,26.4400,26.4400,3573700
20160223,26.7400,27.0400,26.4700,26.4700,3348300
20160224,26.7600,26.8400,26.4000,26.4000,2755200
20160225,27.3600,27.3900,26.8700,26.9600,3638200
20160226,27.6500,27.8700,27.2200,27.3600,5022800
20160229,27.5200,28.1200,27.4300,27.5900,6311900
20160301,28.5700,28.5800,27.7700,27.9200,5271200
20160302,28.5000,28.7300,28.3000,28.3900,2923700
20160303,28.6200,28.6700,28.2900,28.6000,3818000
20160304,28.4200,28.6200,28.3700,28.6200,3267300
20160307,28.3500,28.7400,28.2700,28.6000,3656900
20160308,28.1000,28.3900,27.9600,28.2700,2903600
20160309,28.2200,28.4200,28.0700,28.1700,2256700
20160310,28.3100,28.6400,27.9500,28.4400,3712400
20160311,28.9200,28.9600,28.4400,28.6300,2769500
20160314,29.0200,29.1300,28.4900,28.8000,3006400
20160315,28.9700,29.1100,28.8300,28.8800,2597500
20160316,29.4500,29.6000,28.6700,28.7800,2517300
20160317,30.1700,30.3000,29.3200,29.4500,4933700
20160318,29.5400,30.1900,29.5300,30.1500,6566000
20160321,29.1000,29.7500,28.9800,29.5400,4385800
20160322,29.0500,29.3500,28.9400,29.0000,3713300
20160323,28.9400,29.1000,28.8100,28.9900,2528900
20160324,28.7400,28.8700,28.5400,28.8100,2883900
20160328,28.8800,29.0000,28.7900,28.8700,3983400
20160329,29.2500,29.3700,28.7800,28.9000,5568100
20160330,29.5100,29.7100,29.3400,29.4200,3528300
20160331,29.7300,29.8300,29.5100,29.5100,6206000
20160401,29.5000,29.8100,29.4600,29.6600,4704700
20160404,29.3200,29.7300,29.2100,29.5100,5626600
20160405,29.0100,29.3000,28.9400,29.1500,2446700
20160406,28.9500,29.0900,28.8800,29.0200,2939900
20160407,28.7600,28.9400,28.6900,28.8000,3431600
20160408,28.9100,29.1100,28.7400,28.8400,2652800
20160411,28.7500,29.1600,28.7500,28.9700,2478600
20160412,29.1200,29.1700,28.7900,28.8500,3148900
20160413,28.8400,29.2700,28.5700,29.0600,2614100
20160414,28.8700,28.9400,28.6300,28.8000,2991800
20160415,28.9600,29.0300,28.8300,28.8900,2876100
20160418,29.3400,29.3600,28.8100,28.9300,3196800
20160419,29.4000,29.6200,29.1800,29.3800,3112100
20160420,28.8000,29.4200,28.7600,29.4000,2492700
20160421,28.1700,28.8100,28.0100,28.6900,3315800
20160422,28.5800,28.6500,28.1800,28.2800,2683500
20160425,28.6700,28.6700,28.3600,28.4100,2081100
20160426,28.9000,29.1200,28.7400,28.7600,2941200
20160427,28.9400,29.0300,28.5800,28.9500,2240900
20160428,28.7500,29.0900,28.5900,28.6700,1688900
20160429,28.0300,28.6400,27.9600,28.5900,4665500
20160502,28.6300,28.7300,28.1600,28.1800,2486100
20160503,28.9900,29.1400,28.6700,28.9100,3692200
20160504,29.2000,29.2800,28.5600,28.7100,2235100
20160505,29.4000,29.4000,28.9300,29.1500,2319700
20160506,29.4100,29.4400,29.0500,29.3300,2325400
20160509,29.6400,29.7100,29.4000,29.4600,2037500
20160510,29.4600,29.9100,29.3500,29.7900,2784600
20160511,27.7200,29.4600,27.6200,29.4200,8660600
20160512,28.1300,28.2500,27.2600,27.6700,6972800
20160513,27.6700,27.8700,26.9100,27.8700,7767500
20160516,27.8700,28.0600,27.5800,27.7300,4277500
20160517,27.1200,27.7500,26.9900,27.7500,3815000
20160518,26.6000,27.1000,26.1200,26.9500,7040600
20160519,26.2000,26.4900,26.0200,26.2600,6570700
20160520,26.6300,26.6300,26.2400,26.3800,5053500
20160523,26.4200,26.7100,26.3000,26.6800,4339000
20160524,26.8800,26.9500,26.5100,26.5800,4811800
20160525,26.6900,26.9300,26.4900,26.9000,3375600
20160526,26.7800,26.9200,26.5500,26.7400,2737600
20160527,26.9500,27.0600,26.6900,26.7800,2581200
