20150529,112.2700,113.3700,111.8500,113.1500,11343500
20150601,114.0800,114.7600,112.6500,113.1700,11417600
20150602,113.9400,114.2000,113.1400,113.8500,10189800
20150603,114.6500,114.9300,113.8700,114.2700,7413400
20150604,113.9300,114.5800,113.2600,113.9000,8637600
20150605,113.9600,114.2800,112.5200,113.8200,8435700
20150608,113.7000,114.7700,113.5300,113.9600,10742900
20150609,114.7500,115.3000,113.1500,113.2200,9566700
20150610,117.6700,117.9300,114.8100,115.0200,11986000
20150611,119.1300,119.7000,117.9000,118.0800,14474700
20150612,117.6600,118.7500,116.7600,118.5900,9266000
20150615,118.1600,118.3900,116.4000,116.7200,9605800
20150616,119.0700,119.4500,117.4200,118.2700,8447800
20150617,118.8800,119.4500,117.8600,119.0900,12078300
20150618,121.2100,121.7800,119.0200,119.1800,13653000
20150619,119.8000,121.0000,119.5500,120.4700,21020000
20150622,121.4900,121.8700,120.5600,120.7700,8040700
20150623,122.2100,122.4000,121.1000,121.8200,8429200
20150624,122.0100,123.3700,121.6500,121.8900,8354800
20150625,120.2300,122.6100,119.8100,122.4800,8575000
20150626,119.5000,120.6100,118.8900,120.3000,9730800
20150629,115.4600,119.1400,115.3000,117.8800,12491100
20150630,117.0800,118.3000,116.7800,117.2900,11345200
20150701,116.0100,118.6000,115.4000,118.1100,10248500
20150702,115.0400,116.4900,114.9100,116.3300,8832000
20150706,115.6600,116.4400,114.1200,114.4600,13543300
20150707,115.1300,116.4200,113.1300,115.9500,10183000
20150708,112.9400,114.4100,112.4100,114.2500,9238800
20150709,113.3600,114.7500,113.3300,114.4000,9007800
20150710,113.7400,115.0000,113.2000,114.8800,9703400
20150713,114.5500,115.1100,114.3100,115.0000,9632800
20150714,117.3600,117.8100,114.8700,115.2200,11295900
20150715,117.3900,119.7200,117.2100,119.0600,10479200
20150716,118.8500,119.4000,118.0600,118.3300,7514600
20150717,118.2600,118.8500,117.2200,118.7500,8170100
20150720,118.2000,118.9500,117.8400,118.8000,7218700
20150721,117.7800,118.9800,116.9200,118.2100,6489100
20150722,117.4400,118.4000,116.5600,116.8200,6977100
20150723,117.6600,118.6000,117.4200,117.8600,6110300
20150724,112.8300,117.1500,112.6600,116.1400,15067600
20150727,110.5400,112.8800,108.0000,112.6300,14883600
20150728,113.0700,113.4000,110.7400,112.5200,16439700
20150729,115.7100,119.4600,115.1100,118.3800,23144800
20150730,117.9000,118.2500,114.7500,116.1100,11977200
20150731,117.8600,119.0000,117.1200,118.9700,9217900
20150803,119.6000,120.1700,118.1800,118.5000,11660000
20150804,118.8700,120.3700,118.5600,119.6000,7876400
20150805,118.6600,120.0700,118.3800,119.7000,8071000
20150806,115.3000,119.4900,114.8100,119.4500,10755300
20150807,114.4400,115.3000,113.1300,115.2800,9670200
20150810,116.5800,117.1200,115.5100,115.7300,7776200
20150811,115.6100,116.8500,114.6800,115.1200,6567700
20150812,116.2500,116.4600,113.5500,114.8500,6999600
20150813,115.2000,116.7100,115.1800,116.2500,6337400
20150814,115.6000,115.8700,114.5500,114.6600,5533400
20150817,116.4200,116.8900,115.0100,115.0800,7126700
20150818,117.0600,117.7000,115.9900,116.5300,5934000
20150819,116.2100,117.2000,115.4000,116.6500,7504800
20150820,112.3900,116.0900,112.3500,114.8600,9200200
20150821,105.3300,111.2200,105.3300,110.5400,22739400
20150824,100.6600,101.0000,86.0000,97.3100,25731800
20150825,102.5600,107.9000,102.5600,105.4300,18482500
20150826,106.9600,107.1000,102.4600,105.9200,15627600
20150827,107.9900,109.6000,105.6700,108.4300,14610300
20150828,107.7800,108.7900,106.7800,106.9600,10755900
20150831,105.0700,108.3300,104.6300,107.4200,11736900
20150901,101.4900,104.6400,101.0000,102.2200,13548000
20150902,104.2700,104.3000,101.0200,103.4400,11509300
20150903,101.9100,105.0000,101.6900,104.9200,9928100
20150904,102.0600,103.2400,100.5500,101.0300,10336500
20150908,104.9000,104.9500,102.9100,103.8400,9992600
20150909,103.8200,106.4500,103.5400,106.2000,7896500
20150910,107.2500,108.5000,103.8700,104.0000,10368500
20150911,109.6300,109.6900,106.2500,106.8600,9387600
20150914,109.3500,109.6300,108.4000,109.4700,7505800
20150915,111.0500,111.8100,108.8500,109.4600,7944100
20150916,111.0300,111.7500,109.4800,110.7200,8116000
20150917,111.6100,113.3100,109.7500,110.8800,9858400
20150918,108.4400,110.8700,108.2100,109.6200,13156900
20150921,105.7400,109.3700,104.5900,109.1200,15141600
20150922,106.5100,107.0400,102.8600,103.9900,14843500
20150923,105.4900,106.8500,104.7000,106.4700,7973100
20150924,102.5100,105.1500,101.5100,104.3900,13464100
20150925,100.1400,104.1900,99.1900,104.0300,15998900
20150928,94.8000,99.2600,94.5700,99.0600,23907400
20150929,96.0000,97.7400,93.1900,95.0800,18416500
20150930,98.1900,99.7200,96.9200,98.4400,15811800
20151001,98.2700,98.7900,96.3500,98.5400,13403600
20151002,98.2800,98.3100,94.3700,95.5400,19143500
20151005,99.2600,101.3000,97.6600,99.9900,14536000
20151006,97.5400,98.9000,95.0500,98.8200,14962000
20151007,100.2700,100.7900,97.5000,97.9900,12457700
20151008,100.8100,101.1600,98.0700,100.0300,11833100
20151009,100.6500,101.8000,99.4500,101.2700,8622200
20151012,99.5100,101.2200,99.3800,101.0800,8863800
20151013,98.1900,99.8200,98.0000,98.9100,9411200
20151014,98.3900,99.9400,98.1100,98.3700,9575800
20151015,101.6400,101.6900,97.6000,98.0900,9462400
20151016,102.8300,103.3700,101.5100,101.9500,9894200
20151019,103.6100,103.8400,101.8400,102.6400,7636900
20151020,101.6600,103.9500,101.1300,103.4300,10164800
20151021,101.7300,102.9200,99.3700,102.7900,9837500
20151022,107.6000,109.4200,100.4000,102.0000,24746600
20151023,107.9900,109.6500,105.5000,108.4600,15001300
20151026,108.6300,110.3600,107.4400,108.6500,10906500
20151027,110.9600,111.1100,108.6900,109.3900,15787000
20151028,108.1300,109.2100,105.9400,109.0000,17795600
20151029,109.2100,110.7700,107.6900,108.1800,10783300
20151030,108.1300,109.8600,108.0800,109.5200,8545000
20151102,109.6000,109.9500,108.3200,108.7600,8362000
20151103,109.1000,109.5400,108.3200,109.4000,7458600
20151104,108.9800,109.7300,107.3000,109.6000,8081800
20151105,107.8300,108.3900,106.0500,108.3300,10182100
20151106,108.3400,108.3400,106.3600,107.0000,8565900
20151109,108.1100,108.5300,107.0800,108.0000,8142200
20151110,108.8500,109.3700,107.9400,108.1000,8571300
20151111,107.1900,109.2300,107.0300,108.9100,6056800
20151112,104.2300,107.1000,104.1600,106.9400,8010900
20151113,102.5700,104.1800,102.1200,104.0900,10848400
20151116,103.8100,104.0000,101.6400,102.9000,7344200
20151117,104.5300,104.8900,103.5000,104.4500,6921800
20151118,108.1300,108.2200,104.4500,104.4900,8246800
20151119,106.5100,108.0500,106.2100,108.0000,7019600
20151120,106.5400,107.9700,106.4200,107.3400,7113200
20151123,106.3600,107.6500,105.9300,106.7000,5481700
20151124,106.5700,106.8000,105.5000,105.7500,6547100
20151125,107.7800,108.0700,106.3100,106.5700,5720500
20151127,108.0000,108.6300,107.6200,108.1400,2749200
20151130,105.9600,108.3100,105.6900,108.2100,9837800
20151201,105.8500,107.3800,104.6500,106.3500,10659500
20151202,104.4400,105.5700,104.3000,105.0000,8850500
20151203,101.3800,104.5900,100.5000,104.3200,13772400
20151204,104.0700,104.1600,101.2500,101.4400,8738300
20151207,102.9100,104.1500,102.2500,104.1100,5956100
20151208,103.5300,104.0700,101.7300,102.0700,6675600
20151209,101.9500,104.3300,101.5000,103.2500,7534900
20151210,102.6200,103.0600,101.5600,102.4500,7653300
20151211,100.0300,102.4700,99.6700,101.3500,9518900
20151214,100.4900,100.9300,98.6600,99.9700,10251300
20151215,101.9700,103.0000,101.4400,101.7400,11678500
20151216,103.3400,103.4900,101.6400,103.1800,10950300
20151217,102.3600,104.7900,102.3300,104.2500,7614400
20151218,101.6000,101.9900,100.9200,101.6800,15768500
20151221,102.6300,103.2600,101.6300,102.2100,8306500
20151222,102.8600,103.5400,102.4900,102.9900,7151200
20151223,103.1400,103.5900,102.6900,103.5900,7279900
20151224,103.5800,103.9000,103.1500,103.3500,2656900
20151228,101.6800,103.3100,101.5100,103.0000,5270900
20151229,103.3600,103.5500,101.5700,102.2500,7647300
20151230,102.1600,103.0500,102.0300,102.8400,4876300
20151231,101.1900,102.4200,101.1700,102.3600,6245200
20160104,98.0100,100.0000,97.0100,99.7700,14904400
20160105,99.2600,99.8500,98.7000,99.6900,9260800
20160106,100.3000,100.6800,97.5200,97.5700,12540700
20160107,96.2500,99.0000,96.0300,98.0600,12944600
20160108,96.4500,97.9900,96.4100,96.9000,11976000
20160111,96.5000,97.2200,94.2900,97.2200,12322500
20160112,97.1000,98.4900,95.2100,96.9000,9830100
20160113,92.5400,98.0300,92.1200,97.2500,12135700
20160114,93.0200,94.8800,90.7900,92.7200,16303200
20160115,91.8400,92.7800,89.6800,90.3700,18108300
20160119,89.9000,93.2200,88.8500,93.1400,14373700
20160120,90.5500,91.8300,86.2800,88.0000,19676300
20160121,88.8700,90.6000,88.7100,90.3700,12158300
20160122,91.8300,92.0700,89.7100,90.4000,9160700
20160125,90.6100,93.5400,90.4300,91.5300,10188400
20160126,92.2100,92.8300,90.2500,90.7200,6889200
20160127,89.6300,92.1000,89.0000,91.8400,12520300
20160128,87.5300,90.2200,86.8600,90.0000,14168300
20160129,83.0000,85.3000,82.3300,84.2800,37029000
20160201,84.0500,84.5200,82.2800,82.3200,17943600
20160202,82.7100,84.2200,81.8900,84.1800,16895600
20160203,86.3900,86.9900,83.8700,84.9100,24497700
20160204,86.6800,87.4500,85.6100,86.0200,14538700
20160205,85.1400,88.0200,84.4500,86.6800,15732800
20160208,85.2600,86.6500,83.8600,84.1900,19111300
20160209,87.2500,88.4800,84.1000,84.2000,14322700
20160210,87.8000,89.8500,87.5400,88.6900,13462300
20160211,87.3600,88.4500,86.0100,86.5000,13013400
20160212,89.4400,89.8800,86.6800,88.6600,11311700
20160216,91.1500,91.2800,89.8900,90.7200,12278000
20160217,89.3600,91.5000,88.6600,91.0900,22772800
20160218,88.9900,90.9500,88.9300,89.6000,11427500
20160219,87.4400,88.9800,87.1200,88.2000,12897800
20160222,89.1000,89.5000,88.0500,88.3500,9749400
20160223,88.3500,89.4000,87.9000,89.1000,8394500
20160224,89.3600,89.5400,86.7900,87.4100,8338400
20160225,90.1600,90.4900,89.5500,90.0000,9171500
20160226,88.1000,90.9200,87.8900,90.6100,13349700
20160229,87.2500,89.1400,87.2500,87.8700,12732500
20160301,89.6900,89.7200,87.3000,87.9000,11746100
20160302,88.8000,89.6800,87.9600,89.6000,10557200
20160303,87.8300,89.3100,87.4800,89.1300,12374600
20160304,87.2100,89.1000,86.8500,88.3000,21201900
20160307,89.6500,90.0400,86.8800,87.1100,13100600
20160308,88.6600,90.4000,88.3500,89.6500,11056800
20160309,87.8300,89.2500,87.4300,88.9400,10428100
20160310,88.6400,89.9000,87.8200,88.3000,10884500
20160311,89.6500,89.9800,88.8000,89.9700,10581000
20160314,90.4600,91.2100,89.3400,90.0000,11004900
20160315,89.4400,90.0700,89.0300,89.9200,10265100
20160316,90.2800,90.8800,88.9100,88.9600,8794800
20160317,89.5300,90.3700,88.8100,89.7900,10526500
20160318,90.2700,90.7300,89.5400,90.0200,16794200
20160321,92.6700,93.0100,90.0000,90.0000,9756400
20160322,93.7200,93.9600,92.0500,92.1400,9636600
20160323,90.0800,92.2200,89.9700,90.9600,13693600
20160324,91.3200,92.8200,89.4400,89.6100,14335400
20160328,92.4600,94.3100,91.9400,92.0700,9590400
20160329,92.2000,92.2400,90.6100,92.1900,8608300
20160330,91.9700,93.5700,91.5600,92.4700,8108400
20160331,91.8600,92.7500,91.5400,91.9000,13635000
20160401,94.1200,94.3800,91.0400,91.3400,11393700
20160404,94.2400,95.0000,93.7500,94.3500,8793200
20160405,95.5700,96.6900,93.5000,93.5500,11804700
20160406,97.4400,97.5000,95.4800,95.4900,10990200
20160407,95.5700,97.6300,95.0900,97.2100,13214400
20160408,96.0900,97.4500,95.5800,96.2100,9656800
20160411,95.8300,97.0500,95.7400,96.4100,8733400
20160412,97.2400,97.4000,95.5000,96.0000,9186200
20160413,97.1900,97.9700,96.6500,97.8400,9293800
20160414,98.1900,98.7700,96.9000,97.0100,8737200
20160415,98.2900,98.9800,97.6200,98.5300,8899800
20160418,99.2000,99.7300,98.1100,98.1700,8059500
20160419,99.4400,100.7300,99.2400,99.7600,9780100
20160420,100.1100,100.9600,99.3500,99.3500,8856500
20160421,101.7400,101.8400,99.9000,99.9000,8981500
20160422,101.9300,102.4500,100.5000,101.5600,10227000
20160425,102.2900,102.3800,101.5000,101.8400,8278300
20160426,101.3300,103.1000,101.0100,102.0200,9299000
20160427,100.7200,101.7800,100.1500,101.3000,8561000
20160428,97.0000,100.7500,96.8000,100.4100,15043500
20160429,88.2100,92.5300,87.8000,91.1900,33471400
20160502,89.0000,89.4500,86.7500,88.7000,13472100
20160503,87.1700,89.1200,87.0000,88.6700,9751500
20160504,85.6000,86.9900,85.4100,86.6600,12058200
20160505,85.8600,86.4000,85.2000,86.3500,8018600
20160506,84.6800,85.8400,84.0400,85.6700,9249900
20160509,85.6700,86.4600,84.7000,84.9900,8451600
20160510,86.1800,86.4800,84.8900,86.4100,6824600
20160511,83.9000,86.4000,83.8100,86.3900,8387200
20160512,82.7600,84.3000,81.7000,84.1000,12057200
20160513,82.7000,83.8700,82.4100,82.6600,8303100
20160516,83.6100,83.8300,82.5000,82.7000,6490400
20160517,82.7600,83.7400,82.4500,83.5000,8364400
20160518,82.8800,83.4400,82.3300,82.7400,7475100
20160519,82.1400,82.5900,81.2800,82.3100,9243900
20160520,82.6400,83.0800,82.0700,82.1700,7927500
20160523,83.3300,84.0300,82.2500,83.0200,7755400
20160524,86.2200,86.4400,83.7100,83.7800,13139600
20160525,86.5100,87.0000,85.7000,86.8000,11621400
20160526,85.2900,86.5000,85.0500,86.4400,7983500
20160527,85.8200,86.0200,85.2000,85.8200,6122900
