20150529,20.9200,21.1200,20.8100,21.0400,9786400
20150601,20.8800,21.1000,20.8100,20.9800,8118000
20150602,20.8500,21.0000,20.8200,20.8600,8397600
20150603,20.8000,20.9900,20.7900,20.9500,8205300
20150604,20.6500,20.7600,20.4300,20.7500,12959300
20150605,20.7100,20.7700,20.4300,20.5900,8754900
20150608,20.7600,21.2000,20.7000,21.2000,14185200
20150609,20.6300,20.7700,20.3100,20.7700,10989900
20150610,21.0200,21.0200,20.6400,20.6400,12287600
20150611,20.8000,21.0900,20.7700,21.0000,8644500
20150612,20.7500,20.8400,20.5500,20.6800,7674300
20150615,20.3800,20.6600,20.2600,20.6600,11146300
20150616,20.9000,20.9900,20.5000,20.6000,14505900
20150617,20.9100,21.1200,20.7500,20.9800,6967300
20150618,21.2200,21.2900,20.9700,20.9900,7743700
20150619,20.9400,21.1900,20.9400,21.1700,9573000
20150622,21.0600,21.1400,20.9100,21.1100,7942200
20150623,20.9700,21.0600,20.8800,21.0300,6724900
20150624,20.7700,20.9800,20.5600,20.8700,13670200
20150625,20.5500,20.9200,20.5200,20.9000,8794000
20150626,20.3300,20.6000,20.3300,20.5100,14402300
20150629,19.7000,20.2400,19.6600,20.2200,13547200
20150630,19.7300,20.0600,19.5700,19.9000,15155700
20150701,19.8000,20.0200,19.7000,19.8700,8697100
20150702,19.7000,19.9700,19.6400,19.8600,7447600
20150706,19.6200,19.8300,19.4200,19.5100,8651600
20150707,19.5700,19.6300,19.0900,19.6000,14206500
20150708,19.1400,19.3800,19.1400,19.3700,9431000
20150709,19.1600,19.5900,19.1200,19.4600,10142400
20150710,19.2800,19.3800,19.1200,19.3400,8702200
20150713,19.1500,19.1600,18.6700,18.9600,17219700
20150714,19.2500,19.3200,19.1300,19.1500,7544700
20150715,19.0600,19.3100,18.9700,19.3000,8866900
20150716,19.5400,19.6200,19.3300,19.3800,10975900
20150717,19.0800,19.5200,19.0800,19.4300,11534900
20150720,18.9100,19.1000,18.9000,19.1000,9543500
20150721,18.7500,18.9200,18.5800,18.8200,12235900
20150722,18.7800,18.8500,18.4600,18.6400,12198900
20150723,18.7800,19.0300,18.7100,18.8300,9955300
20150724,18.5800,18.8200,18.4500,18.7200,11529500
20150727,18.4500,18.6600,18.3100,18.4400,13062400
20150728,18.3700,18.7100,18.0600,18.6500,15400200
20150729,18.5400,18.6500,18.0500,18.2600,15920400
20150730,18.6300,18.7800,18.4600,18.5500,9830200
20150731,18.6800,18.8100,18.6300,18.7500,10523100
20150803,18.1900,18.6400,18.1100,18.6000,14349100
20150804,18.2800,18.4300,18.1800,18.1900,9883100
20150805,18.3700,18.6400,18.3100,18.3900,7553300
20150806,18.2600,18.3800,18.1200,18.2800,8624500
20150807,18.1300,18.3200,18.0600,18.2800,6357200
20150810,18.4600,18.5000,18.2100,18.2500,7615900
20150811,17.8900,18.2700,17.7800,18.2600,10749900
20150812,17.9400,18.0200,17.7300,17.7900,10759300
20150813,17.8100,18.0100,17.7900,17.9200,6663500
20150814,17.9600,17.9900,17.7100,17.7200,6041600
20150817,18.1600,18.1900,17.8100,17.9000,5586500
20150818,17.9200,18.1100,17.8700,18.0700,5897900
20150819,17.7400,17.9400,17.6300,17.7600,9230400
20150820,17.2300,17.6300,17.2200,17.6000,8687400
20150821,16.7900,17.2700,16.7900,17.0800,13337700
20150824,16.2900,16.7700,15.4200,15.8300,22789600
20150825,15.9700,16.8800,15.9500,16.8800,20076600
20150826,16.5200,16.5700,15.8300,16.3500,16739000
20150827,16.9600,17.0200,16.5700,16.6000,11897400
20150828,17.1800,17.2500,16.9000,16.9200,11534100
20150831,17.2100,17.2700,16.9700,17.0500,9809600
20150901,16.7000,16.9000,16.5700,16.7700,14692300
20150902,16.9900,17.0000,16.6500,17.0000,8524800
20150903,17.2600,17.6200,17.0100,17.0100,10944700
20150904,17.2400,17.3500,17.0100,17.0100,10529700
20150908,17.7900,17.8200,17.5000,17.5500,11553000
20150909,17.5600,18.1600,17.5200,18.0000,10537600
20150910,17.6100,17.7800,17.4700,17.5600,9943100
20150911,17.6700,17.6700,17.4200,17.4700,5698200
20150914,17.6200,17.7500,17.4700,17.6800,5972100
20150915,18.0300,18.0600,17.7100,17.9500,7823600
20150916,18.3100,18.4300,17.9600,18.0000,11141400
20150917,18.1700,18.4800,18.1000,18.2900,8404500
20150918,17.6200,18.0300,17.5500,18.0200,16717900
20150921,17.5200,17.7600,17.4300,17.6900,10460900
20150922,16.9800,17.2800,16.8500,17.2200,14266200
20150923,16.7700,16.9700,16.7000,16.9500,8381400
20150924,16.6800,16.7600,16.2400,16.5900,14593300
20150925,16.5700,16.8400,16.4200,16.6300,14809200
20150928,16.3500,16.5000,16.2800,16.4800,13183900
20150929,16.7000,16.7300,16.2300,16.3200,11541000
20150930,17.1200,17.1800,16.9300,16.9700,10471300
20151001,16.8300,17.2400,16.6700,17.1500,9414200
20151002,17.0500,17.0600,16.3600,16.6400,10396000
20151005,17.6400,17.7100,17.2400,17.2400,8598000
20151006,17.8100,17.9300,17.6000,17.6800,7738400
20151007,17.8400,18.1300,17.7400,17.9600,9491800
20151008,17.9700,18.0400,17.7600,17.8000,8112700
20151009,17.5200,18.0400,17.5100,17.9700,9482600
20151012,17.2600,17.5600,17.1900,17.5500,7814500
20151013,16.8800,17.1800,16.7800,17.1100,12346200
20151014,17.0000,17.1200,16.8600,16.9000,15359800
20151015,16.8500,17.0800,16.7200,17.0300,15097900
20151016,16.8900,16.9400,16.7500,16.8700,15375800
20151019,16.8200,17.0200,16.6800,16.8200,17273000
20151020,16.8500,17.0100,16.7300,16.7800,11998200
20151021,16.7100,16.9700,16.6800,16.8300,9553600
20151022,17.6000,17.7400,16.7900,16.8800,41477700
20151023,17.6000,17.7600,17.3900,17.7600,15563100
20151026,17.3200,17.5500,17.1800,17.5300,11936800
20151027,18.2600,18.3500,16.9300,17.6000,23645800
20151028,18.8200,18.8200,18.2000,18.2500,15775600
20151029,18.8500,19.0000,18.7000,18.7700,18520400
20151030,18.6000,18.9400,18.5900,18.9400,13584900
20151102,18.8200,18.8900,18.5800,18.5900,8395300
20151103,18.8300,18.9800,18.6800,18.7000,11701000
20151104,18.8700,19.0400,18.7300,18.8500,7904600
20151105,19.0600,19.2000,18.7900,18.7900,8124500
20151106,18.9200,19.1300,18.8500,18.9900,11458200
20151109,18.7700,18.9300,18.7000,18.8300,12218700
20151110,18.7800,18.8600,18.5500,18.5900,10860300
20151111,18.5100,18.8700,18.5100,18.8100,6130200
20151112,18.1400,18.5500,18.1200,18.3800,7813100
20151113,17.9300,18.2300,17.8200,18.0400,15624000
20151116,18.3400,18.4600,17.8400,17.8800,7600800
20151117,18.4500,18.7000,18.3000,18.3500,8907100
20151118,18.8300,18.8900,18.4200,18.5100,9558000
20151119,18.9900,19.2000,18.8000,18.8300,9799700
20151120,18.9800,19.1100,18.9300,18.9900,9289800
20151123,19.0600,19.2900,18.9800,19.0200,9167800
20151124,18.9600,19.0700,18.7400,18.8900,9965100
20151125,18.9700,19.1500,18.7900,18.9800,9375400
20151127,18.7600,18.9800,18.7600,18.9400,2958900
20151130,18.7300,18.9700,18.7100,18.8500,10030100
20151201,18.8200,18.9300,18.6800,18.8800,7529500
20151202,18.7400,19.0100,18.7000,18.7900,9624000
20151203,17.8300,18.8800,17.7600,18.8400,20092100
20151204,18.0300,18.0600,17.7000,17.8200,13985200
20151207,18.0400,18.1100,17.7900,17.9600,9693200
20151208,17.8300,17.9200,17.6000,17.8300,11101700
20151209,17.7500,18.0700,17.6800,17.7200,9748800
20151210,17.6900,17.9900,17.5900,17.7500,8096900
20151211,18.6800,18.7500,18.1000,18.7500,28733400
20151214,18.0700,18.6300,17.9600,18.6200,16421000
20151215,17.8700,18.2600,17.7700,18.1700,10973800
20151216,18.5200,18.5900,17.9400,17.9800,19688500
20151217,18.0900,18.3200,18.0700,18.1800,13301100
20151218,18.0000,18.1500,17.8900,17.9600,22788000
20151221,18.0300,18.1800,17.9200,18.0600,12009300
20151222,18.1600,18.2500,18.0200,18.0600,8461700
20151223,18.5500,18.5800,18.2400,18.2500,10409500
20151224,18.5600,18.8200,18.5200,18.5700,3163000
20151228,18.2100,18.5200,18.0900,18.4800,6398500
20151229,18.4900,18.5500,18.3200,18.3200,7058200
20151230,18.4900,18.6500,18.4500,18.4600,5701100
20151231,18.2800,18.5200,18.2600,18.3500,7590100
20160104,17.9100,17.9800,17.7500,17.9500,10840700
20160105,17.9000,18.0700,17.7300,17.9200,11931400
20160106,17.5000,17.6900,17.3900,17.5900,12620500
20160107,17.1000,17.4100,17.0400,17.1500,11555100
20160108,17.1500,17.4300,17.1000,17.1800,16851500
20160111,17.3100,17.5600,17.1500,17.1900,15858500
20160112,17.3400,17.6100,17.1100,17.4900,14399600
20160113,17.0600,17.6400,17.0200,17.4000,16646500
20160114,17.3000,17.4700,17.0300,17.1200,10051300
20160115,16.8700,17.1600,16.7200,16.9500,16369100
20160119,16.7600,17.1200,16.5900,17.0200,11239000
20160120,16.6900,16.8100,16.1300,16.2600,17553100
20160121,16.9300,17.3000,16.5700,16.7600,14564000
20160122,17.1000,17.2700,16.9400,17.2000,12870700
20160125,16.7600,17.1300,16.6200,17.0500,13527400
20160126,17.7100,18.0500,16.7600,16.7800,19514200
20160127,17.9100,18.2700,17.5200,17.6100,16926300
20160128,17.9900,18.2000,17.8900,18.1200,11327100
20160129,18.6100,18.6100,18.1000,18.1100,12134600
20160201,18.5700,18.7000,18.3100,18.4000,8548800
20160202,18.0900,18.3800,17.9200,18.2900,11196700
20160203,18.3800,18.4800,17.9600,18.2700,11285000
20160204,18.8600,19.0700,18.3400,18.3600,13743500
20160205,18.3400,18.9800,18.2400,18.7500,17089800
20160208,17.9600,18.1400,17.7900,18.0700,11642500
20160209,18.4700,18.6800,17.8100,17.8400,17643200
20160210,18.1400,18.6800,18.1200,18.5100,9627000
20160211,17.8100,18.0300,17.6100,17.8100,14133500
20160212,18.3900,18.4000,17.9000,18.0000,14134000
20160216,18.6400,18.7100,18.4900,18.5900,12054700
20160217,18.9500,19.1200,18.6800,18.7200,12950600
20160218,18.7300,19.1100,18.7100,19.0500,9977500
20160219,18.5500,18.6900,18.4200,18.5900,13248100
20160222,18.6900,18.8800,18.5900,18.7700,12812300
20160223,18.2100,18.5200,18.1900,18.3800,9564700
20160224,17.9900,18.1700,17.6900,18.1200,12597200
20160225,18.1200,18.1800,17.9300,17.9900,12371400
20160226,18.3100,18.4000,18.1600,18.2300,18385000
20160229,18.3000,18.5700,18.2900,18.3600,14432600
20160301,18.6300,18.7600,18.2500,18.4200,9536000
20160302,18.8000,18.9000,18.6100,18.6600,7750300
20160303,18.8900,18.9500,18.6700,18.9200,7807100
20160304,18.9600,19.2100,18.8900,18.9300,9478200
20160307,19.5700,19.5900,18.8300,18.9100,14397800
20160308,19.0300,19.5700,19.0200,19.5000,9052500
20160309,19.1800,19.4100,19.1000,19.1000,6818200
20160310,19.0000,19.4100,18.8000,19.1900,7665700
20160311,19.4500,19.5500,19.2000,19.2300,9139800
20160314,19.4100,19.5400,19.3100,19.3100,6462100
20160315,19.4400,19.4800,19.1600,19.2400,7293100
20160316,19.4500,19.6100,19.3300,19.4500,7096400
20160317,20.0400,20.1500,19.4700,19.4900,11048800
20160318,20.0200,20.3100,20.0000,20.1500,13135500
20160321,20.1700,20.2500,19.9800,20.0000,6402100
20160322,20.3100,20.4300,20.0700,20.1200,8554600
20160323,20.1300,20.2700,20.0200,20.2600,6757900
20160324,20.2500,20.2900,19.8300,19.8900,7009500
20160328,20.3800,20.5400,20.2700,20.3700,7587600
20160329,20.6500,20.6800,20.2000,20.2300,8909900
20160330,20.8400,21.0700,20.7000,20.7500,8169600
20160331,20.8900,21.0000,20.7400,20.9100,9699000
20160401,20.8300,20.8900,20.6100,20.6800,7563800
20160404,20.7800,20.9600,20.7700,20.7900,6557600
20160405,20.6100,20.7400,20.4300,20.5800,5955700
20160406,20.8100,20.8500,20.4200,20.5800,6230500
20160407,20.6600,20.8500,20.5900,20.7500,7349300
20160408,20.5300,20.9300,20.4400,20.7900,8799700
20160411,20.6200,20.8400,20.5700,20.5800,6415700
20160412,20.8300,21.0800,20.7600,21.0200,11371400
20160413,21.0800,21.1300,20.9000,20.9600,9355900
20160414,20.7700,21.1000,20.5000,21.0000,8666900
20160415,20.9200,21.0000,20.7400,20.7700,8955000
20160418,20.9200,21.0300,20.7300,20.7300,5680600
20160419,20.9300,21.0600,20.8100,21.0400,5342600
20160420,20.9800,21.0800,20.9200,20.9400,4651200
20160421,20.8000,21.0700,20.7800,20.9500,7026000
20160422,20.9900,21.1200,20.6900,20.6900,5901800
20160425,20.9700,21.0100,20.8000,20.8700,8113400
20160426,19.2200,20.7400,19.1900,20.5700,39904900
20160427,19.3000,19.4000,19.1000,19.2300,18557500
20160428,18.8900,19.2400,18.8800,19.2400,14631800
20160429,18.6700,18.9000,18.5200,18.8800,10593100
20160502,18.8100,18.9400,18.7000,18.7400,8493800
20160503,18.6200,18.6900,18.4500,18.6200,9115200
20160504,18.3700,18.6300,18.2100,18.5400,7729700
20160505,18.3200,18.5300,18.3200,18.3800,7108700
20160506,18.4400,18.5800,18.2300,18.2700,5995300
20160509,18.3400,18.6200,18.2900,18.4400,7128100
20160510,18.8600,18.8800,18.3900,18.4700,8972400
20160511,18.8700,18.9900,18.7400,18.7900,10805100
20160512,18.8800,19.0600,18.6500,18.9200,14750600
20160513,18.6900,19.0400,18.6800,18.8500,11932900
20160516,19.2100,19.2300,18.7000,18.7000,11122900
20160517,19.1100,19.3600,19.0400,19.1700,8376500
20160518,18.9800,19.4200,18.9300,19.0100,7966700
20160519,18.9400,19.0300,18.7500,18.8300,9203700
20160520,19.5100,19.5600,19.0900,19.0900,10284600
20160523,19.7200,19.8800,19.5100,19.5700,12146300
20160524,20.0900,20.1700,19.8000,19.8200,8054400
20160525,20.0000,20.2400,19.9500,20.1700,8334300
20160526,20.1300,20.1500,19.9100,19.9400,7378000
20160527,20.5100,20.5100,20.0100,20.0700,12458500
