20150529,35.9700,36.5800,35.8500,36.4900,15806300
20150601,36.1800,36.3400,35.6500,36.0600,12012500
20150602,36.2200,36.5000,35.9700,36.0900,16948300
20150603,35.9400,36.4200,35.8700,36.3700,12817100
20150604,35.5400,35.8700,35.4700,35.6600,10538500
20150605,35.1200,35.5500,34.9600,35.5000,24629200
20150608,34.9900,35.1200,34.8000,34.8600,15636100
20150609,35.2600,35.3200,35.0000,35.1100,12901000
20150610,35.5900,35.6200,35.2900,35.4500,11402200
20150611,35.5500,36.0100,35.5500,35.7200,16819000
20150612,35.7100,35.9000,35.3800,35.3800,11170200
20150615,35.4600,35.7300,35.0100,35.3500,14016000
20150616,35.6100,35.7800,35.1700,35.3600,6638600
20150617,35.8100,35.8100,35.2800,35.6800,10286600
20150618,36.2000,36.4800,35.8500,35.8700,15490900
20150619,36.1100,36.3300,35.9500,36.1200,14831300
20150622,36.1900,36.5400,36.1300,36.2900,13783000
20150623,36.3000,36.4800,36.2700,36.3700,7279900
20150624,35.1600,35.9700,35.1100,35.9100,16930000
20150625,34.7000,35.3200,34.5700,35.2100,14593100
20150626,34.3800,34.8200,34.2800,34.7000,11632800
20150629,33.2300,34.1700,33.2000,34.1200,18717700
20150630,33.3300,33.5700,33.0600,33.5000,12911800
20150701,33.0400,33.6100,32.6800,33.6100,16169500
20150702,33.2300,33.4500,33.0600,33.1900,8646400
20150706,32.6500,33.1200,32.6100,32.8500,10433100
20150707,32.8600,32.9500,32.0100,32.6200,18589300
20150708,31.1900,32.4100,30.9400,32.3900,29971400
20150709,31.0100,31.7500,30.9200,31.6200,16934200
20150710,31.4000,31.4200,30.9900,31.3000,12237800
20150713,31.6800,31.9000,31.4600,31.8700,16327100
20150714,31.7700,31.9900,31.4300,31.5900,10832900
20150715,31.4300,31.9000,31.3000,31.8500,18022000
20150716,30.6100,31.2000,30.3100,31.1400,35920700
20150717,30.6500,30.8000,30.4300,30.6400,16230200
20150720,30.5000,30.8500,30.4200,30.8500,15643900
20150721,30.3900,30.5600,30.3200,30.5100,23472100
20150722,30.3000,30.5200,29.8900,30.3300,20867800
20150723,31.5000,32.7000,31.4000,32.6600,38967600
20150724,31.0600,31.9400,30.8200,31.9000,22967600
20150727,31.0500,31.3200,30.6000,30.9500,23336100
20150728,31.3200,31.6400,31.2200,31.4900,23184400
20150729,31.9500,32.0600,31.4300,31.4800,20632700
20150730,31.9100,32.0500,31.7500,31.8900,10123300
20150731,31.5100,32.1300,31.4300,32.0800,12399300
20150803,31.6800,31.8900,31.3100,31.7900,14800600
20150804,31.5200,31.7700,31.3900,31.6600,15105900
20150805,31.6000,31.7700,31.2000,31.7700,14403600
20150806,31.8600,31.9300,31.1400,31.5900,19567900
20150807,31.7400,32.1400,31.6000,32.0900,12960000
20150810,31.9400,32.2500,31.8600,31.9500,11676400
20150811,30.8300,31.3100,30.5900,31.2900,24340300
20150812,30.8700,31.0000,29.7900,30.4300,23093600
20150813,31.0600,31.2500,30.8100,30.8700,20432400
20150814,31.4900,31.5500,31.0600,31.1400,12222400
20150817,31.6100,31.6800,31.1700,31.4700,12057900
20150818,31.7100,31.7700,31.3400,31.4100,9279800
20150819,31.6300,32.0500,31.3700,31.6100,13919100
20150820,30.8400,31.4600,30.8300,31.4600,13352500
20150821,29.6000,30.5300,29.5700,30.4600,27542200
20150824,27.8000,28.1800,24.6200,27.3000,35740400
20150825,27.2800,29.2000,27.2800,29.2000,19966200
20150826,28.1000,28.2000,26.9000,27.6200,27717300
20150827,28.5800,28.8200,28.0200,28.5200,28498900
20150828,29.0000,29.1400,28.5300,28.6000,15167300
20150831,29.4400,29.6900,29.0200,29.0900,16283900
20150901,28.6400,29.3700,28.4000,29.1800,16687400
20150902,29.2100,29.2200,28.6200,29.0100,10776300
20150903,29.1100,29.7100,29.0200,29.3800,11504200
20150904,28.8800,29.0400,28.5700,28.7800,13435300
20150908,29.8800,29.9400,29.5000,29.5000,19298900
20150909,29.6200,30.4000,29.5200,30.2000,16053600
20150910,30.0000,30.4700,29.1900,29.1900,18672000
20150911,30.1500,30.2000,29.5800,30.0100,15344700
20150914,30.7200,30.7700,30.0600,30.1100,20148900
20150915,30.9900,31.5500,30.7700,30.7700,22400700
20150916,31.2000,31.5700,30.9200,31.0800,17076600
20150917,31.3100,31.8100,31.1300,31.2500,16644600
20150918,30.5100,31.1200,30.4700,30.9800,31085700
20150921,30.6200,30.9600,30.3800,30.6700,14325600
20150922,30.0300,30.0600,29.4100,29.4200,17190200
20150923,29.7200,30.1400,29.5900,30.0100,11277100
20150924,29.4400,29.5100,28.7700,29.4100,19687600
20150925,29.4100,29.8400,29.2300,29.7900,13369400
20150928,28.5600,29.3200,28.4400,29.2900,15648900
20150929,29.1500,29.2900,28.3800,28.6600,17043700
20150930,30.0200,30.1000,29.3800,29.6200,18931900
20151001,30.6700,30.7500,29.9800,30.2900,18261900
20151002,31.7300,31.7600,30.1600,30.2000,16596600
20151005,31.7600,32.1600,31.5200,31.9000,15407500
20151006,32.2200,32.3800,31.8100,31.8100,14214900
20151007,33.0500,33.1900,32.4100,32.4500,15238600
20151008,33.4300,33.5100,32.8600,32.9500,12909800
20151009,32.9500,33.6300,32.7900,33.3400,14169100
20151012,33.0200,33.1600,32.6200,33.0400,10766400
20151013,33.1300,33.3700,32.7100,32.8500,11789300
20151014,33.3300,33.5000,32.9200,33.2000,11974000
20151015,33.3200,33.6600,33.1600,33.5500,10844300
20151016,33.1500,33.4600,32.8800,33.3700,9332400
20151019,33.2400,33.2900,32.8000,33.0000,10084600
20151020,33.4800,33.8900,33.0800,33.1800,11848300
20151021,35.4200,35.8700,34.7200,34.9600,36877400
20151022,35.4200,35.7900,34.9700,35.6400,22708100
20151023,35.9500,36.0600,35.4100,35.5400,18277800
20151026,35.6700,35.9400,35.2600,35.9000,14010800
20151027,34.9700,35.4900,34.7400,35.3900,15536000
20151028,35.2200,35.3000,34.6500,34.9900,9668600
20151029,34.7500,35.0500,34.1100,35.0400,12087600
20151030,34.9100,35.2000,34.4600,34.8500,10723900
20151102,35.5700,35.7500,34.8600,34.8800,11858400
20151103,35.7800,35.9900,35.3600,35.5300,15144900
20151104,35.4200,35.9200,35.3800,35.8300,12716600
20151105,35.4400,35.5600,35.1900,35.5300,7679700
20151106,35.7500,35.8000,35.2600,35.3200,9376900
20151109,35.6700,36.1200,35.4400,35.9800,9997600
20151110,35.6200,35.6300,35.1600,35.5400,9687200
20151111,35.5500,36.0100,35.5200,35.7400,6751800
20151112,35.0900,35.4800,35.0200,35.3400,10650900
20151113,34.3100,35.1700,34.1900,34.9700,12090600
20151116,35.1700,35.2200,34.2900,34.3100,14599100
20151117,35.2100,35.5900,34.3100,34.3100,11748200
20151118,36.4600,36.4800,35.3000,35.4000,14866300
20151119,36.1400,36.4700,36.0700,36.4300,9760800
20151120,36.3400,36.4200,36.0100,36.3100,10793200
20151123,36.0800,36.8700,36.0600,36.3900,9849300
20151124,36.2200,36.3300,35.6900,35.7600,10346900
20151125,36.3400,36.4200,36.1100,36.1500,7292800
20151127,36.3700,36.4900,36.2200,36.3600,2899300
20151130,36.2000,36.8800,36.1900,36.6000,13959400
20151201,36.2600,36.3400,35.8000,35.9500,12656400
20151202,35.7300,36.3600,35.6200,36.3100,9715100
20151203,35.4700,36.0000,35.2300,35.8300,10795800
20151204,36.2500,36.3400,35.3700,35.6000,11562600
20151207,36.1300,36.5200,35.9900,36.4600,11303500
20151208,35.4800,35.8700,35.2300,35.8300,11905400
20151209,35.4500,35.7000,34.8600,35.3000,11692000
20151210,35.6300,35.8900,35.1800,35.2500,8827000
20151211,34.5500,35.4100,34.2700,35.1400,16271200
20151214,34.3900,34.8400,34.0500,34.7800,13793100
20151215,34.5400,34.9600,34.3000,34.7500,13834300
20151216,35.1400,35.1700,34.2500,34.3500,14771600
20151217,34.1100,35.2700,34.0700,35.1500,14448400
20151218,33.6700,34.0600,33.5400,33.9600,19469500
20151221,33.8300,34.0600,33.5900,33.7900,12820000
20151222,34.2900,34.4900,34.0700,34.2100,9202900
20151223,34.7800,34.9400,34.3800,34.5100,8816700
20151224,34.6000,34.7500,34.5000,34.7200,3134800
20151228,34.5100,34.6700,34.3000,34.5300,5348600
20151229,34.5000,34.6900,34.1700,34.6600,7056400
20151230,34.3300,34.5600,34.2800,34.3200,4694500
20151231,34.0100,34.3000,34.0000,34.2100,6586000
20160104,33.3100,33.5400,32.8400,33.4500,14875500
20160105,32.4300,33.4100,32.1800,33.3300,19777200
20160106,31.2700,31.9800,31.0100,31.9500,27515200
20160107,29.9900,30.8200,29.8300,30.2600,21046300
20160108,29.5300,30.7000,29.4200,30.4600,16448000
20160111,30.2500,30.4800,29.6800,30.3700,16877400
20160112,30.3000,30.7500,29.8000,30.6300,13398900
20160113,30.4900,31.9000,30.0900,31.8300,31586200
20160114,30.3000,30.8900,29.4500,30.8100,27106700
20160115,29.5700,29.6800,28.8000,29.4600,26698100
20160119,29.4000,30.0000,28.9100,29.9300,17826600
20160120,29.4200,29.9000,28.3200,28.8600,21481000
20160121,29.5500,30.1400,29.0700,29.4600,15844000
20160122,29.2800,30.2900,29.0300,30.1600,18302800
20160125,29.2300,29.5900,29.0200,29.3300,33627700
20160126,29.6500,29.7500,29.0400,29.4100,11656700
20160127,29.2100,29.9000,29.0000,29.7200,12932300
20160128,29.0200,29.4800,28.4000,29.4700,16421200
20160129,29.6400,29.6400,29.0200,29.1700,13445800
20160201,30.1100,30.2400,29.1000,29.4600,13831700
20160202,29.6500,30.1900,28.8700,29.9900,23777400
20160203,28.9200,30.2500,28.1800,30.1000,29069800
20160204,28.6400,29.2100,28.1000,28.9400,21002800
20160205,28.5400,29.2000,28.4200,28.6700,14125200
20160208,28.6800,28.8400,28.0500,28.2800,19174000
20160209,27.8700,28.8700,27.7700,28.1300,21654100
20160210,27.7100,28.6400,27.6900,28.1200,15163800
20160211,26.9000,28.0900,26.6900,27.4800,25164400
20160212,27.7100,27.7400,27.0500,27.2300,11041000
20160216,28.5800,28.5900,27.7600,28.0000,14627500
20160217,29.2700,29.3500,28.7000,28.8600,13256100
20160218,29.0300,29.5500,28.9200,29.4500,12158600
20160219,28.7800,28.9800,28.3800,28.8800,12362300
20160222,29.6300,29.6400,28.7800,28.7800,12215500
20160223,29.3800,29.8200,29.2800,29.4100,9949600
20160224,28.8400,28.9000,27.8100,28.7200,20989100
20160225,29.5000,29.5100,28.5500,28.8300,11904300
20160226,29.6300,29.9600,29.5400,29.7300,15778300
20160229,29.4400,29.8000,29.2900,29.3700,10329400
20160301,30.0100,30.2300,28.9200,30.0200,21007300
20160302,30.1500,30.3200,29.8400,30.0000,12094700
20160303,31.0700,31.2200,30.2000,30.2600,18341300
20160304,31.3700,31.7400,31.0600,31.2200,13963200
20160307,31.5900,31.7800,31.1900,31.3100,11373800
20160308,30.6800,31.4000,30.4600,31.4000,16794400
20160309,30.5400,30.6300,30.2000,30.4700,12158900
20160310,30.8200,30.8800,30.2700,30.7200,15092700
20160311,31.2600,31.3300,30.9800,31.0500,13363000
20160314,31.1800,31.3900,30.9000,31.1800,9353100
20160315,31.0500,31.0800,30.4400,30.8600,8983200
20160316,31.6900,31.7600,30.8300,30.8300,9991900
20160317,31.9600,32.1000,31.6400,31.7300,11295900
20160318,31.9600,32.3800,31.9100,32.0800,15431600
20160321,32.0800,32.1900,31.7500,32.1100,7397300
20160322,31.9000,32.2100,31.7600,32.0800,8195600
20160323,31.3100,31.9300,31.1700,31.9200,9107100
20160324,30.9600,30.9700,30.3900,30.8800,12041000
20160328,31.0200,31.2500,30.9400,31.1300,6109400
20160329,31.1900,31.2800,30.5800,31.0400,13667800
20160330,30.9900,31.6700,30.9600,31.4400,13377600
20160331,31.4300,31.5900,31.0000,31.0100,10209000
20160401,30.4700,31.2000,30.3200,31.1800,17421700
20160404,29.9000,30.4800,29.7500,30.4000,12167300
20160405,29.6000,29.7300,29.3500,29.6700,9101900
20160406,29.9400,29.9500,29.3000,29.6600,9620300
20160407,29.4200,29.9500,29.1800,29.8500,12865600
20160408,29.3700,29.7600,29.2300,29.6700,8843500
20160411,29.5300,30.0400,29.4800,29.4900,8882900
20160412,29.7100,29.7700,29.2700,29.5600,11214500
20160413,30.7800,30.8700,29.9400,30.0100,11076800
20160414,30.7200,31.0500,30.6400,30.8400,8218800
20160415,30.5600,30.8500,30.4100,30.6800,8261200
20160418,31.3100,31.3700,30.6100,30.7600,15745300
20160419,31.9700,32.1600,31.6100,31.6500,14408300
20160420,32.1900,32.4100,32.0000,32.0000,12911500
20160421,32.6600,33.4100,32.4700,33.1800,22792300
20160422,32.1800,32.7900,32.1200,32.6600,13824500
20160425,31.9500,32.1100,31.6000,32.0900,10604800
20160426,32.1900,32.3000,31.9300,32.0000,8698900
20160427,32.1600,32.2900,31.9900,32.1800,6655100
20160428,32.4400,32.7300,31.7300,31.9700,13347900
20160429,31.8000,32.3500,31.5200,32.3500,12516900
20160502,31.7500,32.1200,31.7300,32.0500,8959900
20160503,31.2500,31.6000,30.6700,31.5700,15025900
20160504,30.5900,31.0900,30.4200,31.0000,13574700
20160505,30.5400,30.8100,30.3000,30.7900,10378500
20160506,30.9600,31.1100,30.5600,30.7300,11407300
20160509,30.7800,31.0700,30.5400,31.0000,8056800
20160510,31.3500,31.3700,30.8400,30.9000,9177200
20160511,31.0800,31.4600,31.0000,31.3200,8481200
20160512,31.1800,31.3700,30.7500,31.2000,9348500
20160513,30.5200,31.2900,30.3700,30.8700,10527500
20160516,30.6700,30.9800,30.5000,30.5000,17721900
20160517,30.6300,30.7800,30.2800,30.4000,9530400
20160518,30.7500,31.0400,30.4400,30.5600,8443500
20160519,30.3200,30.6800,30.1700,30.5100,10078300
20160520,30.5700,30.7900,30.4000,30.5100,7728800
20160523,30.5900,30.6300,30.3500,30.5000,6697700
20160524,31.0500,31.0800,30.6200,30.6500,8741500
20160525,31.6500,31.7700,31.1200,31.1900,10151600
20160526,31.2900,31.7500,31.1800,31.6500,6713800
20160527,31.3900,31.6400,31.2600,31.3100,5864100
