20150529,38.3300,38.6700,38.2400,38.3900,5562500
20150601,37.8800,38.4000,37.5500,38.3200,4633300
20150602,37.6100,38.0400,37.5500,37.8200,3347300
20150603,38.2800,38.3000,37.6200,37.7100,4359800
20150604,38.5900,38.7000,37.9200,38.0700,4748800
20150605,38.2200,38.8000,37.8900,38.7500,5106100
20150608,37.9500,38.3900,37.9500,38.2000,2119000
20150609,37.5200,38.1600,37.5000,37.9100,2533500
20150610,37.7100,37.8700,37.5800,37.7300,4558000
20150611,38.4400,38.5600,37.7700,37.8000,3336900
20150612,38.2800,38.4600,37.6900,38.3300,3712900
20150615,38.2000,38.3800,37.9600,38.1100,2341600
20150616,38.7500,38.8700,38.0300,38.4400,6970100
20150617,38.5200,38.9600,38.1400,38.7100,5765800
20150618,38.9800,39.0000,38.5500,38.5600,2756800
20150619,38.8200,38.9700,38.6800,38.8700,3530900
20150622,39.2200,39.2500,38.8500,38.9400,4492600
20150623,39.1400,39.5900,38.9200,39.2700,3292700
20150624,38.9300,39.4000,38.8900,39.1700,2238400
20150625,38.7600,39.1500,38.7600,38.9000,2513100
20150626,38.8800,39.2400,38.7300,39.0100,3160700
20150629,38.0500,38.9600,38.0100,38.6500,4361500
20150630,38.1700,38.4500,38.1000,38.2600,2689800
20150701,38.4500,38.4500,38.0000,38.3700,2794100
20150702,38.6200,39.0000,38.4000,38.5100,2136200
20150706,38.5400,38.9300,38.1300,38.3800,2472000
20150707,38.9700,39.0000,38.3500,38.5900,2863400
20150708,38.3800,38.9300,38.3600,38.7900,2709500
20150709,37.7800,38.7600,37.7600,38.6400,4003800
20150710,37.5800,37.7500,36.8300,37.7200,9841900
20150713,37.7100,38.0100,37.4900,37.9300,2988300
20150714,37.8000,38.0500,37.7700,37.7800,2127200
20150715,37.7900,37.8700,37.6200,37.8300,2024400
20150716,38.0900,38.2000,37.6100,37.8600,2598200
20150717,37.6400,38.1200,37.5500,37.9300,2196700
20150720,37.6100,37.8000,37.5500,37.6600,1672500
20150721,36.9300,37.6700,36.6800,37.6200,4447300
20150722,36.1500,36.8800,35.9700,36.8000,9761900
20150723,36.4100,37.1100,36.2400,36.3500,4584600
20150724,35.9800,36.3600,35.8400,36.3400,3637500
20150727,36.2200,36.3500,35.6700,35.8800,5948900
20150728,36.0100,36.4300,35.5800,36.3200,3800500
20150729,36.2000,36.3000,35.8300,35.8800,2074300
20150730,36.0500,36.1100,35.7000,36.1100,2153000
20150731,36.4800,36.7400,35.7400,36.1100,7757300
20150803,35.8600,36.5000,35.6400,36.4800,2789300
20150804,35.1600,36.0000,35.1100,35.8600,5354200
20150805,35.1900,35.6200,35.1100,35.3500,3355600
20150806,34.9300,35.2300,34.3200,35.2100,3874400
20150807,34.8900,35.1500,34.6700,34.8500,6044200
20150810,35.2600,35.3400,34.3500,34.3500,4338800
20150811,35.4500,35.5700,34.6200,34.7800,5718700
20150812,35.1000,35.2100,34.5900,35.2000,4021400
20150813,34.2500,35.0700,34.1300,35.0500,7046700
20150814,34.2300,34.5500,34.0700,34.3500,3931900
20150817,34.4800,34.5300,33.9200,34.2100,4071100
20150818,34.6500,34.9200,34.4300,34.4300,4295700
20150819,34.1000,34.5300,34.0200,34.3000,2849700
20150820,33.6600,34.1600,33.5500,33.7500,6389600
20150821,32.1900,33.8000,32.1800,33.6800,9645800
20150824,32.0100,32.6200,30.7500,31.2700,12759800
20150825,31.7100,33.0700,31.7000,33.0400,6361000
20150826,32.8400,32.9200,31.8900,32.3700,4246700
20150827,32.9700,33.2800,32.4000,33.0200,2913700
20150828,32.8300,33.3000,32.6900,32.9300,2864400
20150831,32.8100,32.9800,32.5100,32.7500,3304000
20150901,32.2700,32.6300,32.0700,32.2500,3117500
20150902,32.6400,33.0300,32.3800,32.7300,4131600
20150903,33.0100,33.2800,32.7200,32.7400,4023100
20150904,32.4100,32.6000,32.1500,32.4000,4513800
20150908,32.7600,32.9700,32.3900,32.8600,3789000
20150909,32.5400,33.1800,32.5000,33.0800,3625700
20150910,32.4900,32.8800,32.3900,32.5000,3245600
20150911,32.3400,32.4000,31.6300,32.3400,3889900
20150914,32.1800,32.6600,32.1400,32.4100,3253200
20150915,31.7700,32.3600,31.6800,32.2000,5788500
20150916,32.0000,32.0700,31.7400,31.7800,6264200
20150917,32.2300,32.8000,32.1100,32.2100,4784700
20150918,31.5700,32.2500,31.4100,31.7900,8250200
20150921,32.1200,32.3500,31.6800,31.7000,5625600
20150922,31.7000,32.0000,31.4800,31.8100,3773600
20150923,31.2700,31.9200,31.1600,31.7000,2804500
20150924,31.0100,31.3400,30.8600,31.0700,4604800
20150925,31.1500,31.4500,30.9900,31.2400,2821300
20150928,30.1300,31.2100,30.0400,30.9800,4552400
20150929,30.2200,30.3600,29.6300,30.2000,4740500
20150930,28.5000,28.8000,27.6300,27.9500,24727900
20151001,27.9600,29.0200,27.5900,28.4500,9683300
20151002,27.9600,27.9800,27.3300,27.7700,9011400
20151005,29.0800,29.1500,27.9700,28.0200,7853900
20151006,28.4400,29.1500,28.2500,29.0600,3889900
20151007,28.3900,29.1900,28.1200,29.1800,5360300
20151008,28.9500,29.2000,28.1400,28.4100,5090600
20151009,27.4200,27.5400,26.5000,26.8400,14472200
20151012,27.0000,27.6200,26.9100,27.5300,4063400
20151013,26.8700,27.2600,26.6400,26.9700,3623700
20151014,26.6400,27.0900,26.4900,26.9400,5337100
20151015,26.4900,26.8100,25.9700,26.6800,4895800
20151016,26.6300,26.7700,26.2500,26.4800,6301500
20151019,26.9100,27.0000,26.5600,26.6000,5898300
20151020,27.1500,27.3900,26.7500,26.8700,3915100
20151021,26.9800,27.5000,26.8900,27.2300,3579200
20151022,27.3100,27.5600,26.9100,27.0400,6647200
20151023,26.9500,27.5000,26.7100,27.4200,5670100
20151026,26.9700,27.2200,26.6600,26.9100,3362500
20151027,26.5200,26.9800,26.1400,26.8900,3264000
20151028,27.1700,27.3500,26.5400,26.5400,3150700
20151029,26.7000,27.1700,26.4800,26.7000,4668900
20151030,27.2200,27.2900,26.5100,26.5200,3827100
20151102,27.2500,27.3500,26.4600,27.1500,3961100
20151103,28.2700,28.4300,27.2500,27.3900,6649200
20151104,28.0200,28.4700,27.8700,28.2900,4399100
20151105,28.3700,28.3800,27.9200,28.1500,3554200
20151106,28.4900,28.6500,28.0400,28.0500,5900600
20151109,27.6900,28.4500,27.4500,28.3900,5101900
20151110,27.2900,27.3800,26.0000,26.1800,10570700
20151111,26.6300,27.2700,25.8800,27.1600,7550700
20151112,26.5200,26.9400,26.3200,26.5100,5272500
20151113,25.2300,26.2000,25.0800,26.1900,8127300
20151116,25.3800,25.5400,24.7700,25.0000,6115800
20151117,25.0500,25.5000,24.7000,25.4600,6403900
20151118,25.3900,25.4600,24.9600,25.0000,6254900
20151119,25.0900,25.5800,25.0400,25.3200,6322100
20151120,26.9800,27.0100,25.8800,25.9000,11788000
20151123,27.0900,27.1100,26.7700,27.0000,5078400
20151124,27.8100,27.8600,27.1200,27.1400,5806500
20151125,28.0500,28.3500,27.5100,27.8700,4846400
20151127,27.3600,28.1900,27.3000,28.1500,4204100
20151130,26.7300,27.5200,26.5000,27.4000,6375600
20151201,26.6800,27.0000,26.4300,26.7300,5104700
20151202,26.2300,26.9300,26.2000,26.6300,5039600
20151203,26.1100,26.4100,25.4900,26.3700,8749100
20151204,26.2000,26.4900,25.2500,25.2500,7889700
20151207,26.2900,26.4900,25.6800,26.1400,5658600
20151208,26.4900,26.6200,25.9700,26.0700,6081200
20151209,26.5100,27.3100,26.2800,26.3100,6808000
20151210,26.4400,27.0500,26.3800,26.7700,4505700
20151211,26.0600,26.2400,25.9000,26.1400,4982500
20151214,25.7300,26.7800,25.5300,26.2000,6093200
20151215,25.7600,26.2900,25.7100,25.9700,4646900
20151216,26.3000,26.3600,25.8900,25.9900,4238500
20151217,25.2000,26.5900,25.1900,26.4700,6504500
20151218,24.9500,25.1100,24.5500,25.1100,12765100
20151221,24.7700,25.2900,24.5900,25.0600,5128200
20151222,25.5800,25.8100,24.7800,24.8900,5418000
20151223,25.7200,25.9100,25.2000,25.8900,3246300
20151224,25.3600,25.7400,25.3000,25.6700,1417500
20151228,25.1000,25.3800,24.8900,25.2500,3331400
20151229,25.6300,25.8700,25.2400,25.3300,3406000
20151230,25.2400,25.8300,25.1900,25.6200,3291300
20151231,24.7000,25.2100,24.7000,25.1800,3451400
20160104,25.5100,25.6100,23.8600,24.1200,10014400
20160105,26.2800,26.4300,25.4300,25.5500,11496400
20160106,25.2900,26.2800,25.0700,25.9100,6894700
20160107,26.7400,26.8000,24.8100,24.8500,11851000
20160108,22.9100,25.2900,22.6300,25.0400,17615700
20160111,22.6800,23.0400,22.3500,23.0100,10141000
20160112,22.8500,23.2200,22.3700,22.8500,6084700
20160113,22.4800,23.2100,22.4400,22.9600,5359800
20160114,23.2200,23.6300,22.2600,22.4600,7369200
20160115,23.2600,23.7100,22.6200,22.6200,8099000
20160119,22.7000,23.3500,22.3800,23.1000,5368200
20160120,22.4500,22.7900,21.5700,22.3600,5914300
20160121,23.0000,23.2300,22.4700,22.6100,5490400
20160122,23.6600,23.7000,23.0000,23.3400,5186400
20160125,23.0600,24.0900,22.9400,23.7700,6190700
20160126,23.8900,24.2000,23.0400,23.0900,5627200
20160127,23.7600,24.2900,23.4600,23.7500,4132900
20160128,24.0100,24.2100,23.7500,24.1200,3274600
20160129,24.7200,24.8100,24.0600,24.2600,5833500
20160201,24.7400,24.8600,24.1500,24.4900,5387500
20160202,24.2900,25.0600,24.0500,24.5000,5907400
20160203,24.4500,24.6900,23.7900,24.4800,5943500
20160204,23.9000,24.4300,23.6700,23.8700,7390300
20160205,23.7700,24.0300,23.1300,23.8200,6167100
20160208,23.9900,24.0800,23.3300,23.3900,8504200
20160209,23.2700,24.7600,23.0700,23.8700,8994100
20160210,22.5500,23.6000,22.4000,23.5200,8437100
20160211,22.4300,22.7800,22.0300,22.2300,5086300
20160212,23.7300,23.7700,22.5800,22.6800,3932200
20160216,24.5200,24.5400,23.4000,24.0200,6177500
20160217,25.4500,25.7500,24.6600,24.7000,6088200
20160218,26.1800,26.1900,25.0100,25.5300,5542700
20160219,26.2400,26.4500,25.1600,25.7500,6610500
20160222,27.0600,27.2700,26.3700,26.4600,5652300
20160223,27.2600,27.5200,26.8100,27.0200,4402500
20160224,27.2800,27.5100,26.3300,26.9000,9701000
20160225,27.6000,27.6900,26.6400,27.1800,8379300
20160226,27.2300,27.9400,26.2000,27.1000,9843500
20160229,27.6500,27.9100,27.1500,27.3100,6488700
20160301,28.1600,28.2500,27.7000,27.7100,5577200
20160302,28.3700,28.3700,27.9300,28.2000,4126200
20160303,28.5400,28.5800,27.9900,28.2900,4738300
20160304,29.2900,29.9400,28.5500,28.5900,8510900
20160307,29.4400,30.1700,28.9500,28.9800,7224400
20160308,29.6800,30.3100,29.5900,29.7800,10332100
20160309,29.7000,30.0900,29.4900,29.8900,4250300
20160310,29.5900,30.2500,29.1400,29.9200,6023700
20160311,30.1700,30.2300,29.6500,30.0400,4674500
20160314,30.1800,30.3900,29.9400,30.0300,2943900
20160315,29.7100,30.1700,29.0600,30.0700,7417400
20160316,29.2800,29.3600,28.6500,28.7500,5996600
20160317,29.9000,29.9600,29.2400,29.3400,4223500
20160318,30.3900,30.4900,29.9400,30.0400,9182500
20160321,29.8300,30.3900,29.6800,30.3200,3285800
20160322,29.0800,29.9200,29.0400,29.8200,6690900
20160323,28.7200,29.1700,28.6500,29.1700,4047000
20160324,28.7600,28.8000,28.2300,28.7300,4748600
20160328,29.0300,29.3300,28.8600,28.9400,3341700
20160329,29.5100,29.5900,28.8800,29.0800,4454100
20160330,29.6600,29.9100,29.4700,29.7100,4846900
20160331,29.4000,30.0000,29.3300,29.7800,5400700
20160401,29.4600,29.6200,29.0300,29.2400,4944900
20160404,29.5200,30.1000,29.3500,29.6900,6046100
20160405,28.6900,29.4500,28.6800,29.3500,5401200
20160406,28.8600,29.1000,28.4400,28.7600,4532100
20160407,27.6800,28.8600,27.6000,28.6100,10302500
20160408,23.8500,27.6800,23.5100,27.6800,33027800
20160411,23.9800,24.5500,23.5300,24.0000,11029700
20160412,23.5800,23.9900,23.2400,23.9400,9255200
20160413,23.9300,24.0600,23.6800,23.7400,4806200
20160414,23.7100,23.8900,23.4700,23.7200,3951100
20160415,23.9100,24.0400,23.5800,23.7400,4915500
20160418,23.8800,23.9400,23.4000,23.7700,3623900
20160419,23.9600,24.1100,23.6700,24.0000,5054900
20160420,24.0600,24.3800,23.9400,24.0300,4508700
20160421,23.8300,24.2700,23.7500,24.1600,3139000
20160422,23.9600,24.0400,23.7500,23.7700,2779000
20160425,23.4100,23.9100,23.2700,23.8200,3482800
20160426,23.8700,23.8800,23.1600,23.4600,3774800
20160427,23.9700,24.0200,23.2500,23.5300,3464700
20160428,23.5300,23.9100,23.4800,23.8500,3879000
20160429,23.1800,23.5300,23.0000,23.5300,3820300
20160502,22.9800,23.2100,22.7000,23.1000,6286100
20160503,22.6300,22.8900,22.4200,22.8500,6004800
20160504,22.7400,22.9000,22.4400,22.4800,4845900
20160505,21.8700,22.5000,21.6900,22.4600,7819500
20160506,21.6700,21.7800,21.1100,21.7300,9917100
20160509,21.8100,22.1400,21.7000,21.7000,4959300
20160510,19.3000,19.6600,18.9800,19.4900,30905300
20160511,18.5800,19.4300,18.5500,19.1200,10056400
20160512,17.8600,18.5800,17.6300,18.1200,14305600
20160513,17.6200,18.3000,17.3400,17.6100,10094700
20160516,17.5500,17.8800,17.4800,17.5700,9468300
20160517,17.3300,17.7000,17.2400,17.5700,6743800
20160518,17.0900,17.2500,17.0000,17.1800,6164500
20160519,17.2800,17.4900,17.0000,17.3100,9465200
20160520,18.0100,18.1000,17.3100,17.4100,15146600
20160523,18.4100,18.6700,17.9400,18.0200,17500800
20160524,18.0900,18.7300,18.0000,18.5300,9317300
20160525,18.2800,18.3500,18.0900,18.1500,8227200
20160526,18.0600,18.4800,18.0200,18.4400,5849700
20160527,18.1300,18.2800,18.0100,18.1000,4981400
