20150529,45.4800,46.4200,45.4600,46.3700,1807300
20150601,45.4700,45.7700,45.0100,45.5900,823600
20150602,45.5800,45.9300,45.1400,45.3000,533400
20150603,46.0400,46.3800,45.7100,45.9600,1552400
20150604,45.5000,46.1300,45.2100,46.1300,1047700
20150605,45.6200,45.6700,44.8400,45.3600,1267600
20150608,45.4700,45.7200,45.4400,45.5700,1295700
20150609,45.7200,45.8200,45.2700,45.4400,1200700
20150610,46.4300,46.5900,45.8800,46.1800,1420800
20150611,46.0300,46.8100,45.9300,46.5200,844800
20150612,44.7900,45.5500,44.7200,45.3700,1207300
20150615,44.2100,44.6600,44.0300,44.5000,1165800
20150616,45.2600,45.2800,44.2100,44.3100,1182800
20150617,45.2200,45.6400,44.9400,45.3200,1523700
20150618,46.5600,46.6200,45.0400,45.4100,1992700
20150619,46.8500,47.1700,46.5900,46.7500,2452700
20150622,47.0200,47.1100,46.7200,47.0200,914700
20150623,47.2400,47.2700,46.8800,47.0100,925100
20150624,46.0500,47.1600,45.7000,47.0700,1753300
20150625,45.7300,46.2700,45.6800,46.2300,601100
20150626,45.5700,45.9800,45.4800,45.7000,1085300
20150629,43.9800,45.2700,43.9500,44.3900,1354300
20150630,43.9300,44.3900,43.6600,44.3900,1333500
20150701,44.0100,44.3000,43.5800,44.2900,1192500
20150702,44.0900,44.3600,43.9500,44.2500,691300
20150706,43.3000,43.8800,43.1600,43.5500,1778200
20150707,43.6700,43.7000,42.7000,43.5000,1326800
20150708,43.3800,43.6300,43.2100,43.3100,1339200
20150709,43.5600,44.0600,43.5000,43.9400,1290500
20150710,44.1700,44.2400,43.7000,44.0200,716400
20150713,46.3700,46.6800,45.0600,45.2900,2921700
20150714,46.4000,46.7200,45.9500,46.5800,1459800
20150715,46.4000,46.5700,45.9100,46.5000,1212100
20150716,43.1000,43.2000,41.2000,41.2300,10776500
20150717,42.8900,43.4300,42.6700,42.9400,2203000
20150720,42.5100,43.0100,42.3100,42.8800,1116700
20150721,42.6700,42.8200,42.2800,42.5500,1333400
20150722,42.8300,42.9600,42.5000,42.6300,1084100
20150723,42.9200,43.1000,42.6100,42.9000,981200
20150724,42.4800,43.0900,42.3100,43.0800,805000
20150727,42.1100,42.5100,41.9600,42.3900,2336200
20150728,42.7900,43.0300,42.1000,42.1000,1630500
20150729,42.6900,43.8900,42.2900,42.5700,1815000
20150730,42.1900,42.2700,41.8600,41.8800,1701900
20150731,41.9100,42.3000,41.8700,42.3000,1319500
20150803,41.4500,42.7200,41.2600,41.9800,2048300
20150804,41.0100,41.7800,40.8700,41.7000,2188000
20150805,41.4300,41.6700,41.0200,41.2600,1355800
20150806,40.7100,41.6600,40.6600,41.5900,1525200
20150807,40.6200,40.8100,40.3400,40.6400,922800
20150810,41.0800,41.1300,40.5900,40.9000,1198900
20150811,40.2400,40.7700,40.0400,40.6700,1282700
20150812,40.3400,40.5000,39.4700,39.8100,1244100
20150813,39.9500,40.5500,39.8900,40.2400,857300
20150814,39.9000,40.0500,39.7400,39.7400,650300
20150817,40.4200,40.4700,39.6300,39.8700,679900
20150818,40.2900,40.8000,40.0400,40.5000,752000
20150819,39.8600,40.2600,39.5300,40.1800,1039400
20150820,39.0000,39.9900,38.9900,39.5300,1029300
20150821,38.2600,39.1500,38.2400,38.6500,2199000
20150824,37.0100,37.0700,35.3500,36.2600,4540200
20150825,36.7000,38.4200,36.7000,38.3100,1998700
20150826,37.7200,37.8600,36.9100,37.6600,1689700
20150827,38.1600,38.3900,37.4500,38.3800,1839000
20150828,37.9900,38.2200,37.5400,37.7600,1339100
20150831,37.6100,37.9900,37.5700,37.8400,1066700
20150901,36.8100,37.3400,36.6300,37.0000,1468500
20150902,37.2200,37.4000,36.8900,37.2500,1388500
20150903,37.2600,37.5500,37.1300,37.2700,1004900
20150904,36.5000,36.9800,36.4600,36.7500,1344900
20150908,37.6700,37.7400,36.9600,37.1400,1035900
20150909,36.6800,37.9500,36.5700,37.8200,1268900
20150910,36.3600,37.0200,36.2000,36.6400,1982900
20150911,35.8900,36.1100,35.5500,35.6100,1515600
20150914,35.8100,36.1000,35.6500,35.7000,862300
20150915,36.1400,36.3200,35.9000,35.9900,1082900
20150916,36.7100,36.7600,36.0700,36.1500,1063500
20150917,36.5700,37.1600,36.4600,36.8000,1019100
20150918,36.2300,36.7600,35.9300,36.1500,1829900
20150921,36.5400,36.8900,36.1800,36.4200,877400
20150922,35.9000,36.2400,35.6700,36.0500,1068600
20150923,35.6200,36.0700,35.5600,35.9900,1009600
20150924,35.6300,35.7700,35.0100,35.4700,1057100
20150925,35.4500,36.1000,35.3400,35.6700,1023800
20150928,35.2100,35.4600,35.0400,35.1900,1306700
20150929,35.1900,35.4300,35.0100,35.1800,858700
20150930,35.8800,35.9600,35.3100,35.4800,1313700
20151001,35.3800,35.9700,35.1300,35.9500,979000
20151002,35.8500,35.8700,34.9000,34.9900,797400
20151005,36.6400,36.7800,35.9000,35.9500,1167200
20151006,36.5100,36.7500,36.3200,36.6100,935200
20151007,36.9000,37.0700,36.5400,36.5900,669200
20151008,36.9800,37.1800,36.6100,36.7200,981700
20151009,37.0700,37.2800,36.9100,37.0700,884800
20151012,36.9500,37.2300,36.8100,37.1100,575000
20151013,36.8200,37.3300,36.7100,36.8500,689600
20151014,36.9600,37.1700,36.5800,36.7600,640100
20151015,32.2800,33.9600,31.3200,33.5500,9460000
20151016,34.0900,34.2600,32.0400,32.0600,3792400
20151019,34.0300,34.5600,33.9400,34.3400,1809400
20151020,33.7200,34.2500,33.6100,33.7500,974700
20151021,34.1000,34.2200,33.6300,33.9000,1853800
20151022,35.0600,35.2300,34.2500,34.3800,1160500
20151023,35.4000,35.5000,35.0100,35.3300,1027900
20151026,35.2400,35.6600,35.1500,35.4400,1014000
20151027,34.7900,35.2400,34.6800,35.1400,1054900
20151028,35.1300,35.1900,33.9000,33.9000,1429600
20151029,35.4000,35.6400,34.8500,35.2200,1017500
20151030,35.4700,35.7900,35.3500,35.3600,981700
20151102,35.9300,36.0900,35.3700,35.5200,1092500
20151103,35.9300,36.1000,35.7200,35.8800,1034700
20151104,36.6200,36.6600,35.8500,36.1400,1714200
20151105,37.2000,37.3300,36.6100,36.6200,1343500
20151106,37.4400,37.5100,36.9400,37.0800,1400600
20151109,37.3100,37.5400,37.0600,37.3800,1496300
20151110,38.0900,38.2300,37.2500,37.2900,1793500
20151111,37.6300,38.4800,37.4800,38.3000,1167900
20151112,36.2800,37.5000,36.2400,37.4500,1322700
20151113,35.3900,36.2800,35.2800,36.0700,1367800
20151116,35.9400,35.9600,35.3000,35.3100,815900
20151117,35.6800,36.4900,35.3100,35.3100,1122900
20151118,37.0100,37.0700,35.6100,35.6900,1460600
20151119,37.0000,37.1700,36.6100,37.1700,1049300
20151120,37.4100,37.6700,37.1400,37.2000,1105400
20151123,37.3100,37.7500,37.0800,37.2600,914700
20151124,38.2700,38.2900,37.0300,37.0500,1324900
20151125,37.9400,38.2500,37.8400,38.2500,924100
20151127,37.4800,38.3100,37.4600,38.1000,624100
20151130,37.8500,37.9800,37.4000,37.8700,1464400
20151201,37.8700,38.2100,37.5100,37.9900,868700
20151202,37.4800,38.2000,37.3000,38.0200,1502400
20151203,37.1700,37.9600,36.7800,37.7200,1874100
20151204,37.6400,38.1000,37.2000,37.2000,1882000
20151207,37.8100,38.0900,37.1300,37.7300,1170300
20151208,37.6400,38.0900,37.4000,37.4900,982000
20151209,37.3700,37.9500,37.1800,37.3900,946800
20151210,37.1200,37.6000,37.0300,37.3600,1035800
20151211,35.4500,36.5000,35.2200,36.2500,2031200
20151214,34.8000,35.4700,34.3000,35.4300,2259800
20151215,35.5100,35.8700,34.9000,35.3000,2153100
20151216,36.4400,36.5100,35.4000,35.7600,1346900
20151217,35.5200,36.4700,35.5100,36.4600,1440100
20151218,35.2600,35.7100,34.9500,35.2800,9592500
20151221,35.5500,35.7100,35.1300,35.3400,1995100
20151222,36.2600,36.3700,35.5600,35.6000,1716500
20151223,36.8800,36.9800,36.1500,36.3400,1544400
20151224,36.9800,37.0900,36.8000,36.8100,472000
20151228,36.9700,36.9900,36.6600,36.8800,642100
20151229,37.2600,37.4500,37.0600,37.0900,660000
20151230,37.3100,37.4800,37.1500,37.1800,703100
20151231,37.1700,37.4400,36.8800,37.0000,1155500
20160104,36.8000,36.8900,36.2700,36.6000,2050100
20160105,36.9400,37.3400,36.7800,37.0000,1305500
20160106,35.9300,36.5700,35.8000,36.4200,2521400
20160107,34.9000,35.5900,34.8000,35.4000,1688900
20160108,33.5500,35.3300,33.4800,35.1400,2429400
20160111,33.2000,33.9800,32.8500,33.8900,2416400
20160112,33.1500,33.7100,32.7200,33.6500,1729800
20160113,32.4600,33.4700,32.3700,33.2800,1552500
20160114,33.1700,33.4400,32.0800,32.6600,1973300
20160115,32.5200,32.7500,32.0200,32.0800,2168800
20160119,32.2900,33.0000,31.7800,32.9700,1267800
20160120,32.3500,32.6500,30.9300,31.8100,1690600
20160121,33.1300,33.8900,32.3600,32.4700,1814900
20160122,33.8400,34.2000,33.4600,33.6400,1116200
20160125,33.2000,33.8300,33.1500,33.7500,1045500
20160126,33.8400,34.1400,33.3100,33.4300,721900
20160127,33.7500,34.2700,33.4600,33.7400,1013500
20160128,33.8800,34.4600,33.4400,34.1400,1010700
20160129,35.1800,35.2300,33.9200,34.0400,2701100
20160201,35.0900,35.3500,34.6300,34.9700,1047900
20160202,34.1300,34.7800,33.9200,34.7500,942400
20160203,34.2200,34.7700,33.5800,34.4900,1499600
20160204,35.1400,35.2000,34.2300,34.2300,1400100
20160205,34.6900,35.1400,34.3300,34.9300,1401700
20160208,34.3500,34.9500,33.8500,34.4500,1374600
20160209,33.9500,34.8400,33.4700,34.0300,1974500
20160210,34.4700,35.1400,34.0200,34.4100,1475200
20160211,33.8400,34.4200,32.8300,32.8300,1371200
20160212,34.3600,34.7700,33.4900,34.1100,1059400
20160216,35.2300,36.3600,34.4900,34.9200,2730800
20160217,41.0600,41.9700,37.5900,38.2500,7100600
20160218,40.7700,41.1100,38.5300,40.2200,4216600
20160219,39.9700,40.8700,39.5800,40.5600,2544400
20160222,40.9800,41.1800,40.2600,40.5000,1553300
20160223,40.7400,40.9700,40.2600,40.6500,1472900
20160224,40.6000,40.7800,39.4100,40.7800,1357700
20160225,40.3100,40.8000,39.8300,40.5500,1282100
20160226,40.4000,40.8000,40.2400,40.4900,1027200
20160229,40.5100,40.8300,40.1700,40.3900,1555000
20160301,41.4400,42.2600,40.7400,40.9000,1760700
20160302,40.9200,41.7200,40.7400,41.3300,1442200
20160303,40.9400,41.0800,40.4400,40.4400,1641500
20160304,40.7400,41.2500,40.4900,40.8800,1129000
20160307,40.4700,40.8300,40.2900,40.6700,1134100
20160308,39.3700,40.3400,39.3500,40.3100,1411500
20160309,39.2700,39.7900,39.1400,39.7200,1189400
20160310,39.8300,40.0500,39.2100,39.6000,1708600
20160311,39.7200,40.1200,39.3600,40.1200,1438200
20160314,39.2700,39.4400,39.0900,39.2700,1489200
20160315,39.0200,39.0400,38.6100,38.9400,1028800
20160316,39.3500,39.4800,38.6200,38.9700,1057000
20160317,39.5900,39.8800,38.9800,39.3500,1299300
20160318,39.6300,39.8100,39.3500,39.6000,2699400
20160321,39.9100,40.0100,39.4500,39.6000,953100
20160322,39.9700,40.0800,39.7200,39.8500,801100
20160323,39.3300,39.9400,39.2200,39.8300,774700
20160324,38.9700,39.1600,38.4000,39.1600,785800
20160328,39.1000,39.3800,38.9100,39.0400,628500
20160329,39.4900,39.6500,38.5800,39.1000,501100
20160330,39.8600,40.0500,39.5200,39.6900,755600
20160331,39.9600,40.2900,39.6800,39.9700,1220900
20160401,39.6900,39.7800,38.9500,39.6700,1055100
20160404,40.0100,40.0400,39.4600,39.7900,1058300
20160405,40.0500,40.3300,39.8600,40.0600,1375000
20160406,40.0200,40.1000,39.4200,39.9700,748200
20160407,39.5700,40.2100,39.3200,39.7700,1148500
20160408,39.6300,40.2000,39.4200,39.9600,612600
20160411,39.9400,40.5800,39.6000,39.7500,1349900
20160412,40.4200,40.5800,40.0000,40.1200,924800
20160413,42.3200,42.4200,40.7200,40.9400,2251500
20160414,42.0900,42.3200,41.9000,42.3000,914700
20160415,42.2300,42.2600,41.7500,41.9000,786200
20160418,42.2700,42.5700,41.7900,42.0000,624800
20160419,42.6000,42.7700,42.2400,42.3700,1186500
20160420,42.8900,43.1000,42.3600,42.5000,983900
20160421,42.2400,43.1700,42.2100,43.0400,931200
20160422,42.7100,42.8700,42.3800,42.3800,1062400
20160425,42.0800,42.6300,41.8800,42.5500,1036100
20160426,42.2900,42.3700,41.6700,42.3600,1753600
20160427,43.8800,44.4200,42.5600,42.9500,2252600
20160428,43.2600,44.3600,43.1200,43.7500,1364400
20160429,42.6300,43.1900,42.2300,43.0900,1130500
20160502,43.0100,43.0200,42.5100,42.8800,807400
20160503,42.2800,42.8200,41.7500,42.5700,875400
20160504,41.2800,42.1800,41.2000,41.8400,1215100
20160505,41.0600,41.6600,40.8600,41.3600,871400
20160506,40.8400,41.0500,40.3400,40.8000,793400
20160509,40.4100,41.3300,40.3300,41.0300,971500
20160510,40.8300,40.9200,40.2000,40.7400,1268400
20160511,40.2800,40.8200,40.2600,40.5200,635100
20160512,40.1700,40.6600,39.8800,40.5300,770300
20160513,40.0100,40.3300,39.8900,40.0500,693300
20160516,40.4200,40.5900,39.7000,40.0100,740800
20160517,40.0600,40.5400,39.7400,39.7700,769100
20160518,39.9400,40.4100,39.7500,40.0300,724600
20160519,39.8200,39.9600,39.2400,39.6900,662000
20160520,40.2900,40.6300,40.0000,40.0800,620200
20160523,40.4500,40.6500,40.2400,40.2400,348300
20160524,41.1300,41.1900,40.5700,40.5700,570900
20160525,41.2900,41.5900,40.8200,41.3300,719500
20160526,41.4500,41.5900,41.2700,41.3800,282500
20160527,41.7100,42.2100,40.2900,40.4200,766100
