20150529,206.1900,208.2700,205.6200,208.2300,2255500
20150601,207.8100,208.8200,206.8900,207.3200,2088200
20150602,206.4300,207.8400,205.6500,206.8500,2230700
20150603,208.2900,210.1700,206.7700,207.5200,2417000
20150604,208.8700,210.0600,207.0000,207.6000,3462500
20150605,210.4500,211.9400,208.5500,210.7000,3225100
20150608,209.7900,211.7000,209.4500,211.1500,2180700
20150609,209.0200,210.4400,207.6200,210.0000,2278800
20150610,213.1300,213.4000,209.3600,209.7200,2677300
20150611,213.9400,214.6100,212.8700,213.1700,2024100
20150612,213.0600,214.0100,212.0100,213.4800,2006200
20150615,211.7600,212.3400,210.3800,210.8900,1903800
20150616,213.5600,213.5700,211.1300,211.8500,1954200
20150617,212.9300,214.5000,212.5700,213.5900,1778400
20150618,214.6000,215.0100,212.0100,213.4500,2167200
20150619,213.1900,215.0000,213.1900,214.1200,4163400
20150622,216.5100,216.8100,215.0000,215.0600,2006100
20150623,218.4000,218.7700,216.6400,216.9200,2735600
20150624,214.4300,217.0000,213.7000,216.2000,3945200
20150625,212.8200,215.8000,212.4900,215.1500,2434700
20150626,213.1700,214.6100,212.5500,213.6200,2762600
20150629,207.6500,211.2200,207.6500,210.1400,3292800
20150630,208.7900,210.7900,208.1500,209.8900,4167300
20150701,209.9400,212.4900,208.9500,211.6300,2820300
20150702,209.2000,210.6300,208.5000,209.9400,1816600
20150706,208.0400,208.5300,206.2600,206.7100,2816800
20150707,208.2100,208.9700,203.2000,207.9800,3304200
20150708,204.0600,206.7900,203.7000,206.3000,2185100
20150709,204.8100,207.5500,204.4400,207.1300,2256200
20150710,207.1900,207.9800,206.1800,207.7200,1840600
20150713,210.1200,210.3100,208.6500,209.4400,2041700
20150714,212.1600,212.7600,209.7000,210.0100,2090700
20150715,212.9600,213.6100,211.4300,213.5400,2536700
20150716,211.1800,214.1400,209.3200,211.3900,4405200
20150717,212.4600,212.8000,209.7900,210.7600,2849000
20150720,212.3900,214.0000,211.2100,212.6800,2175400
20150721,211.5000,212.8000,210.7500,211.9800,1985300
20150722,213.2500,213.7200,211.7500,211.8000,2301300
20150723,211.0500,214.6100,210.7000,213.6600,2192700
20150724,207.3500,211.4500,206.9000,211.4500,2453900
20150727,205.0200,205.8400,203.5000,205.4500,2910500
20150728,206.2400,207.1800,204.6000,207.1400,2018100
20150729,206.8400,208.1300,205.6700,206.5700,1987300
20150730,207.2000,207.3500,205.1000,206.0300,1342900
20150731,205.0700,207.4700,204.9000,207.4000,1644000
20150803,204.6900,205.9500,202.8400,205.7500,2075500
20150804,205.1700,207.1500,204.8000,205.0100,1451500
20150805,205.7000,207.7800,204.9300,206.9400,1535500
20150806,205.0900,206.7000,204.3000,206.0000,1485800
20150807,203.4400,206.6400,202.3200,205.3000,1691100
20150810,205.9700,206.5700,204.3400,204.5900,1640300
20150811,201.7000,203.9200,200.6600,203.5000,2554000
20150812,201.1300,201.5500,196.5800,199.9000,2771900
20150813,200.7400,201.9500,199.5800,200.7200,3353600
20150814,202.0200,202.5500,200.7400,200.8300,3567100
20150817,202.5700,202.8600,199.7800,201.0100,1600700
20150818,201.1800,203.1000,201.1800,202.1200,1665400
20150819,200.9500,202.7500,199.1400,200.0200,2721400
20150820,196.7500,199.2200,196.7500,198.4300,3140000
20150821,187.7400,194.6000,187.5800,193.6600,5406200
20150824,179.4600,186.8900,172.1000,178.4600,7183600
20150825,178.2200,187.3300,177.7100,185.8900,7204800
20150826,184.4000,185.0600,179.1100,183.0400,5561800
20150827,189.2100,189.8600,185.4300,186.8100,3798500
20150828,187.7500,188.8500,186.2600,187.5900,2413100
20150831,188.6000,190.2500,187.1800,187.6900,2858000
20150901,182.1200,186.4700,181.0800,184.2400,5494500
20150902,184.5100,185.8200,182.5100,184.8700,3043800
20150903,185.0600,187.8900,184.2800,185.0000,2902200
20150904,180.3800,182.8300,179.1300,182.2600,4295600
20150908,185.8800,186.3100,183.6500,183.9100,3060100
20150909,185.6800,191.7500,185.2600,189.5500,4756800
20150910,185.9100,187.8200,184.7700,185.4500,3042600
20150911,185.2700,185.8200,183.3200,185.4300,2536800
20150914,183.9400,185.8600,183.3000,185.6000,2746000
20150915,187.4500,188.0200,184.1900,184.7800,3092800
20150916,188.6400,189.3000,186.5900,187.9600,2717800
20150917,186.4500,190.5700,186.0000,188.4500,3712600
20150918,180.9400,183.3800,180.5500,183.2000,6529900
20150921,183.3500,184.4100,181.7000,183.3000,2947200
20150922,179.7200,181.0000,178.0100,180.8900,4166900
20150923,179.4100,180.1900,177.7500,179.8100,2732600
20150924,176.9100,177.9800,174.8200,177.6600,3910000
20150925,179.8300,181.1100,178.1600,179.2000,3026500
20150928,173.0200,178.4600,172.7500,178.4600,3898500
20150929,171.8600,173.3000,167.4900,173.0100,4419100
20150930,173.7600,175.0800,172.1600,174.5800,2931500
20151001,176.0200,176.1700,173.0400,174.4000,3613000
20151002,177.0100,177.1000,169.8700,172.1400,4469900
20151005,180.7000,181.0600,177.8300,178.2300,3411900
20151006,180.3200,181.2800,179.4700,180.2000,1859100
20151007,182.2300,183.7900,180.5400,181.8000,2572200
20151008,181.0700,182.4700,179.7500,181.1800,3253400
20151009,179.1900,182.2900,178.2100,180.9600,3334900
20151012,180.2300,181.2000,179.0100,180.8000,3059800
20151013,180.9700,183.1400,179.5000,179.5700,2918800
20151014,179.5100,182.2200,179.1400,180.7300,3252000
20151015,184.9600,185.7500,175.7600,176.7300,5720100
20151016,185.1800,186.6500,183.6300,185.1200,2948900
20151019,185.7400,186.5000,183.1500,183.4800,2665700
20151020,185.5100,185.9700,183.9000,185.2000,2736200
20151021,179.7000,186.2200,179.5500,186.2200,3613800
20151022,183.5600,184.1900,180.2000,180.2300,2609600
20151023,185.5000,186.3600,184.4300,185.1600,2935700
20151026,187.0100,188.0000,186.6200,187.1000,2573700
20151027,186.3100,186.8300,184.5000,186.0000,1932300
20151028,191.3200,191.4800,186.1700,186.7100,3231900
20151029,189.8900,191.9600,189.3300,191.0000,3068100
20151030,187.5000,190.0900,187.2400,189.7600,2791600
20151102,189.6800,190.4300,187.6800,188.3200,2531500
20151103,190.6900,191.8700,189.0500,189.2500,2443200
20151104,191.6500,192.8900,190.3100,191.0000,2174300
20151105,192.0200,193.2800,191.0000,192.5400,2186300
20151106,199.1700,199.4700,195.9000,196.0000,4270800
20151109,196.7600,199.9000,196.3200,199.0400,2604400
20151110,197.8100,198.2200,195.2800,196.5800,2149900
20151111,197.3900,198.9300,196.7300,198.2900,1637500
20151112,192.7700,196.1900,192.2600,196.1900,3166900
20151113,190.3900,193.3800,190.0600,192.6300,2484000
20151116,192.1600,192.1600,188.0100,189.9900,4626600
20151117,190.5700,193.0000,190.3200,192.6700,1783800
20151118,193.6600,194.0500,191.0100,191.0500,2509200
20151119,193.0300,194.2100,191.6700,193.8200,1835800
20151120,191.4700,193.4900,191.1100,193.0000,2932100
20151123,189.1900,191.4900,188.5200,191.3000,2671700
20151124,188.6700,189.8000,186.5600,188.0200,2679400
20151125,189.1500,189.7700,188.1500,188.9900,1495600
20151127,190.4700,191.1900,188.8500,189.1600,1092700
20151130,190.0200,191.0800,189.2400,190.5000,3415000
20151201,193.0700,193.1500,190.0100,191.2200,4140900
20151202,190.2600,193.8400,189.8000,193.3000,1817200
20151203,185.2000,191.6500,184.7300,190.6600,3599000
20151204,189.9900,190.6200,184.7500,185.6100,3517200
20151207,185.4900,190.1200,185.0000,190.0000,3499900
20151208,182.9200,184.4700,181.8400,183.9200,2663800
20151209,180.7100,184.8500,179.8300,182.0200,3907500
20151210,182.1100,183.9300,180.3100,180.9900,2212300
20151211,176.5600,180.1500,175.4700,179.6800,3750100
20151214,176.4000,178.6300,172.9000,176.6700,5102400
20151215,182.0100,183.2800,178.8500,178.9800,3393100
20151216,186.2100,186.8800,181.6800,184.0100,3191700
20151217,182.6100,187.8900,182.6100,186.8800,2807900
20151218,175.4900,181.9000,175.3900,181.2000,6740800
20151221,177.7500,178.1500,175.8300,177.5000,2472900
20151222,180.0500,180.6900,177.0500,178.9000,2312800
20151223,182.9500,183.0000,180.4600,180.7000,2367900
20151224,182.4700,183.1700,182.0200,182.2700,1107600
20151228,181.6200,181.9300,179.8400,181.7700,1723300
20151229,183.5300,184.1800,182.5000,182.8200,1848900
20151230,182.0100,183.5300,181.8400,183.2800,1514300
20151231,180.2300,182.8900,180.0300,181.1600,1773900
20160104,177.1400,177.1900,173.7600,175.7900,3745500
20160105,174.0900,177.5000,172.9200,176.7100,4521600
20160106,169.8400,172.0200,169.1000,171.3100,5539400
20160107,164.6200,169.5000,163.6000,166.6700,5687900
20160108,163.9400,168.4200,163.6300,166.7500,4929800
20160111,165.7300,166.4600,163.3400,165.0000,4386500
20160112,165.7100,168.1800,163.3000,166.8900,4441300
20160113,158.9900,167.1000,157.9200,166.4600,5252500
20160114,161.3900,162.5100,156.7600,160.3000,4272500
20160115,155.6100,157.9900,153.8100,156.7000,6237200
20160119,156.8200,158.7600,155.2800,157.5600,5860600
20160120,153.7500,158.3700,151.6500,154.1000,9369100
20160121,151.6500,155.1600,151.4900,153.9700,5738800
20160122,156.8600,156.9900,153.8600,154.5800,5583800
20160125,151.1200,156.5300,151.1200,156.4000,5051700
20160126,154.4500,156.1000,151.1200,151.1200,5237700
20160127,153.7200,158.4300,153.1900,153.5900,5153100
20160128,157.0600,158.0500,152.5300,155.0100,4292900
20160129,161.5600,161.5900,157.7800,158.6400,4887900
20160201,159.6500,161.0000,158.4500,160.4100,2963500
20160202,151.7000,157.0000,150.1600,157.0000,6316200
20160203,152.6800,153.8400,147.0100,152.5000,5893200
20160204,156.4900,157.9500,152.0100,152.3000,4573100
20160205,156.4700,159.7000,155.6900,157.5700,4596100
20160208,149.2500,153.8300,145.2500,153.8300,8680000
20160209,148.2500,149.9500,145.1000,145.5200,6919400
20160210,147.2300,153.3800,147.2100,150.0000,7609600
20160211,140.6900,144.4100,139.0500,143.4100,10252200
20160212,146.1300,146.5100,143.7000,143.7500,9009300
20160216,149.0200,150.4800,147.4500,149.6000,10198000
20160217,150.9400,151.8700,150.3100,150.8000,5578800
20160218,147.7300,152.0000,147.3700,151.2500,5895500
20160219,146.9100,147.7300,145.4300,147.0000,5257300
20160222,148.7900,149.9900,148.2300,149.2000,4287900
20160223,144.9100,148.0500,144.0500,148.0000,4249600
20160224,145.5600,145.6400,140.2600,143.0800,5714700
20160225,148.2500,149.0700,145.2300,146.0000,4299600
20160226,150.2500,151.9700,149.0100,149.7200,5924500
20160229,149.5300,150.2900,148.3200,149.7500,5506400
20160301,154.6500,154.7700,150.6800,150.9500,6490400
20160302,154.2000,155.4100,153.4500,154.7500,5047500
20160303,155.3300,155.6600,153.3600,154.0000,3615800
20160304,156.8400,158.8500,155.2900,156.3700,5256700
20160307,155.3500,156.3700,154.4100,156.0000,2771900
20160308,151.6000,154.2300,151.5000,154.0000,3830400
20160309,149.9100,152.5000,149.1800,152.1100,3250900
20160310,151.0200,153.6000,148.8400,150.4100,4631800
20160311,153.9400,154.1600,152.3700,153.2800,4058700
20160314,153.4900,154.4500,152.1300,153.6600,3317900
20160315,152.0300,152.7400,150.9000,152.6500,3731400
20160316,150.5400,152.8500,149.7100,150.9200,4310300
20160317,152.9100,153.9800,148.7500,150.3900,4431700
20160318,157.6000,158.1800,153.8700,153.9100,7413200
20160321,156.2900,158.9000,155.7500,157.2400,4410200
20160322,154.2000,155.5900,153.3600,155.5000,3521500
20160323,154.0800,155.5500,153.5900,154.2500,3633400
20160324,153.0000,153.0400,150.1300,152.4000,3693400
20160328,153.8400,154.6400,152.3800,153.1400,2308600
20160329,155.0300,155.3500,151.5000,152.8700,2919500
20160330,156.5000,158.0200,154.8900,156.1300,3130600
20160331,156.9800,157.4800,156.0600,156.1800,2927300
20160401,159.8200,160.0100,155.0900,156.4600,3373400
20160404,157.7700,160.0000,157.3900,159.9700,2478100
20160405,155.3500,156.5300,154.5500,156.4400,2822700
20160406,155.1900,156.2700,153.9200,155.2600,2927400
20160407,150.4100,154.0300,149.3700,153.6500,4786800
20160408,150.2800,152.8700,150.0100,152.0700,3122200
20160411,152.2000,153.9000,150.4100,151.1800,3464300
20160412,154.3100,155.0900,151.3000,152.6700,2732900
20160413,159.8500,159.9900,156.3800,156.5300,5151100
20160414,160.9100,162.2700,159.1500,159.5300,3067100
20160415,158.5200,161.7800,158.2000,161.2300,3467900
20160418,159.0200,160.0000,157.1500,157.6100,3031500
20160419,162.6500,163.7000,157.0000,157.7500,5832200
20160420,166.9800,167.4500,161.9400,162.0000,4802200
20160421,165.3200,168.9000,165.0100,166.5500,4165100
20160422,166.7500,167.4900,165.6600,165.7900,2680300
20160425,165.0900,167.3900,164.0600,166.0000,2473000
20160426,165.8400,166.0000,164.2200,165.3800,2251600
20160427,166.9200,168.6600,164.9300,165.8300,3323600
20160428,164.2900,167.3200,164.0100,165.3500,2528000
20160429,164.1100,164.6800,162.5600,163.8000,2890800
20160502,166.1800,167.1900,163.9900,165.0800,1998400
20160503,163.1400,164.1100,161.3700,163.6600,2777000
20160504,160.0700,162.6000,159.0900,161.2000,3203900
20160505,159.5300,160.8200,158.5000,160.7800,2366200
20160506,158.8500,160.1700,157.0100,158.1900,2307000
20160509,157.5100,159.8500,156.7900,158.2000,2097900
20160510,161.4200,161.5000,158.3900,158.6700,2379600
20160511,159.4200,162.5300,159.2800,161.3600,2096900
20160512,158.0700,161.4700,157.3100,160.3200,2448100
20160513,155.3400,159.7200,155.2600,157.8800,2550100
20160516,155.3800,156.9000,154.6000,155.3400,3177700
20160517,154.6500,157.1100,153.7700,154.7400,2701500
20160518,159.9400,160.0000,154.6500,154.8100,3653300
20160519,154.7000,159.9500,154.5200,158.6800,4712000
20160520,154.5100,156.4100,153.9200,155.7600,3247800
20160523,155.4500,156.0900,153.7400,154.4400,2767600
20160524,157.5900,158.5500,156.4400,156.6700,3038800
20160525,161.2500,162.2900,158.0300,158.0600,3259900
20160526,159.2200,161.3300,159.1700,161.1600,2576100
20160527,159.5300,160.4000,158.3200,158.7000,2157000
