20150529,31.8500,32.1600,31.5900,32.0700,13800100
20150601,32.4100,32.7400,31.9000,31.9900,4989000
20150602,32.2200,32.5100,32.0300,32.3700,2911300
20150603,32.0900,32.5100,32.0500,32.2800,2488800
20150604,31.3900,32.1700,31.2600,32.0400,4738800
20150605,31.3200,31.4900,31.0100,31.3800,5252500
20150608,31.0400,31.6000,31.0100,31.3800,3365600
20150609,31.5000,31.5600,30.9400,31.2600,2998500
20150610,31.3900,31.9000,30.9000,30.9400,4043000
20150611,31.4100,31.7500,31.3000,31.3900,2859900
20150612,31.4900,31.6400,31.1800,31.2400,3080600
20150615,31.0100,31.2900,30.5800,31.2900,3772000
20150616,31.0300,31.0900,30.7100,31.0000,1818700
20150617,31.0500,31.3700,30.7700,31.1200,1781100
20150618,31.0100,31.3400,30.8900,31.1700,2927800
20150619,31.2100,31.4300,30.9300,31.0100,2979300
20150622,31.1800,31.3900,31.0800,31.2900,2109500
20150623,31.4100,31.4700,31.1400,31.1500,1851300
20150624,31.3300,31.9400,31.1400,31.4700,2458300
20150625,31.2300,31.5000,31.2100,31.4400,1884500
20150626,31.4000,31.4700,31.1800,31.3400,8074600
20150629,29.6400,31.0000,29.4300,30.9700,5633900
20150630,30.1500,30.3200,29.7800,29.9500,3709300
20150701,30.4500,30.5500,30.0600,30.2600,2702300
20150702,30.2900,30.7500,30.0700,30.5900,1948400
20150706,30.0400,30.4400,29.8100,30.0100,3009000
20150707,30.0100,30.1500,29.2100,30.1000,3200500
20150708,29.2100,29.7700,29.0500,29.7000,4088500
20150709,28.9100,29.8000,28.6300,29.6800,5138100
20150710,28.9900,29.3100,28.8200,29.3000,2997400
20150713,29.4100,29.4500,28.7800,29.1600,3897200
20150714,30.2900,30.3400,29.4100,29.5000,3645100
20150715,29.7700,30.2800,29.6500,30.2000,2777000
20150716,30.3900,30.4600,29.7900,30.0900,4491500
20150717,30.5000,30.7400,30.3000,30.3800,3901500
20150720,30.0400,30.6000,29.9600,30.5400,2309700
20150721,30.1600,30.2300,29.8600,30.0400,1995700
20150722,30.1400,30.3900,30.0000,30.1200,1738100
20150723,30.0000,30.3200,29.9200,30.1700,2393300
20150724,29.2700,30.0800,29.1200,30.0800,2957400
20150727,29.0200,29.4000,28.5800,29.1500,4560200
20150728,29.5800,29.6400,28.7400,29.1400,6817000
20150729,29.7700,32.2000,29.3100,30.3900,8178800
20150730,29.7500,30.0600,29.5100,29.5100,3643000
20150731,30.1300,30.1700,29.5800,29.9200,2666100
20150803,30.2000,30.4700,29.9000,30.3900,2389500
20150804,30.7700,31.0100,30.2700,30.3100,3749200
20150805,31.0100,31.3000,30.9000,31.0900,2691500
20150806,30.7400,31.4700,30.2900,31.0600,3787300
20150807,30.8900,31.1500,30.6600,30.7700,2842300
20150810,31.8400,32.0000,31.0900,31.2800,2701200
20150811,31.2200,31.5800,30.7100,31.5800,2928100
20150812,31.3800,31.4200,30.3900,30.8500,4992300
20150813,31.8800,32.1000,31.2300,31.3400,3033500
20150814,32.3100,32.4800,31.8000,31.8200,2841700
20150817,32.5800,32.6000,31.9900,32.1700,2307000
20150818,32.6600,32.9500,32.5000,32.5000,3193600
20150819,32.2200,32.5900,31.7000,32.3700,4169500
20150820,31.1400,31.9200,31.0800,31.7800,3343500
20150821,29.2800,30.8600,29.2800,30.8100,4888900
20150824,28.0900,29.2500,25.5000,27.1500,5918900
20150825,27.8300,29.3400,27.8200,28.8800,4495100
20150826,28.4800,29.0000,27.5200,28.6300,4514100
20150827,28.9400,29.1600,28.1800,28.8500,5985400
20150828,29.5200,29.6400,28.5700,28.7000,2801200
20150831,29.7700,30.1800,29.3000,29.4000,3471300
20150901,28.6700,29.4400,28.4600,29.0100,3074500
20150902,29.3000,29.3900,28.7100,29.2000,3015700
20150903,29.7000,30.0900,29.1100,29.3800,2855700
20150904,29.2200,29.4400,28.9200,29.3300,2106800
20150908,30.0900,30.2800,29.7000,29.9300,2942800
20150909,29.8900,30.6300,29.8200,30.3700,3306400
20150910,29.9200,30.1800,29.6000,29.7300,3132300
20150911,29.5800,29.8500,29.0300,29.7700,2794000
20150914,29.3100,29.6800,29.1100,29.6000,2512500
20150915,29.6400,29.7900,29.0000,29.4700,3364700
20150916,30.9000,30.9500,29.4600,29.6400,3745400
20150917,31.1000,31.6200,30.6600,30.8000,3008600
20150918,30.4600,30.7900,30.2500,30.7100,3773800
20150921,30.6800,30.9800,30.2100,30.4600,1949700
20150922,29.5600,30.3400,29.2400,30.1200,3745000
20150923,29.5700,29.6600,29.0200,29.5600,3046300
20150924,29.1900,29.3900,28.3400,29.2800,2869100
20150925,29.7300,29.9800,29.2600,29.4600,3450000
20150928,28.3700,29.7500,28.2900,29.4800,3178900
20150929,28.3200,28.6700,27.9900,28.1000,2881500
20150930,29.3300,29.4500,28.5900,28.7000,3945400
20151001,29.4200,29.8900,28.8700,29.5800,3672300
20151002,29.2300,29.3900,28.6100,28.8200,3157100
20151005,30.2300,30.3100,29.2700,29.4200,2985500
20151006,30.3900,30.6300,29.6800,30.0400,3149100
20151007,31.2300,31.5300,30.5100,30.6000,3504400
20151008,31.8200,31.9600,31.0700,31.0700,2819700
20151009,31.8800,32.2900,31.7500,31.9000,2309600
20151012,31.7800,32.2000,31.7400,31.9600,2193400
20151013,31.6500,32.2800,31.5000,31.6200,2704500
20151014,32.0000,32.0900,31.6400,31.7500,3935400
20151015,32.3700,32.4000,31.7700,32.0300,2631100
20151016,32.6800,32.7200,31.9200,32.3900,2368800
20151019,32.3000,32.6200,32.1200,32.5800,2169800
20151020,32.5800,32.7100,31.1300,31.3000,2577300
20151021,32.4900,33.0200,32.4100,32.5000,2682600
20151022,32.5700,32.9100,32.3300,32.8100,2625500
20151023,32.9700,33.2200,32.8100,32.8300,3381500
20151026,33.1300,33.2500,32.8400,33.0400,2235800
20151027,32.4700,33.1700,32.3600,32.8000,3638100
20151028,33.4000,33.4200,31.9700,32.5500,5293500
20151029,31.7900,33.3500,30.5300,33.3200,6568900
20151030,32.8400,33.4200,31.5200,31.7900,4523200
20151102,33.4900,33.7500,32.8400,32.8400,5132400
20151103,33.2700,33.7500,33.0900,33.5600,2896000
20151104,32.9100,33.6000,32.8100,33.3900,3007900
20151105,32.7100,33.1600,32.6500,32.9200,2557200
20151106,32.9800,33.1800,32.5500,32.7600,2593500
20151109,32.5500,33.1400,32.4300,33.0500,2338100
20151110,32.4400,32.7000,31.8300,32.6400,3130400
20151111,32.7700,33.0400,32.3600,32.5700,2489500
20151112,32.2500,32.9700,32.2200,32.5700,2358600
20151113,31.8900,32.6500,31.7200,32.3100,3355400
20151116,32.3100,32.3500,31.7700,31.7700,2632600
20151117,32.4900,33.4900,32.3500,32.4800,3694800
20151118,33.4500,33.5100,32.4200,32.6800,3972300
20151119,33.8100,34.0100,33.3400,33.3400,2974100
20151120,34.2500,34.3500,33.7900,33.9300,3330600
20151123,34.0800,34.6400,33.9700,34.1000,2606700
20151124,34.4700,34.5200,33.8400,33.9800,2061200
20151125,34.6200,34.8500,34.3700,34.4500,1589000
20151127,34.8100,34.9700,34.4300,34.6400,1023300
20151130,34.8800,35.0400,34.7200,34.9000,2224600
20151201,35.0000,35.1400,34.8200,34.8800,2913200
20151202,34.8500,35.3000,34.5900,35.1200,3313100
20151203,34.5200,35.0000,34.3400,34.8300,2778600
20151204,34.8800,35.0200,34.3700,34.5200,2328700
20151207,34.3400,35.0900,34.1700,34.8500,2302600
20151208,34.2700,34.3600,33.6500,34.0400,1966200
20151209,33.4900,34.6100,33.2600,34.1300,2949500
20151210,33.4100,34.1900,33.0500,33.1500,2430100
20151211,32.1600,33.1500,32.0800,33.1500,3910200
20151214,31.7800,32.3000,31.1600,32.2900,4176600
20151215,32.7300,32.9800,32.0000,32.1900,3770300
20151216,33.3300,33.4100,32.6600,32.9900,2718900
20151217,32.5000,33.5100,32.4000,33.2000,2067300
20151218,31.8700,32.5900,31.8300,32.4700,8378200
20151221,31.8800,32.3400,31.6700,32.1000,2184000
20151222,32.2900,32.3100,31.5700,32.1300,2752600
20151223,33.0000,33.1600,32.3800,32.5500,2385600
20151224,32.8000,33.2500,32.6500,32.9800,852800
20151228,32.7300,32.7900,32.3000,32.6600,1332400
20151229,33.2600,33.4300,32.8800,32.8900,1657000
20151230,33.3100,33.4700,33.0700,33.2400,1576800
20151231,32.6700,33.2300,32.5600,33.1700,2095400
20160104,32.0100,32.3900,31.0400,32.0100,3940700
20160105,30.7000,32.0200,30.6500,31.9700,4884000
20160106,30.3500,30.4400,29.7600,30.1900,4748500
20160107,28.7100,29.7600,28.5600,29.5300,4364500
20160108,28.1400,29.1700,28.0300,29.0100,4578400
20160111,28.5900,28.7200,27.9500,28.3900,4805900
20160112,29.1200,29.5900,28.1500,29.1600,5360800
20160113,27.6900,29.4400,27.4800,29.2800,6345800
20160114,28.4100,28.7900,26.6800,27.7100,5435200
20160115,27.5500,27.7500,27.0100,27.4800,4200400
20160119,27.5700,28.1300,27.0300,28.0500,4269200
20160120,27.9300,28.4400,26.4700,26.9700,5274000
20160121,27.9200,28.6500,27.6300,28.0400,4271800
20160122,28.4900,29.5000,27.8300,28.5600,5837700
20160125,27.8100,28.4200,27.4600,28.3300,2963500
20160126,28.7900,29.0900,27.8200,28.0200,3579800
20160127,28.5500,29.7200,28.3900,28.6700,3733500
20160128,27.7600,29.3900,27.7100,29.0800,4341100
20160129,28.4100,28.5900,27.6200,27.8600,5763000
20160201,28.9600,29.1500,27.8300,28.2600,4894700
20160202,28.4600,28.8500,28.2500,28.6600,3717000
20160203,27.9100,28.8300,26.6300,28.7000,5353200
20160204,27.6100,28.2900,27.4000,27.9500,5494700
20160205,27.1900,28.3300,27.1200,27.6000,4327400
20160208,26.3400,27.0600,26.0700,26.9000,7774100
20160209,27.4500,28.6800,26.3200,27.2300,8545900
20160210,28.5800,29.3700,28.0700,28.2000,7167500
20160211,28.6100,29.0800,27.7000,27.9800,4447400
20160212,29.6900,30.1200,28.6500,29.1300,5673900
20160216,30.3500,30.4000,29.4100,30.1300,4665500
20160217,30.7800,31.0800,30.3800,30.5700,3621200
20160218,30.2300,31.0000,30.1100,30.8100,2575600
20160219,29.6100,30.0000,29.1800,29.9200,4085700
20160222,29.9000,30.2900,29.4900,29.9200,3647100
20160223,29.5700,30.3000,29.4400,29.8000,3745700
20160224,29.4200,29.5100,28.5400,29.2700,3500600
20160225,29.9500,29.9500,29.2100,29.6100,2501700
20160226,30.2500,30.5000,29.8300,30.1600,3213900
20160229,30.1200,30.7200,30.0700,30.1700,3192700
20160301,31.2300,31.2900,30.6000,30.6700,3138400
20160302,31.4100,31.5000,31.0200,31.0800,2557700
20160303,32.0700,32.1700,31.1100,31.2800,3604100
20160304,32.5300,32.5500,31.5600,31.7800,3522200
20160307,32.4700,32.6900,32.2200,32.2500,3000200
20160308,32.2300,32.4900,31.8700,32.1500,4587400
20160309,32.4700,32.7900,32.3100,32.4500,2832200
20160310,31.9000,32.6900,31.7200,32.5000,3718200
20160311,33.0300,33.0400,32.0100,32.2200,2999100
20160314,32.4100,33.0000,32.2200,32.8100,3030300
20160315,32.7300,32.7800,31.9300,32.2600,3031800
20160316,33.0700,33.1700,32.5600,32.6400,3244000
20160317,32.5600,33.1100,32.5500,32.8200,3717200
20160318,32.4100,32.8000,32.3200,32.5000,7064400
20160321,32.7900,32.9100,32.2300,32.2500,2293900
20160322,32.7600,32.9800,32.4800,32.7400,2157700
20160323,32.2100,32.7300,32.2000,32.6700,2421800
20160324,32.1800,32.3500,31.7200,32.0000,1924300
20160328,32.0000,32.2700,31.8600,32.1800,1513400
20160329,32.6200,32.7400,31.7300,31.8000,2215900
20160330,32.7700,33.3300,32.5700,32.8600,2149800
20160331,32.9800,33.0400,32.6000,32.7200,3066100
20160401,32.4900,32.8300,32.2200,32.6700,2197600
20160404,31.3900,32.4500,31.2800,32.3700,2861500
20160405,31.2500,31.5100,30.8100,31.1400,4906200
20160406,31.2200,31.3300,30.8200,31.2700,3691200
20160407,31.1400,31.8000,30.9800,31.7500,4379100
20160408,30.9600,31.5000,30.7400,31.4100,2700300
20160411,31.1100,31.6000,31.0200,31.1700,2315400
20160412,31.2300,31.5100,30.9300,31.1200,2479500
20160413,32.1100,32.2400,31.3200,31.4900,3105900
20160414,31.9400,32.2800,31.7700,32.1200,1679900
20160415,32.0000,32.0400,31.5300,31.9900,2004000
20160418,31.9900,32.2800,31.7800,31.7800,1638400
20160419,32.1500,32.6000,31.8100,32.2200,2643700
20160420,32.3000,32.5500,32.0500,32.1500,1990100
20160421,32.2900,32.6300,32.0900,32.3100,1467400
20160422,32.3800,32.5600,32.0900,32.2800,2115600
20160425,32.2200,32.3800,31.8800,32.3800,1469200
20160426,32.7800,32.9200,32.1300,32.2300,2390500
20160427,30.3400,31.1400,29.4700,29.6700,12536400
20160428,29.8900,30.6800,29.7600,30.0200,4693300
20160429,28.9700,29.9400,28.5200,29.7400,6996800
20160502,28.7700,29.2100,28.5700,29.2100,4475800
20160503,28.4300,28.5900,27.7400,28.4200,3583800
20160504,27.7300,28.2900,27.6000,28.1500,6425000
20160505,27.8900,28.1900,27.6800,27.9900,4408900
20160506,28.1900,28.2100,27.6300,27.8100,4761800
20160509,28.1800,28.6200,28.1700,28.2900,3182500
20160510,28.4100,28.6300,28.2400,28.3000,2949800
20160511,27.9500,28.6600,27.9400,28.3900,2299700
20160512,27.9900,28.4900,27.8000,28.0600,2173500
20160513,27.6500,28.4100,27.5900,27.8500,2285900
20160516,27.5600,28.0000,27.4700,27.7500,3945100
20160517,27.4900,27.9700,27.3300,27.4500,3523000
20160518,27.4100,27.8300,27.1900,27.4400,2528800
20160519,27.0600,27.4200,26.8500,27.1900,3307200
20160520,27.1700,27.6300,27.0700,27.2500,2888300
20160523,26.9300,27.3500,26.8400,27.2000,2448400
20160524,27.8900,27.9900,27.1900,27.4200,3783600
20160525,27.5900,28.1200,27.5300,27.9600,4607800
20160526,27.3700,27.7900,27.3700,27.5600,2895600
20160527,27.7900,27.8000,27.4000,27.4000,2308100
