20150529,11.1300,11.3100,11.1200,11.3000,12263500
20150601,11.0400,11.2100,10.9400,11.1500,12028800
20150602,11.1700,11.2000,11.0200,11.0400,7446100
20150603,11.2700,11.2700,11.1500,11.1800,9604800
20150604,11.1600,11.2900,11.1400,11.2400,8946000
20150605,11.3400,11.3400,11.1800,11.2700,9324600
20150608,11.2700,11.4000,11.2600,11.3200,13668100
20150609,11.3900,11.4500,11.2400,11.2900,11778600
20150610,11.4400,11.5500,11.4100,11.4300,12088000
20150611,11.4800,11.5400,11.4000,11.4400,6570400
20150612,11.5200,11.5400,11.4500,11.4800,7523300
20150615,11.4100,11.5000,11.3200,11.3900,7606500
20150616,11.4900,11.5000,11.3600,11.3700,5430000
20150617,11.3600,11.5400,11.3600,11.5300,7698000
20150618,11.5100,11.5400,11.3200,11.3500,13679200
20150619,11.3600,11.5200,11.3600,11.4700,11370400
20150622,11.5700,11.5800,11.4300,11.4500,8566200
20150623,11.6800,11.7100,11.6000,11.6000,5379000
20150624,11.5800,11.7200,11.5500,11.6700,5867200
20150625,11.4300,11.6800,11.4200,11.6300,13886300
20150626,11.4600,11.5200,11.4300,11.4900,11165400
20150629,11.2000,11.4100,11.1800,11.2900,8400400
20150630,11.3100,11.4100,11.2000,11.3200,10193600
20150701,11.4700,11.4800,11.3800,11.4400,8389200
20150702,11.3500,11.4800,11.2700,11.4700,6485500
20150706,11.3400,11.3900,11.1400,11.2100,7086400
20150707,11.2200,11.3500,11.0800,11.3100,8670600
20150708,11.0500,11.1600,11.0100,11.0400,9572300
20150709,11.1200,11.2200,11.0600,11.1900,7771500
20150710,11.2100,11.2800,11.1200,11.2300,6750400
20150713,11.3600,11.3700,11.2600,11.3100,5779300
20150714,11.4400,11.4600,11.2600,11.3300,6445900
20150715,11.5300,11.6100,11.4200,11.5000,8976300
20150716,11.5800,11.6500,11.5500,11.5900,5939600
20150717,11.5400,11.5500,11.4100,11.5400,6951800
20150720,11.6200,11.6500,11.5300,11.5500,8143200
20150721,11.5800,11.7200,11.5400,11.6700,7876900
20150722,11.6000,11.6900,11.5500,11.6100,13232300
20150723,11.7300,11.9000,11.6500,11.7800,12861200
20150724,11.7600,11.8400,11.6900,11.7900,9155000
20150727,11.6000,11.7300,11.5800,11.7000,7186500
20150728,11.6900,11.7300,11.5900,11.7000,7266800
20150729,11.7300,11.7700,11.6300,11.7000,9866300
20150730,11.7700,11.7700,11.6500,11.6800,8228800
20150731,11.6700,11.7800,11.6500,11.7800,8886500
20150803,11.7000,11.7100,11.5800,11.7000,8219700
20150804,11.6700,11.8300,11.6600,11.7300,7781700
20150805,11.7700,11.8400,11.6800,11.7000,8733600
20150806,11.7300,11.8400,11.6800,11.8200,5621100
20150807,11.6000,11.7900,11.5300,11.7100,9609600
20150810,11.8300,11.8300,11.6200,11.6200,7147900
20150811,11.6400,11.8400,11.5900,11.8000,10487300
20150812,11.5100,11.6700,11.3300,11.6000,9865000
20150813,11.6200,11.6500,11.4500,11.4900,7866800
20150814,11.8000,11.8200,11.6100,11.6600,6390400
20150817,11.7900,11.8800,11.6100,11.6900,8604000
20150818,11.8400,11.8600,11.7600,11.7600,7234900
20150819,11.6400,11.8400,11.6400,11.8300,10887600
20150820,11.3200,11.5400,11.3200,11.5100,7810400
20150821,11.0000,11.2500,11.0000,11.2000,12415200
20150824,10.4400,10.7900,10.0000,10.4400,17275200
20150825,10.2100,10.7600,10.2100,10.7300,14236900
20150826,10.5800,10.5900,10.2500,10.4500,12418600
20150827,10.8600,10.8700,10.6200,10.6900,13179800
20150828,10.9100,10.9500,10.7700,10.8500,9609000
20150831,10.9100,10.9500,10.7700,10.8400,6308500
20150901,10.4500,10.7300,10.4100,10.7000,9841500
20150902,10.5900,10.6600,10.4200,10.6000,7884100
20150903,10.7100,10.8200,10.5800,10.6100,6348700
20150904,10.5500,10.6500,10.4500,10.6000,6631000
20150908,10.8400,10.8500,10.6500,10.7800,6747100
20150909,10.7100,10.9900,10.6700,10.9900,8412900
20150910,10.8200,10.8900,10.6400,10.7000,7077900
20150911,10.8100,10.8100,10.6700,10.7400,6583200
20150914,10.8600,10.9000,10.7400,10.7900,6779800
20150915,10.9400,10.9600,10.8100,10.8300,5694500
20150916,11.0400,11.0400,10.8200,10.9000,9061900
20150917,10.6900,11.0500,10.6500,11.0200,15629200
20150918,10.3600,10.5900,10.3400,10.5500,14841100
20150921,10.5200,10.5600,10.4000,10.4200,9817400
20150922,10.3300,10.4200,10.2500,10.3400,6864600
20150923,10.3600,10.4600,10.2800,10.3200,8464100
20150924,10.3200,10.3400,10.1600,10.2700,7808300
20150925,10.4900,10.5500,10.4100,10.4500,7981600
20150928,10.2900,10.4900,10.2600,10.4700,7364600
20150929,10.4400,10.4500,10.2100,10.2800,14830800
20150930,10.6000,10.6100,10.4000,10.5000,10269700
20151001,10.6900,10.7000,10.5300,10.6200,10751800
20151002,10.5800,10.5800,10.2100,10.4200,11686800
20151005,10.7800,10.8100,10.6400,10.6400,6747900
20151006,10.7700,10.8200,10.6900,10.7300,6130100
20151007,10.9000,10.9600,10.7600,10.8600,7448100
20151008,10.9200,10.9600,10.8000,10.8400,7009100
20151009,10.7900,10.9900,10.7500,10.8700,4400600
20151012,10.8600,10.8700,10.7300,10.7900,3605200
20151013,10.7400,10.8700,10.7300,10.8300,5441100
20151014,10.5300,10.7800,10.4800,10.6600,9011800
20151015,10.7200,10.7400,10.5400,10.6200,10919000
20151016,10.7000,10.8000,10.6500,10.7700,8520500
20151019,10.7000,10.7700,10.6500,10.6500,6545100
20151020,10.8200,10.8600,10.6700,10.7400,7953900
20151021,10.6200,10.9300,10.5700,10.8400,12486100
20151022,10.8700,11.0400,10.4800,10.5000,14853100
20151023,11.1300,11.1400,10.9200,10.9700,12389600
20151026,10.9700,11.1300,10.8700,11.0900,9644400
20151027,10.9000,11.0300,10.8400,10.9100,10118400
20151028,11.3500,11.3500,10.9100,10.9600,10597100
20151029,11.3000,11.4400,11.2500,11.3200,10117000
20151030,10.9700,11.3200,10.9200,11.3100,10364500
20151102,11.1100,11.1600,11.0000,11.0400,8979600
20151103,11.1300,11.2400,11.0500,11.0600,7410600
20151104,11.2000,11.2600,11.1200,11.1600,5944800
20151105,11.3300,11.4200,11.2100,11.2100,8479900
20151106,11.6500,11.7500,11.5000,11.5200,11338600
20151109,11.5700,11.7300,11.4800,11.6900,7652900
20151110,11.6100,11.6500,11.4700,11.5400,4780400
20151111,11.5500,11.6900,11.5200,11.6800,6584300
20151112,11.3200,11.5500,11.3200,11.4900,8441900
20151113,11.2200,11.4100,11.2000,11.3800,8240200
20151116,11.4200,11.4200,11.1700,11.1900,7790500
20151117,11.4700,11.6000,11.3700,11.4700,8573900
20151118,11.7100,11.7200,11.4700,11.5200,9609400
20151119,11.7300,11.7500,11.6200,11.7300,6810300
20151120,11.6700,11.7900,11.6000,11.7700,7611100
20151123,11.6500,11.7600,11.6100,11.6800,5793500
20151124,11.6600,11.7000,11.5400,11.5700,6624000
20151125,11.6600,11.7500,11.6100,11.7000,4402800
20151127,11.7600,11.7600,11.6000,11.6600,4225000
20151130,11.6900,11.7900,11.6200,11.7600,8485000
20151201,11.8000,11.8500,11.6600,11.7500,7448900
20151202,11.6700,11.8700,11.6600,11.8500,7848600
20151203,11.4300,11.8000,11.3900,11.7000,10719100
20151204,11.7500,11.7800,11.4300,11.5100,15299300
20151207,11.5600,11.7500,11.5200,11.6900,12361800
20151208,11.2300,11.5100,11.2000,11.4700,14829300
20151209,11.0600,11.3300,10.9800,11.2100,11645800
20151210,11.0900,11.2200,10.9100,10.9400,12857500
20151211,10.8200,11.0700,10.7600,10.9600,10566700
20151214,10.8400,10.9600,10.6800,10.8800,13299700
20151215,11.2300,11.2900,10.9700,11.0100,11043900
20151216,11.3300,11.3900,11.0600,11.3000,12701100
20151217,11.1200,11.3600,11.1100,11.3200,10936000
20151218,10.8200,11.0900,10.8200,11.0800,25292000
20151221,10.8500,11.0000,10.7600,10.9400,7718600
20151222,10.9900,11.0200,10.7800,10.9800,7280400
20151223,11.1500,11.1500,11.0000,11.0300,4773000
20151224,11.2100,11.2800,11.0600,11.1700,3705800
20151228,11.1500,11.1800,10.9900,11.1300,6511500
20151229,11.3000,11.3300,11.1200,11.1200,4702700
20151230,11.1700,11.3400,11.1500,11.2400,4590500
20151231,11.0600,11.1900,11.0200,11.0900,5767700
20160104,10.7000,10.8100,10.5800,10.7600,14209900
20160105,10.7200,10.8100,10.6500,10.7600,9529200
20160106,10.5500,10.6500,10.4800,10.5100,7561600
20160107,10.2300,10.4400,10.1800,10.3200,13056000
20160108,10.0500,10.4000,10.0200,10.4000,12049200
20160111,10.1000,10.1900,9.9800,10.1400,12756200
20160112,10.1800,10.2100,9.9700,10.1800,11974700
20160113,9.7500,10.2500,9.7200,10.2200,15425600
20160114,9.8500,9.9200,9.5500,9.8200,13622400
20160115,9.5800,9.6100,9.3800,9.5500,14389000
20160119,9.4800,9.7800,9.4200,9.7800,10383500
20160120,9.2600,9.3200,9.0200,9.2600,25958500
20160121,9.0000,9.3700,8.5700,8.7400,21720100
20160122,9.1500,9.2300,9.0600,9.0900,12855800
20160125,8.8000,9.1500,8.7900,9.0900,71293800
20160126,8.0500,8.3800,7.8300,8.2300,88356096
20160127,8.2600,8.5000,8.0400,8.1100,37448900
20160128,8.4800,8.5400,8.2800,8.3500,27980100
20160129,8.5800,8.5800,8.4200,8.5000,16369200
20160201,8.6400,8.7300,8.4600,8.5600,18784500
20160202,8.4100,8.5400,8.3500,8.5400,21717900
20160203,8.5200,8.5700,8.1200,8.4600,22003800
20160204,8.6700,8.7900,8.4800,8.4800,20033700
20160205,8.5800,8.8000,8.5300,8.6900,15985600
20160208,8.4100,8.5200,8.2500,8.5000,13434500
20160209,8.4500,8.5500,8.2700,8.2900,16447500
20160210,8.3700,8.6000,8.3300,8.5200,12602000
20160211,8.0100,8.1800,7.9500,8.1800,18762400
20160212,8.4400,8.5100,8.1600,8.1600,13330900
20160216,8.7400,8.8800,8.4900,8.6000,15702600
20160217,8.7700,8.9900,8.7200,8.8900,12723700
20160218,8.5200,8.8200,8.4100,8.7800,23689100
20160219,8.6700,8.6800,8.4100,8.4800,14307400
20160222,8.8400,8.8600,8.7200,8.7600,10291900
20160223,8.6100,8.8900,8.5500,8.8700,8187300
20160224,8.5400,8.6100,8.3700,8.4500,20932500
20160225,8.6400,8.6800,8.5300,8.5900,13806600
20160226,8.9500,8.9900,8.7100,8.7100,14643400
20160229,8.7500,8.9200,8.6900,8.8700,14167300
20160301,9.1800,9.2000,8.8000,8.8500,14364200
20160302,9.2900,9.3300,9.1600,9.1600,15788100
20160303,9.6000,9.6300,9.2900,9.3300,18045100
20160304,9.6700,9.7700,9.5800,9.6300,13057800
20160307,9.5800,9.7100,9.5500,9.5700,9095900
20160308,9.3500,9.5600,9.2900,9.4500,10898700
20160309,9.3400,9.4700,9.3000,9.4400,12721900
20160310,9.5400,9.6200,9.3000,9.4500,14057400
20160311,9.8200,9.8300,9.5800,9.6400,13975900
20160314,9.7400,9.8600,9.6600,9.8100,8847300
20160315,9.6600,9.7100,9.5800,9.6000,8134100
20160316,9.4800,9.7300,9.4000,9.5900,10682600
20160317,9.5500,9.5900,9.3100,9.4700,12778700
20160318,9.6700,9.8200,9.5200,9.6000,14788500
20160321,9.6900,9.7900,9.6000,9.6500,10842600
20160322,9.7000,9.8100,9.5500,9.6100,9899100
20160323,9.6300,9.7200,9.6000,9.6800,9914200
20160324,9.5900,9.6100,9.4300,9.5300,7319900
20160328,9.5300,9.6600,9.4800,9.6000,9114800
20160329,9.5300,9.5400,9.3500,9.4800,12662400
20160330,9.5900,9.7000,9.5000,9.5800,9830700
20160331,9.5400,9.6400,9.4400,9.5600,12330200
20160401,9.5600,9.5600,9.3800,9.5100,11356200
20160404,9.5100,9.6100,9.4600,9.6000,11037000
20160405,9.4100,9.5400,9.3500,9.3800,14761500
20160406,9.5400,9.5500,9.3400,9.5100,13336000
20160407,9.3000,9.5300,9.2200,9.4800,15524200
20160408,9.3300,9.5000,9.2800,9.3700,8118400
20160411,9.3800,9.5200,9.3400,9.3400,11713300
20160412,9.5700,9.6000,9.3700,9.4200,10777300
20160413,9.9000,9.9400,9.6200,9.6700,12253900
20160414,9.9900,10.1100,9.8700,9.8800,11266500
20160415,9.9300,10.0300,9.8600,10.0100,8912200
20160418,9.9600,10.0400,9.8300,9.8600,8265500
20160419,10.1100,10.1400,9.9600,9.9800,10977200
20160420,10.2800,10.3500,10.0100,10.0800,16621500
20160421,10.2200,10.3600,10.1500,10.2100,7863800
20160422,10.2500,10.3300,10.1600,10.2500,12745600
20160425,10.1600,10.2400,10.0300,10.2200,10935800
20160426,10.2600,10.3300,10.1000,10.2100,9072300
20160427,10.2700,10.3400,10.1700,10.2200,8022500
20160428,10.1200,10.2800,10.0800,10.2100,7755000
20160429,10.0600,10.1300,9.9700,10.0600,16755900
20160502,10.1900,10.2100,10.0000,10.1400,9808200
20160503,10.0100,10.1100,9.8900,10.0200,8773200
20160504,9.8600,10.0000,9.7400,9.9000,14180200
20160505,9.8700,9.9700,9.7900,9.8700,9908200
20160506,9.8800,9.9000,9.7700,9.7900,12827200
20160509,9.7900,9.9400,9.7400,9.8800,8158700
20160510,9.9900,10.0100,9.8500,9.8900,5963300
20160511,9.9700,10.0900,9.9400,9.9500,6779300
20160512,9.8900,10.1100,9.8400,10.0000,8609000
20160513,9.6700,10.0000,9.6200,9.8700,10116400
20160516,9.7800,9.8200,9.6400,9.7000,6317100
20160517,9.7700,9.9000,9.6700,9.7400,10896600
20160518,10.2900,10.3000,9.7400,9.7500,15573200
20160519,10.2200,10.3400,10.0700,10.2200,10944700
20160520,10.2300,10.3800,10.2000,10.2500,8453500
20160523,10.2000,10.2800,10.1200,10.2400,6663600
20160524,10.3800,10.4200,10.2400,10.2600,7458100
20160525,10.6200,10.6400,10.3800,10.4100,9380800
20160526,10.4600,10.6300,10.4000,10.5000,8488700
20160527,10.5800,10.5800,10.4200,10.5000,6890300
