20150529,81.8300,82.3900,81.1700,81.5300,3423100
20150601,82.3900,82.6900,81.2200,82.3900,3199400
20150602,81.5500,82.2500,81.1200,81.9600,2311900
20150603,81.0900,82.0100,80.9700,81.9100,2241200
20150604,80.4800,81.1800,80.4000,80.8100,2062500
20150605,81.2800,81.4200,80.3900,80.8000,2831600
20150608,80.2500,81.4700,80.2500,81.1400,2209100
20150609,81.3200,81.5100,80.3000,80.3400,2370700
20150610,83.0900,83.3100,81.5000,81.7100,4702900
20150611,83.6200,84.1100,82.6200,82.8300,3774400
20150612,82.4600,84.1600,82.4300,83.2900,2377300
20150615,83.8300,84.0300,81.6700,81.6700,2623100
20150616,83.0200,84.1300,82.5600,83.3800,2266900
20150617,84.1200,84.5800,82.7200,83.1500,3279100
20150618,83.6000,84.3400,82.7200,84.0400,2899700
20150619,84.4000,85.0600,83.6500,83.7100,3851600
20150622,84.5100,85.4800,84.1500,84.6600,2136600
20150623,83.9600,85.2100,83.9300,84.6900,2180400
20150624,83.3700,84.1000,82.6000,84.0000,2795600
20150625,90.7200,92.6300,83.7400,84.0200,15829700
20150626,91.8400,92.6300,91.2700,92.4400,10373600
20150629,90.6100,93.0900,90.4000,91.0200,5274700
20150630,90.7200,91.5800,90.3100,91.5800,4654600
20150701,90.8700,91.4000,90.4100,91.2000,4136600
20150702,90.5000,91.6000,90.4300,91.0000,2785400
20150706,92.1000,92.6600,90.0100,90.0500,4272800
20150707,92.4500,92.9900,90.6400,92.2800,4289000
20150708,91.0400,92.5500,90.9300,91.9400,2912000
20150709,91.6400,92.1800,91.1400,91.4300,4195400
20150710,92.9700,93.2400,91.8800,92.5100,2709300
20150713,94.8100,94.9500,93.3600,93.8400,3802700
20150714,94.7200,95.4900,94.3700,94.4500,3691000
20150715,94.1200,95.1800,93.3700,94.8900,2676600
20150716,93.7400,93.9900,91.9000,93.7400,4567300
20150717,93.2400,94.6700,92.4900,93.6300,3670700
20150720,93.1700,93.8900,92.8200,93.6800,1907500
20150721,92.2800,93.3400,91.6400,93.0100,1897200
20150722,93.2700,93.7600,91.9300,92.0700,2073200
20150723,93.3200,94.4400,93.0200,93.4400,1451300
20150724,92.8300,93.3900,92.2100,92.9700,1765900
20150727,92.0300,92.6200,91.3800,92.6000,1525800
20150728,92.2900,92.6600,90.9300,92.2000,2124300
20150729,93.5600,94.1600,92.1300,92.5000,2167900
20150730,92.9600,93.5900,92.0900,93.3000,1614300
20150731,93.0100,94.3100,92.7800,93.6500,1800400
20150803,92.8800,94.1700,92.4400,92.8800,1616400
20150804,94.0400,94.4100,93.2100,93.7000,1749300
20150805,92.2600,94.1500,87.2800,93.7300,6346800
20150806,91.3800,93.0500,90.7300,90.7800,2616000
20150807,91.4600,92.3800,90.6500,91.8000,1988100
20150810,91.4300,92.9900,91.0800,91.8800,1637100
20150811,90.4600,91.2700,89.0800,90.6900,2277000
20150812,90.8800,91.3000,88.3000,89.4600,1923400
20150813,90.8500,91.8900,90.4600,91.1100,1247100
20150814,91.4000,91.8600,90.9000,91.2200,1875800
20150817,91.3200,91.5200,89.7600,90.8100,2850700
20150818,90.4800,91.5800,90.3200,91.3500,1913700
20150819,89.8200,90.5400,89.2700,90.2600,2711400
20150820,87.0500,89.2500,87.0100,89.2500,2861500
20150821,86.2500,87.0000,84.1000,86.2100,6136800
20150824,84.3100,85.9700,43.9100,81.5400,5482700
20150825,83.1100,86.6100,83.0800,85.9000,4093200
20150826,86.9500,87.0900,83.8300,84.7000,4152900
20150827,88.8400,89.8400,86.7600,87.4800,3115500
20150828,88.8200,89.2300,87.9400,88.4800,2195200
20150831,86.6200,89.6100,86.1300,89.0000,2650400
20150901,84.3200,85.7700,83.6000,84.8900,2491000
20150902,85.4700,85.5000,83.7400,85.2500,2589900
20150903,86.4000,88.1800,85.7400,86.1700,2372200
20150904,85.4100,86.2500,84.4500,85.2600,1721100
20150908,87.4200,87.9000,86.4100,87.0400,1986900
20150909,85.9700,88.4600,85.7600,88.4400,1919000
20150910,85.2800,86.4500,84.8500,85.8000,2983300
20150911,84.6900,85.9500,84.4000,85.0100,3278800
20150914,84.9800,86.0900,84.6400,85.0600,2719900
20150915,85.8400,86.2000,84.4600,85.1100,1854300
20150916,85.2000,85.7200,84.0900,85.5900,3077300
20150917,86.0200,87.0500,84.3900,85.5200,3211200
20150918,82.4800,86.0400,82.4700,84.9600,9059000
20150921,82.2400,84.0400,81.2100,83.3500,3445000
20150922,82.7000,83.0000,81.0200,81.5800,3075900
20150923,84.1600,84.6400,82.1400,82.7100,3223700
20150924,81.9000,83.6800,81.6700,83.4200,2766600
20150925,79.4500,82.9900,79.2600,82.5800,3997800
20150928,74.0300,78.9600,72.7900,78.9600,8229300
20150929,74.0800,74.7500,71.3400,74.0500,7131900
20150930,77.3600,77.9800,74.5000,75.0000,5821000
20151001,77.0900,78.3300,75.5500,77.3200,3605500
20151002,77.8900,77.9100,74.7600,75.7800,3898400
20151005,78.8500,81.3900,77.9100,78.6700,4077000
20151006,77.2000,79.3100,76.0600,78.9500,3837500
20151007,77.5500,77.8500,75.4500,77.3200,4021800
20151008,76.6600,77.3400,74.7700,76.9500,3380300
20151009,77.9100,78.3000,75.9500,76.6600,2972700
20151012,77.7900,78.3700,76.7800,77.5300,2242000
20151013,75.8600,78.4800,75.7000,77.3200,4023300
20151014,76.0200,77.1400,75.3900,76.1100,3887200
20151015,72.2100,72.5800,68.1300,69.5000,15350400
20151016,72.9500,74.5700,72.1000,72.5100,5777300
20151019,73.5100,73.9300,72.1300,72.9200,3914500
20151020,72.4200,74.1500,71.8500,73.4900,4297800
20151021,71.2000,72.9600,69.7800,72.9100,4185200
20151022,66.0800,69.0100,64.0400,65.7900,14727000
20151023,68.9800,69.6700,66.4000,67.0000,6580500
20151026,69.0800,70.5400,68.3900,68.5400,5958000
20151027,68.8000,70.9400,68.3600,69.6400,7370800
20151028,68.9800,69.6400,67.0500,68.7400,7227900
20151029,67.7000,69.6500,67.6700,69.0000,4608200
20151030,68.7900,69.8600,68.0100,68.3900,6279300
20151102,69.7500,70.0500,68.7900,68.9600,3384900
20151103,68.8000,69.7900,68.1600,69.3500,3473800
20151104,68.6700,69.4900,68.1500,68.9800,3094100
20151105,68.5900,68.9800,67.2700,68.6700,5229900
20151106,69.9700,70.4600,68.4600,68.4600,4766300
20151109,69.9800,70.0900,68.7900,69.5900,3626800
20151110,70.0800,70.6000,69.4100,69.8400,3636600
20151111,67.6600,70.3200,67.5200,70.3200,3384100
20151112,65.1100,67.7900,65.0200,67.4800,6039200
20151113,66.4500,67.1400,64.6700,65.1600,3767100
20151116,67.2000,67.3100,65.9500,66.3100,3976700
20151117,69.2500,69.5800,66.7400,67.1300,4199800
20151118,70.2100,70.7200,69.0300,69.3000,3915900
20151119,65.3900,69.0900,65.0900,68.9700,8715600
20151120,67.4200,67.7800,65.7400,66.0300,4827100
20151123,67.3600,68.2000,66.0300,66.4300,3264700
20151124,68.9900,69.1100,66.7900,67.0900,2723700
20151125,68.9600,69.6000,68.6000,68.9900,3313500
20151127,69.4500,69.9700,68.9100,69.2000,955900
20151130,68.0600,69.7100,68.0200,69.5100,3925900
20151201,71.1600,71.6300,68.3300,68.7700,4124100
20151202,70.0100,72.3000,69.7500,71.0100,4662500
20151203,67.3800,70.5600,66.8200,70.0200,4258000
20151204,67.2500,68.4300,67.0100,67.7200,4038700
20151207,66.4200,67.3100,65.8300,67.2800,3503900
20151208,67.2500,67.6300,65.3900,66.1300,2940100
20151209,67.3800,68.9800,66.7800,66.9700,3794300
20151210,68.4300,69.0900,67.3800,67.4400,2812500
20151211,66.3000,68.1400,65.8900,67.6300,2974900
20151214,65.4600,66.9300,63.3200,66.4300,4924800
20151215,65.6600,67.0500,65.4300,65.9700,2793600
20151216,65.4600,67.4900,64.2800,66.4900,4882100
20151217,64.7400,66.1000,64.4200,64.4200,4842100
20151218,64.4700,65.6000,64.1800,64.3100,5548800
20151221,67.6100,67.6800,64.8500,64.9900,4809600
20151222,66.8600,68.2400,66.4500,67.6800,2946200
20151223,69.5400,69.7900,67.3000,67.3200,3431200
20151224,68.9200,70.0000,68.6200,69.2100,911500
20151228,68.0400,68.9500,67.6200,68.7900,1660400
20151229,68.9900,69.3300,68.2400,68.3400,1702400
20151230,68.4400,69.6000,68.2200,68.8100,1847500
20151231,67.6300,68.8600,67.6000,67.9500,2320200
20160104,66.2900,66.3600,65.0700,65.6900,4068200
20160105,66.4400,67.0000,65.7900,66.5600,4366800
20160106,65.9800,66.5300,65.1400,65.4900,4443700
20160107,64.2900,65.5100,63.6000,65.1400,4071700
20160108,64.2700,65.5500,63.6300,64.4800,3866800
20160111,67.8300,69.4600,67.3500,68.7000,8485900
20160112,66.6500,69.0100,65.5100,68.5100,5274700
20160113,64.9500,68.0200,63.6000,66.6000,6612800
20160114,65.1200,66.4700,64.5400,65.0600,5089300
20160115,64.2700,65.3700,63.0900,63.7000,6356500
20160119,63.4700,65.5300,62.4700,64.9400,4741300
20160120,62.8300,63.5400,60.0700,62.4400,4933500
20160121,64.0300,65.3900,62.3700,62.9900,3591500
20160122,65.8200,66.9600,64.6800,64.8200,4278400
20160125,65.5800,66.4700,65.3500,65.7500,2193500
20160126,66.9600,67.3500,65.3900,65.7200,2503200
20160127,67.4700,68.6600,66.9300,66.9400,4727600
20160128,67.5100,70.3900,66.3100,68.7900,5490400
20160129,69.5800,71.2700,67.7500,68.0000,7218000
20160201,71.0200,71.5100,69.1800,69.4500,5208100
20160202,71.9600,72.4500,69.8800,70.5500,4490100
20160203,70.2000,72.7100,68.6000,72.5800,4981900
20160204,70.1300,70.8900,69.0300,70.2000,3241200
20160205,69.1900,71.2000,68.8000,70.1300,3465100
20160208,66.7700,68.4300,66.1200,68.3600,3693400
20160209,66.5000,67.2400,65.7700,65.9400,3168200
20160210,67.3000,68.5100,66.7100,66.7700,2468500
20160211,64.2500,67.2800,64.1100,66.1100,4256800
20160212,66.0100,66.1100,64.2300,64.5000,3077300
20160216,65.6000,65.6900,63.8700,64.0600,4123800
20160217,67.0500,67.6500,65.6000,66.2000,3140300
20160218,67.5200,68.2200,66.9100,67.4000,3089200
20160219,67.6200,68.0200,66.0300,67.4800,3912400
20160222,69.9500,70.1800,68.0000,68.0900,3407000
20160223,69.8400,70.4800,69.0100,69.7000,3329200
20160224,70.1400,70.4000,68.6700,69.3500,2275500
20160225,70.0000,70.8100,69.0800,70.4300,2847600
20160226,70.4400,71.8200,69.8800,70.2000,3870800
20160229,69.2100,70.5400,69.1900,70.2800,3579300
20160301,70.7900,70.9400,69.4800,69.6700,3358100
20160302,71.3000,71.5000,69.9400,70.5300,2078200
20160303,72.9300,73.0000,71.1100,71.2300,3442500
20160304,73.0000,74.2100,72.4600,72.9600,3851300
20160307,72.9400,73.4000,72.0200,72.5100,2472900
20160308,71.4900,72.8600,71.2500,72.2500,2683100
20160309,72.2600,72.3700,71.0300,71.8500,3270700
20160310,72.2000,73.7200,71.7800,72.6000,2364500
20160311,74.9500,75.0600,72.7900,72.9000,3764100
20160314,74.7200,75.9500,74.1300,75.9200,2558300
20160315,73.1700,74.5200,72.9000,74.0800,1598900
20160316,74.4900,74.7700,72.9800,72.9900,1993000
20160317,73.7200,74.5800,72.8000,74.3600,2572100
20160318,75.4600,76.2300,73.7600,73.9400,5385200
20160321,75.5200,76.6100,74.9300,75.2500,2552500
20160322,77.1600,78.0000,75.0300,75.1200,3083700
20160323,76.9500,78.6700,76.8300,77.2700,2662400
20160324,76.3700,76.9900,75.3300,76.1900,3617900
20160328,76.4400,77.2000,75.9600,76.5600,1379900
20160329,77.5600,77.6100,76.0000,76.0500,2211100
20160330,78.1000,79.0000,77.1500,78.0000,2157300
20160331,78.0500,78.7000,77.8400,77.9200,2312100
20160401,79.2000,79.3600,77.1100,77.8200,2487400
20160404,78.7300,79.3500,78.2100,79.2500,2075300
20160405,78.2400,78.6700,77.6700,78.0800,3204500
20160406,79.1000,79.1800,77.9200,78.2000,2796700
20160407,78.8400,79.3100,78.0600,78.4900,3592100
20160408,79.1400,80.2200,78.7700,79.4500,3108000
20160411,79.5700,80.0500,79.0900,79.3200,2409100
20160412,79.7800,80.0300,79.2800,79.2800,3206800
20160413,80.6000,81.0000,79.9700,80.5000,2937100
20160414,80.7200,81.0000,80.2400,80.7900,2818800
20160415,80.3300,80.9300,78.5800,80.7200,3752200
20160418,80.8800,81.0100,79.1000,80.2300,3819200
20160419,79.7800,81.4500,79.2500,81.1200,5151800
20160420,80.1100,81.0600,78.0600,79.4300,4619400
20160421,80.2200,81.0900,80.0100,80.3900,3322000
20160422,80.9100,81.4300,80.4400,80.4400,2705400
20160425,80.1200,80.9400,79.4500,80.7300,2036300
20160426,81.1800,81.5400,80.1300,80.6200,2684300
20160427,81.7800,82.0000,80.6500,81.2000,2636900
20160428,81.9600,83.6900,81.5100,81.5600,3924200
20160429,80.6200,81.5200,79.3000,81.4700,3268800
20160502,81.2100,81.2400,79.4300,80.6000,3579300
20160503,79.0600,79.6200,76.8300,79.5100,5884100
20160504,79.8000,80.4000,78.5600,78.6700,3821700
20160505,80.6100,80.9600,79.9000,79.9900,2327600
20160506,80.9000,82.0000,80.1100,80.2900,4875100
20160509,80.9800,81.3200,80.5900,81.0000,2495100
20160510,80.9300,81.0700,80.1300,81.0600,2078900
20160511,80.2500,81.4700,80.2400,80.9000,1768200
20160512,77.6900,80.8500,77.4300,80.6000,4136500
20160513,77.9200,78.5700,77.4500,77.8600,2206500
20160516,77.8100,78.5000,77.1700,78.0200,2651100
20160517,77.2700,78.4600,76.7700,77.8700,3464800
20160518,76.5800,77.4200,76.2900,77.2700,2355500
20160519,76.7200,77.1500,75.6900,76.0700,2394300
20160520,77.1200,77.9900,76.7900,77.2400,1891800
20160523,76.2200,77.0900,75.9600,76.7900,2100800
20160524,77.5600,77.9500,76.0300,76.2000,2445900
20160525,77.7300,78.4800,77.6100,77.6100,2230200
20160526,77.2000,77.8800,76.8900,77.7500,1354000
20160527,77.3600,78.2400,77.1900,77.2900,1332500
