20150529,70.2600,71.0300,70.0000,70.9000,3784800
20150601,71.1400,71.4700,70.2600,70.4200,1932600
20150602,70.5300,70.9200,70.2100,70.8900,2206700
20150603,69.2900,70.4500,69.2200,70.3100,2643800
20150604,69.6200,70.1900,68.6500,69.0900,4032100
20150605,67.8100,68.8900,67.7700,68.6300,2935500
20150608,68.3800,68.8900,67.6100,67.8700,2087500
20150609,67.8100,68.5400,67.6900,68.3100,1444200
20150610,68.3100,68.8700,67.6200,67.7700,1566000
20150611,68.4300,68.8700,68.3000,68.7200,2004100
20150612,67.9600,68.7300,67.9000,68.3400,1563300
20150615,67.5200,67.9500,67.3700,67.8300,1932500
20150616,68.0000,68.3900,67.4800,67.6100,2024300
20150617,68.2300,68.3500,67.3200,68.0400,3059900
20150618,68.8800,69.5300,68.2300,68.5100,2374300
20150619,68.7400,69.2600,68.2300,68.8900,3196900
20150622,67.5500,69.0400,67.4800,69.0400,1944100
20150623,67.0300,67.8800,66.6500,67.4100,1661500
20150624,66.5200,67.4100,66.4100,67.1300,3234900
20150625,65.9800,66.7400,65.9200,66.5100,2636800
20150626,66.3800,66.6300,65.7000,66.0400,2027400
20150629,65.7600,67.2200,65.7200,66.3800,2430600
20150630,65.6300,66.4200,65.4800,66.3500,2496500
20150701,66.3500,66.3700,65.3700,66.0000,3443600
20150702,66.2300,67.6300,66.0900,66.8800,2309400
20150706,66.6000,66.6600,65.8800,65.8800,1720800
20150707,68.3000,68.4000,66.6900,66.9800,2323200
20150708,68.7000,69.0700,67.6500,68.0700,2689700
20150709,68.3400,69.4400,68.2400,69.1400,2270700
20150710,68.7500,69.4700,68.2800,68.8000,1835400
20150713,68.4600,69.5300,67.9500,69.2100,1907300
20150714,68.1300,68.7600,68.0600,68.7100,1448400
20150715,67.5300,68.2500,67.3800,68.1300,3136900
20150716,67.5300,68.0000,67.0700,67.7000,2798800
20150717,67.3000,67.6400,66.9800,67.5500,1744100
20150720,67.3300,67.4300,66.8000,67.2600,1548300
20150721,67.1000,67.5500,66.9500,67.2700,1914100
20150722,67.6600,67.8000,67.0200,67.0600,1570000
20150723,67.0300,67.7300,66.6000,67.5000,1418500
20150724,67.8200,68.0900,66.8000,66.9000,1561100
20150727,68.6900,68.8000,67.7600,67.8200,2507000
20150728,68.6500,69.0900,68.4000,68.7100,2048700
20150729,69.3100,69.4800,68.0100,68.5400,2050400
20150730,68.8100,69.5700,68.5600,69.1300,1631600
20150731,69.3700,70.1900,69.2100,69.4600,1792100
20150803,69.8300,69.8400,69.2600,69.3100,2177800
20150804,69.2100,70.2200,69.0000,69.2200,2544800
20150805,68.5500,69.9400,68.1100,69.4600,2923400
20150806,68.4900,68.6000,66.9700,68.5100,2968600
20150807,68.0000,68.2800,66.8300,67.6700,2017700
20150810,67.3700,68.2400,67.0900,68.1200,1723800
20150811,67.8100,68.6100,67.4100,67.4500,1857300
20150812,68.2000,68.2200,67.0800,67.7500,5850300
20150813,67.8500,68.2600,66.9200,67.6800,2385400
20150814,67.9300,68.1600,67.2600,67.6400,2342300
20150817,69.3500,69.4000,68.0200,68.0500,3302300
20150818,69.3300,69.6000,69.0900,69.3100,1700900
20150819,69.0600,69.3900,68.5400,68.9100,1706200
20150820,69.3700,69.6600,68.3400,68.7800,2341500
20150821,68.4200,69.7700,68.4200,69.2900,2857300
20150824,65.7600,66.8900,65.6100,66.3100,5944700
20150825,63.2900,66.9600,63.2400,66.5900,3320000
20150826,64.4200,64.5300,62.9900,64.2000,3289100
20150827,65.3200,66.1300,64.1500,65.2700,2861000
20150828,65.0800,65.5000,64.5700,65.3700,1916500
20150831,63.3500,65.0000,63.3000,64.9900,2826100
20150901,62.3900,62.8400,61.9000,62.5800,2545700
20150902,63.2200,63.5400,62.4800,63.0900,2326800
20150903,62.8600,63.5000,62.6900,63.4000,1631000
20150904,61.4200,62.5500,61.0000,62.3600,1720200
20150908,62.5800,62.7500,61.8700,62.2000,2307500
20150909,61.9100,63.1800,61.8000,62.9800,2321100
20150910,61.8500,62.7000,61.6400,61.8500,1754200
20150911,62.8100,62.8300,61.6000,61.7400,1331400
20150914,63.3500,63.3900,62.6100,63.0700,2074400
20150915,63.8000,64.1600,62.8500,63.3600,1541700
20150916,64.4800,64.7100,63.6600,63.6600,1214200
20150917,66.1800,67.5000,64.0900,64.4700,2921400
20150918,67.3600,68.3800,65.1500,65.2100,5513600
20150921,67.7300,68.1000,67.1500,67.4300,2252000
20150922,67.5400,67.9700,67.2200,67.2900,2145700
20150923,68.1600,68.4300,67.2400,67.5000,1817900
20150924,67.9100,68.4800,67.5100,68.0600,2306800
20150925,67.6500,68.4000,67.5100,67.9800,2243200
20150928,66.1100,67.5000,65.7200,67.4700,2327600
20150929,67.3300,67.4900,65.7800,66.0600,2814700
20150930,67.7200,68.4600,67.2300,67.6900,2077400
20151001,67.7000,68.1500,66.9600,68.0000,1832200
20151002,68.2300,68.2300,67.0300,67.3400,1878800
20151005,69.2100,69.2500,68.1500,68.4400,2131900
20151006,69.1000,69.3800,68.6900,69.1900,1477100
20151007,69.6200,69.6400,68.5400,69.0700,2024000
20151008,69.6600,69.8200,68.8400,69.6200,2014400
20151009,69.2600,69.7000,69.0100,69.5300,1496700
20151012,69.0500,69.6800,68.7500,69.2600,1669600
20151013,68.9800,69.3800,68.4500,68.4500,1331400
20151014,67.6800,69.2600,67.4900,69.0100,1857800
20151015,68.3600,68.3900,67.5300,67.6800,1707900
20151016,69.3000,69.4100,67.3300,67.6500,1595700
20151019,70.1400,70.1700,69.1200,69.2500,1461300
20151020,69.7000,70.1600,69.2800,69.8700,1392200
20151021,70.5500,70.8600,69.7400,69.9400,1527500
20151022,70.9100,71.2500,70.2800,70.7900,2271900
20151023,68.4800,70.9400,68.0000,70.6200,2906900
20151026,67.8300,68.4700,66.5000,68.2300,3147300
20151027,68.0700,68.1400,67.1000,67.7200,1945800
20151028,66.8200,68.2800,66.2700,68.1800,3092400
20151029,66.9500,67.0700,66.2500,66.5400,2899400
20151030,64.8700,67.7500,64.0500,66.7600,4094900
20151102,65.8600,65.8600,64.4500,64.7400,2987800
20151103,64.8000,66.1400,64.4400,65.7800,2836600
20151104,64.7700,65.1100,64.5700,64.8800,2239000
20151105,64.9200,65.0300,64.1400,64.6300,2910900
20151106,61.0200,64.3900,60.5300,63.7000,4082100
20151109,59.0100,61.0300,58.6100,60.7500,4334000
20151110,59.4000,60.0700,58.8500,59.1800,3335400
20151111,59.0100,59.8400,58.9600,59.6300,1674300
20151112,59.3900,59.8300,58.3700,59.0100,3508800
20151113,58.2100,60.1700,58.1900,59.6700,3097400
20151116,59.1300,59.5400,58.2000,58.2100,2707600
20151117,58.8500,59.4600,58.2100,58.2100,2178100
20151118,59.5700,59.6300,58.6600,59.1400,2080300
20151119,60.5500,60.7800,59.6800,59.7700,3078700
20151120,61.6700,61.7500,60.6000,60.9400,3401600
20151123,62.2500,62.7500,61.8600,62.2900,3119500
20151124,62.2700,62.5800,61.8900,62.0800,3015500
20151125,62.4600,62.7400,62.1100,62.3400,1740700
20151127,63.1900,63.3900,62.3700,62.4300,1005000
20151130,63.1900,64.0600,62.7900,63.1800,5552900
20151201,64.8100,64.8200,63.6500,63.6500,3109000
20151202,63.4500,64.9800,63.3300,64.5100,2843300
20151203,62.7100,63.3700,62.2800,63.0200,3332600
20151204,63.6500,63.7700,62.7800,63.0600,2624500
20151207,64.1500,64.5600,63.3800,63.6700,2449800
20151208,64.3800,64.9800,64.0000,64.2500,2345400
20151209,64.1700,64.7100,63.5500,63.9300,1924000
20151210,62.8100,64.2200,62.7500,64.0800,3245100
20151211,63.2100,63.7000,62.5000,62.5000,2610000
20151214,63.5400,63.6400,62.7600,62.9900,2277600
20151215,64.6100,64.8900,64.0400,64.0700,2473000
20151216,66.2400,66.4700,64.7500,64.7800,2492400
20151217,66.0100,66.2400,65.5800,65.9700,2399200
20151218,65.2500,66.2600,64.9800,66.0100,4534700
20151221,65.4600,66.1300,65.0600,65.9300,1528300
20151222,66.1600,66.5400,65.5100,65.7300,1678800
20151223,67.0300,67.0700,66.1100,66.1900,1782200
20151224,67.0300,67.2400,66.6000,67.0700,637200
20151228,67.5200,67.5200,66.6600,66.9900,1167100
20151229,68.5100,68.5600,67.5300,67.7200,1910100
20151230,68.3200,68.7600,68.1100,68.4400,996300
20151231,68.0300,68.5100,67.6500,68.2800,1461800
20160104,68.3900,68.4600,67.1100,67.7700,2434100
20160105,70.0900,70.4500,68.1500,68.5000,3346500
20160106,69.9400,70.1600,69.3000,69.5000,2591900
20160107,67.9400,69.8700,67.6000,69.2400,4418400
20160108,68.0900,68.7100,67.9500,68.1600,2299100
20160111,68.5500,69.2200,68.2000,68.4100,2608400
20160112,68.0300,68.9600,67.7000,68.8300,2304100
20160113,66.5800,68.5200,66.2500,68.0700,3166200
20160114,66.3900,67.0200,65.9100,66.3800,3193400
20160115,66.3200,66.5300,65.2200,65.5300,2778800
20160119,67.7700,68.4400,66.6300,66.9700,2365700
20160120,64.5100,67.6500,63.7000,67.2600,3225900
20160121,65.4800,66.4900,64.0900,65.1500,2225700
20160122,67.7500,68.2900,66.0000,66.1300,1924600
20160125,66.7500,68.4400,66.6400,67.6800,1895200
20160126,66.0000,67.9200,65.6700,67.0300,4865200
20160127,61.6000,65.3600,60.7300,65.2100,6630700
20160128,60.4300,62.0500,60.3300,61.4000,4976100
20160129,62.2200,62.2300,60.5300,61.2800,4401500
20160201,62.8300,63.3100,61.5500,61.9000,2337000
20160202,61.8100,62.8600,61.7400,62.8300,3260000
20160203,63.6600,63.7100,62.0600,62.3300,2528500
20160204,63.6900,63.9100,62.8300,63.4600,2400300
20160205,63.1200,63.2300,61.9300,62.7000,3272100
20160208,60.5800,63.2300,59.1600,63.0000,3618900
20160209,55.7400,59.9300,54.4100,59.8800,7557500
20160210,55.7100,56.4700,55.6100,55.9800,2671200
20160211,53.6800,55.2300,52.8000,54.6800,5659600
20160212,54.4000,55.3400,53.5000,54.3000,3965600
20160216,55.9600,55.9800,54.3800,55.0600,3655500
20160217,56.5300,56.9700,55.4800,56.0500,5821100
20160218,58.6800,59.4400,56.1200,57.0000,3848400
20160219,59.2000,60.0500,57.8600,58.4400,3924500
20160222,60.3300,60.3800,59.1600,59.5300,2652700
20160223,60.6700,61.9300,60.0100,60.1500,2796700
20160224,61.5400,61.6500,60.1200,60.3800,2638900
20160225,62.6700,62.7100,61.5500,61.8500,2582900
20160226,63.5000,63.6900,62.4600,62.6200,2355300
20160229,63.7800,64.4000,63.3800,63.4800,3214000
20160301,65.9800,66.0000,64.0000,64.1500,2401000
20160302,66.9300,66.9300,65.6300,65.9800,1878800
20160303,65.9900,67.2700,65.0500,67.0100,3247600
20160304,66.1900,66.4200,65.4200,65.9900,1936900
20160307,66.8700,67.1600,65.4300,65.7500,1712400
20160308,65.8600,67.0300,65.6500,66.7000,2232100
20160309,66.5000,66.8500,65.8500,66.0100,1699700
20160310,65.1300,66.4200,64.3100,66.0000,3300500
20160311,66.5500,66.6700,65.6200,65.6400,3946900
20160314,66.5300,66.6100,65.6400,66.3800,1974600
20160315,65.7500,66.4700,64.7600,66.2800,2016500
20160316,66.5500,66.8100,64.8300,65.5500,2416300
20160317,67.5700,67.7400,66.3800,66.8300,2316200
20160318,67.1400,67.9400,67.1100,67.7300,3598200
20160321,66.8400,67.5000,66.7800,66.9700,1997900
20160322,66.7400,66.9700,66.1600,66.4600,2214700
20160323,66.8800,67.3700,66.2700,66.8200,1723400
20160324,66.9600,67.1300,65.8600,66.4500,1630400
20160328,67.6500,68.0400,66.8400,66.9700,1426900
20160329,69.4000,69.6100,67.4600,67.6600,2527000
20160330,68.8800,69.6000,68.8000,69.5400,1840300
20160331,69.3400,69.9400,68.5100,68.7600,2994500
20160401,69.1600,69.4000,68.0200,68.3800,1829700
20160404,69.6000,69.8800,69.1700,69.3900,1941200
20160405,69.4100,70.1500,68.9700,69.4900,1638600
20160406,69.0700,69.6200,68.9900,69.3500,1845800
20160407,68.7700,69.6800,68.5300,68.9500,2238900
20160408,69.2900,69.6600,68.7100,68.9900,1827300
20160411,69.5500,69.9000,69.2000,69.4700,1865800
20160412,69.8800,70.2400,69.5200,69.9200,1390700
20160413,69.6400,70.0000,69.4000,70.0000,1448300
20160414,69.6700,69.9000,69.1800,69.6100,2051100
20160415,69.8100,70.3200,69.5300,69.6200,1707600
20160418,70.6400,70.6600,69.5800,69.8600,1396100
20160419,71.3300,71.3300,70.4900,70.6700,1621200
20160420,69.0200,71.3200,68.8200,71.3000,1863400
20160421,66.6200,69.1500,66.5500,69.0200,2689200
20160422,68.2700,68.5600,66.7600,67.0000,2100000
20160425,69.3000,69.3000,68.0000,68.2100,1492600
20160426,69.4000,70.3200,69.1900,69.4400,1345500
20160427,69.8000,69.9200,68.8000,69.2400,1700200
20160428,69.6600,70.0600,69.2600,69.2600,1423600
20160429,69.4200,69.6600,68.4400,69.2100,1717600
20160502,70.2800,70.5600,69.4700,69.6800,1787300
20160503,71.8500,72.3600,69.6500,69.9700,2810100
20160504,74.3800,74.4800,71.5500,71.5500,4959500
20160505,73.7300,74.6000,73.0000,74.0600,3112500
20160506,73.5700,73.9500,72.0100,72.8400,2332200
20160509,74.7000,74.9600,73.4800,73.9000,2820700
20160510,73.0300,74.6400,71.6800,74.6400,3782200
20160511,71.0600,72.9900,70.6000,72.9400,3651000
20160512,72.0900,72.5100,70.8100,71.3800,2018800
20160513,71.7700,72.0300,71.1100,71.9500,1659300
20160516,72.6400,73.1800,71.6400,71.7500,1385100
20160517,71.6100,72.6000,71.0400,72.5800,1978200
20160518,69.3600,71.3100,68.1400,71.3100,3956600
20160519,68.4000,68.9600,68.2200,68.5600,3537000
20160520,68.5500,69.1100,67.7000,68.9200,3379700
20160523,68.3200,68.9500,68.1800,68.8100,2406100
20160524,68.6900,69.3100,68.3400,68.7800,2176000
20160525,68.6100,68.9600,67.5200,68.8000,2119200
20160526,68.9300,69.1300,68.4300,68.6700,1348900
20160527,69.2700,69.7500,68.9300,68.9500,1192900
