20150529,38.7200,39.2900,38.6500,39.1500,4674800
20150601,39.1100,39.3200,38.7200,38.9000,2517100
20150602,38.9100,39.0500,38.6000,39.0000,1964400
20150603,38.2400,38.8700,38.1000,38.6900,2789400
20150604,38.2900,38.4400,37.9100,38.2500,2711100
20150605,37.3600,37.9300,37.1800,37.7700,4324900
20150608,37.2600,37.5900,37.0800,37.3300,3112800
20150609,37.1900,37.5000,36.8700,37.2600,2754600
20150610,37.8000,37.9900,37.1500,37.2500,3847000
20150611,38.0500,38.1500,37.8600,37.9900,2970900
20150612,38.0600,38.3800,38.0200,38.0400,2824600
20150615,37.5500,38.2500,37.5400,38.0600,2832700
20150616,37.7700,37.8500,37.4700,37.5900,3291200
20150617,38.1400,38.1900,37.5000,37.7500,5564600
20150618,38.4300,38.6200,38.0400,38.2000,4642800
20150619,37.7300,38.7800,37.4800,38.7800,5538900
20150622,37.5700,38.0700,37.5400,37.8500,2711200
20150623,37.3000,37.8600,37.2200,37.6400,2268200
20150624,36.8300,37.4300,36.8300,37.3000,3788200
20150625,36.3400,36.9400,36.3200,36.8500,3708800
20150626,36.8900,36.9800,36.2000,36.3700,2696500
20150629,36.7400,37.3400,36.7200,36.8600,3803800
20150630,36.4700,37.0200,36.3700,36.9000,4128900
20150701,36.9200,36.9900,36.3400,36.6200,3065700
20150702,36.9800,37.5000,36.8300,37.2000,2449600
20150706,37.1400,37.2100,36.7500,36.7500,2886900
20150707,37.9500,38.0800,37.3100,37.3100,3071900
20150708,37.8700,38.1300,37.6500,37.6500,2729300
20150709,37.6400,38.2200,37.6200,38.1400,2134300
20150710,37.7900,38.1800,37.5600,37.8800,2224600
20150713,37.9400,38.2500,37.6300,38.1400,2286700
20150714,37.8100,38.0000,37.6800,37.9200,1692200
20150715,37.4500,37.9700,37.3400,37.7400,4568200
20150716,37.8000,37.8900,37.5600,37.6400,2454700
20150717,37.5000,37.8300,37.3600,37.7300,1959600
20150720,37.7300,37.7600,37.2700,37.4600,1861200
20150721,37.5400,37.8400,37.5100,37.6700,2429100
20150722,37.9600,38.0200,37.5400,37.5400,2634300
20150723,37.7300,37.9500,37.4700,37.9500,2498000
20150724,38.0200,38.2600,37.5600,37.5600,2427200
20150727,38.3200,38.5900,38.1200,38.1200,2870200
20150728,38.6400,38.7200,38.2500,38.4100,3909500
20150729,38.7600,38.9100,38.3100,38.5800,2443000
20150730,38.2500,38.8100,38.0100,38.6700,2517400
20150731,38.6400,38.9900,38.5000,38.5600,4792200
20150803,38.8600,38.9800,38.5500,38.5900,2116100
20150804,38.8600,39.3000,38.5700,38.8600,2714400
20150805,38.5800,38.9600,38.3900,38.9300,3247500
20150806,37.9500,38.1500,37.2800,37.9600,3117400
20150807,38.0300,38.2800,37.6300,37.9000,3133500
20150810,37.8300,38.3300,37.6800,38.2100,2776400
20150811,38.0400,38.2200,37.8000,37.8000,7798700
20150812,39.5900,39.6200,37.9000,37.9500,11076300
20150813,39.7000,39.8200,38.9200,39.5100,4487400
20150814,40.1700,40.2000,39.3900,39.6600,3654900
20150817,40.7200,40.7300,39.9800,40.1100,3856300
20150818,40.6500,40.6900,40.3900,40.5300,3754100
20150819,40.7000,40.9000,40.1700,40.3800,4633100
20150820,40.5100,40.7600,40.2500,40.5200,3497400
20150821,39.9300,40.7400,39.9300,40.3600,5000600
20150824,38.3900,39.0800,37.5300,38.3200,8624800
20150825,36.8000,38.9800,36.7600,38.9500,6149000
20150826,37.5100,37.5800,36.7600,37.3000,5949400
20150827,37.9400,38.2900,37.2800,37.8100,5865700
20150828,37.7000,37.9600,37.4300,37.9400,3590100
20150831,37.0600,37.6600,37.0500,37.6300,4844400
20150901,36.6300,36.9800,36.3100,36.6700,4036500
20150902,36.7300,37.0200,36.3800,37.0100,2270700
20150903,36.5800,36.9600,36.4100,36.9200,2347900
20150904,35.6800,36.3800,35.3700,36.2800,3418700
20150908,36.5400,36.6100,35.9200,36.0100,3266200
20150909,36.0300,36.9100,35.9400,36.7200,2620700
20150910,35.8500,36.2800,35.6800,35.9600,2298400
20150911,36.0900,36.3300,35.7000,35.8500,3102500
20150914,36.4300,36.4400,36.1500,36.2000,2774700
20150915,37.0100,37.0600,36.2800,36.4900,2219500
20150916,37.6800,37.7400,36.9100,36.9700,2584100
20150917,38.3800,39.0700,37.4800,37.6100,3568800
20150918,38.6000,39.5400,37.8000,37.8500,5464200
20150921,38.6500,38.8700,38.1100,38.1500,3348400
20150922,38.3000,38.6500,38.1900,38.2100,2994200
20150923,38.5600,38.7400,38.2500,38.3200,2260300
20150924,38.4100,38.8500,38.3000,38.3000,2748500
20150925,38.4000,38.6800,38.2000,38.6300,2858600
20150928,36.8200,38.2700,36.4500,38.1100,5349900
20150929,37.3100,37.4100,36.7000,36.8300,2673200
20150930,37.2500,37.7700,37.0700,37.5700,2810800
20151001,37.2900,37.5800,36.9500,37.4100,2470900
20151002,37.5500,37.5500,36.9000,36.9800,2519000
20151005,38.4500,38.4800,37.6800,37.8600,2236900
20151006,38.5500,38.6800,38.2900,38.4200,1916300
20151007,38.8500,38.8600,38.4200,38.5100,2372500
20151008,39.3000,39.3400,38.6300,38.8400,2925600
20151009,39.1100,39.3200,39.0100,39.2800,2479500
20151012,39.2100,39.5000,39.1100,39.2300,2570600
20151013,38.8900,39.2100,38.7100,39.0000,1911900
20151014,38.2700,38.9100,38.1200,38.8100,2206200
20151015,38.5300,38.5900,38.1000,38.2200,2792600
20151016,38.9900,39.0300,38.5500,38.6100,3268300
20151019,39.3100,39.3300,38.9700,38.9800,3173100
20151020,39.1900,39.3800,38.9400,39.1600,2801500
20151021,39.4000,39.5500,39.1900,39.3700,2150700
20151022,39.7700,39.8300,39.1500,39.4500,3254000
20151023,38.6400,39.6300,38.4300,39.6300,3795000
20151026,38.5600,38.6900,38.0900,38.6400,2668900
20151027,38.5300,38.6900,38.2000,38.5000,2652800
20151028,38.0700,38.7300,37.6800,38.5600,3582700
20151029,38.2400,38.2800,37.6200,37.9200,3348300
20151030,37.2000,38.3400,37.1400,38.1700,5187000
20151102,37.7100,37.7500,36.9300,37.1700,4485200
20151103,36.7300,37.5700,36.5600,37.5500,4431200
20151104,36.1200,36.7500,36.0000,36.7000,4571100
20151105,35.8100,35.8400,35.2700,35.5400,4326800
20151106,33.9700,35.3500,33.7000,35.2900,6527900
20151109,33.0600,33.9700,32.8700,33.8600,4735500
20151110,33.1600,33.5400,32.9200,33.0700,3815100
20151111,33.0800,33.4300,32.9600,33.3300,2870700
20151112,33.1300,33.3700,32.9400,33.0600,3647600
20151113,32.7500,33.6300,32.7100,33.2200,2735100
20151116,33.4700,33.4800,32.7600,32.7600,2819700
20151117,33.4100,33.5400,33.2000,33.3500,2824400
20151118,34.1100,34.1100,33.3200,33.5800,3279300
20151119,34.6400,34.8600,34.1200,34.3100,3132200
20151120,34.9600,35.0800,34.6300,34.7600,2729300
20151123,35.3500,35.5100,34.9800,34.9800,3163400
20151124,35.3100,35.3600,34.9000,35.1600,2644700
20151125,35.4500,35.5900,35.2400,35.3100,2277800
20151127,35.7400,35.9600,35.3900,35.3900,1235000
20151130,35.5300,36.2200,35.4000,35.8200,7566900
20151201,36.1300,36.3000,35.6900,35.7800,3909500
20151202,35.5300,36.3200,35.4600,35.9600,4214000
20151203,35.0900,35.5800,34.9600,35.4600,6664400
20151204,35.7800,35.9800,35.2000,35.3400,4121400
20151207,36.1400,36.2000,35.5100,35.7000,3712100
20151208,36.2800,36.6200,36.0000,36.0200,3386500
20151209,35.9500,36.4900,35.6600,36.0200,3085300
20151210,35.2000,36.0600,35.1800,35.9800,3502700
20151211,35.5900,35.6500,34.9400,34.9500,3707900
20151214,35.8800,35.9300,35.2900,35.4600,4438700
20151215,36.2500,36.4700,36.0500,36.0900,4331800
20151216,37.1500,37.2000,36.2600,36.4000,4940200
20151217,37.2400,37.5700,36.7800,37.1900,4860700
20151218,36.2800,37.2400,36.2800,37.1000,7869500
20151221,36.7600,36.8500,36.4000,36.6500,2651200
20151222,37.0400,37.4600,36.7700,36.8800,2641300
20151223,37.7200,37.7400,37.0800,37.0800,2132400
20151224,37.8200,37.9700,37.6000,37.7400,930900
20151228,38.2100,38.2700,37.5500,37.7400,2241300
20151229,38.6100,38.7800,38.2200,38.2800,2583300
20151230,38.6500,38.9100,38.5100,38.6400,1772500
20151231,38.2400,38.8200,38.2400,38.6900,2852700
20160104,38.2300,38.2600,37.3700,37.6000,3628300
20160105,39.0600,39.2500,38.2100,38.2600,2850200
20160106,37.4900,38.5300,37.1900,38.1400,11658300
20160107,36.4900,37.2600,36.3200,36.8000,9349900
20160108,36.3900,37.0000,36.3200,36.6000,3540000
20160111,36.9600,37.1900,36.6100,36.6500,4266500
20160112,36.8500,37.0000,36.2900,36.7200,4414600
20160113,36.2000,37.2900,36.1500,36.9000,3288400
20160114,35.9600,36.4500,35.8800,36.2800,3592600
20160115,36.2400,36.3200,35.1300,35.5700,3499900
20160119,36.5600,36.9600,36.3800,36.4300,3391600
20160120,34.9700,36.5500,34.5400,36.3000,5195600
20160121,35.6300,36.2400,34.8600,35.4700,3378800
20160122,36.9600,37.2100,36.0300,36.0900,3113900
20160125,36.6400,37.1500,36.3600,36.9600,3345900
20160126,37.0500,37.3500,36.5600,36.7000,4490200
20160127,35.2100,36.9700,34.7100,36.8100,5436700
20160128,35.0000,35.5200,34.9100,35.3900,3513600
20160129,35.9400,36.3200,35.0300,35.6300,5754000
20160201,36.2300,36.5700,35.4200,35.7900,3231700
20160202,35.8400,36.1300,35.3300,35.8700,3131500
20160203,36.6400,36.8600,35.9400,36.1200,4390800
20160204,35.8200,36.3500,35.3800,36.2400,3004200
20160205,35.6000,35.8900,35.2200,35.6800,3693900
20160208,33.9900,35.6600,32.9800,35.4800,6381400
20160209,28.3300,32.1600,27.3600,32.1500,14594900
20160210,27.2100,28.4300,26.5600,28.3400,11164900
20160211,26.1300,26.3400,25.1100,25.7500,10991900
20160212,26.2600,26.7100,26.0300,26.5000,5994400
20160216,26.9200,27.1700,26.0500,26.5800,9752400
20160217,27.3700,27.8300,27.0000,27.0100,4727600
20160218,28.0800,28.3400,27.1900,27.4700,4766400
20160219,28.4000,28.5500,27.6900,27.9000,4259000
20160222,28.9700,29.2400,28.7000,28.7700,3759800
20160223,28.5600,29.0000,28.2400,28.8700,4053000
20160224,28.8900,29.0700,28.0500,28.4800,4214300
20160225,29.6600,29.6900,28.7900,28.8800,4508200
20160226,29.9000,30.3600,29.6200,29.6700,4264800
20160229,29.5800,30.3400,29.5000,29.9300,4770200
20160301,30.7400,30.7500,29.7900,29.8300,2961700
20160302,30.9800,31.0000,30.5100,30.6200,4005000
20160303,31.3800,31.4200,30.8600,31.0400,2485300
20160304,31.5000,31.8600,31.1100,31.4400,4804600
20160307,32.4700,32.5100,31.1900,31.4000,4475400
20160308,32.0800,32.4700,31.8000,32.4700,4188000
20160309,32.3000,32.5700,32.1000,32.1200,2621800
20160310,31.7100,32.3700,31.3300,32.3500,3655600
20160311,32.6700,32.6900,32.0100,32.1100,3233700
20160314,32.6300,32.6600,32.1900,32.5200,3340000
20160315,32.1500,32.3900,31.4500,32.3500,2251400
20160316,32.2600,32.3300,31.3400,31.7900,4091700
20160317,32.9300,33.0100,32.1100,32.2900,4343800
20160318,33.1600,33.3300,32.8400,32.9700,6379600
20160321,32.4300,33.1900,32.2900,33.0900,3271200
20160322,32.1800,32.3000,31.7100,32.2500,4053200
20160323,31.6300,32.2400,31.4800,32.1800,4144300
20160324,31.6900,31.8000,30.9600,31.4400,3161300
20160328,32.1800,32.4100,31.3800,31.7500,3600800
20160329,32.9400,32.9900,31.4900,32.0000,4872600
20160330,32.4400,33.2200,32.4100,33.0000,3172000
20160331,32.5800,32.9500,31.8600,32.4900,5285500
20160401,32.6100,32.6300,31.9100,32.4800,4323100
20160404,32.9700,33.2300,32.6400,32.7700,2667900
20160405,33.0800,33.1000,32.6300,32.8000,2462500
20160406,33.6700,33.7700,33.0900,33.1100,4222000
20160407,34.0400,34.1100,33.2700,33.6500,4308300
20160408,34.6500,34.9700,34.1800,34.1800,4447100
20160411,34.6800,35.0000,34.5100,34.7900,2485200
20160412,34.9800,35.2600,34.7100,34.7900,3079400
20160413,35.1000,35.2500,34.8400,35.1200,2544000
20160414,35.0500,35.1900,34.9900,35.0900,2823400
20160415,34.9300,35.1600,34.7100,35.0300,3468600
20160418,35.1300,35.1400,34.6700,34.8900,2889800
20160419,35.2400,35.8000,35.1100,35.2200,3332900
20160420,34.2100,35.3600,34.1800,35.3200,5422600
20160421,33.0400,34.2400,32.8200,34.2400,5553000
20160422,33.7600,34.0500,33.0600,33.1500,4425400
20160425,34.0100,34.0100,33.5500,33.7400,2805600
20160426,34.5000,34.7800,34.0900,34.1400,3629800
20160427,34.2300,34.6100,33.8400,34.5400,3515900
20160428,33.9100,34.1000,33.7200,34.0100,3218300
20160429,33.8300,33.8800,33.1600,33.7100,9443500
20160502,34.3500,34.4800,34.0000,34.1000,3392000
20160503,34.8400,34.8500,34.0900,34.3000,3457600
20160504,35.3700,35.8400,34.6100,34.6300,5580000
20160505,34.2200,34.8600,34.0900,34.7900,4634300
20160506,34.5500,34.7000,33.9200,34.1200,3926000
20160509,35.9900,36.9000,35.8100,35.9500,13231500
20160510,34.7100,36.3900,34.0800,36.2300,10196800
20160511,34.1000,34.6500,33.3100,34.3800,6097300
20160512,34.2400,34.4800,33.7200,34.0900,3003300
20160513,34.2000,34.2700,33.8900,34.1200,2587400
20160516,34.3600,34.6900,34.0500,34.1200,3221600
20160517,33.5800,34.3700,33.4100,34.2600,3098700
20160518,32.5300,33.6000,32.1900,33.5400,3984500
20160519,32.2600,32.4400,31.9900,32.2200,2505600
20160520,32.3400,32.5400,32.0900,32.4800,2740700
20160523,32.4600,32.6800,32.1200,32.4000,2457300
20160524,32.5600,33.0000,32.4800,32.7200,3463700
20160525,32.5800,32.7000,31.9800,32.6000,2959800
20160526,32.6800,32.8700,32.4600,32.6200,2008300
20160527,33.0400,33.1900,32.6900,32.6900,2092100
