20150529,111.4200,112.5900,111.3700,111.8400,5310600
20150601,111.6700,112.3400,111.2500,111.9700,5114500
20150602,111.5900,112.1800,110.6400,110.7500,6088200
20150603,113.1600,113.4800,111.4500,111.7200,6337500
20150604,111.4600,113.1600,111.1700,112.5200,4328600
20150605,110.3700,111.3600,110.2700,111.3400,4505400
20150608,109.9300,110.8100,109.8300,110.1400,3449000
20150609,109.5300,110.2500,109.0300,109.7900,3659000
20150610,110.9800,111.1900,109.3900,109.9000,3967900
20150611,111.2900,112.3300,111.0000,111.0000,3642800
20150612,110.6000,111.5900,110.4200,110.8900,4301900
20150615,110.0100,110.4600,109.5500,110.2300,3965200
20150616,110.2300,110.4500,109.7500,109.9000,3466600
20150617,110.4700,111.2900,109.9600,110.7300,5722200
20150618,111.8500,112.3000,110.7600,111.0600,7222600
20150619,112.4300,113.3000,111.4400,111.6400,9255100
20150622,113.0700,113.6200,112.7800,112.9300,3190200
20150623,113.1800,113.5900,112.9300,113.2400,3075900
20150624,112.3500,113.6800,112.3500,112.9400,3716100
20150625,112.2400,113.7100,112.2400,113.2400,4466300
20150626,112.6000,113.3400,112.2300,112.7700,4208500
20150629,110.5400,112.3200,110.4600,111.5600,5187400
20150630,111.1300,111.7600,110.5900,111.1500,5938800
20150701,112.0700,112.8100,111.4700,112.4500,4216200
20150702,111.4900,112.7500,111.1000,112.5800,3845000
20150706,111.3200,111.9300,110.1700,110.2700,3864700
20150707,112.4000,112.6400,110.7000,111.7200,5515900
20150708,111.0000,112.4600,110.8000,111.7200,3794100
20150709,111.3800,112.5900,111.2000,112.3200,3643700
20150710,113.1000,113.4800,112.0900,112.6700,4631400
20150713,114.9000,115.0200,114.0700,114.2100,4171900
20150714,115.3600,115.5300,114.3900,114.5000,3688900
20150715,115.5800,116.1500,115.0700,115.4200,3364600
20150716,114.7300,115.9100,113.8300,115.8700,5234800
20150717,114.4700,115.0000,114.0000,114.4900,5497600
20150720,113.4100,114.1100,112.1700,112.2500,6107500
20150721,113.8600,113.9700,112.6800,113.4100,4660600
20150722,114.9000,115.0800,113.8000,113.9600,5485200
20150723,114.5900,116.1100,114.4300,115.2100,4308900
20150724,113.5900,115.2300,113.4300,114.7400,4427800
20150727,113.0700,113.8900,112.7100,113.3700,4468200
20150728,114.8400,115.0300,113.1800,113.7600,4176800
20150729,116.3700,116.7600,115.1100,115.1600,5104000
20150730,116.4600,116.7400,115.3500,115.9400,3291100
20150731,117.0300,118.1300,116.3700,116.9800,4301200
20150803,116.8900,117.7000,116.1600,117.6200,3645000
20150804,117.5300,117.8200,116.2500,116.6300,3008200
20150805,118.0000,118.5300,117.1000,118.3800,4299100
20150806,116.5600,118.5000,116.0700,118.3900,4768900
20150807,116.9300,117.1600,115.7800,116.7000,3986100
20150810,117.6000,118.3400,117.3600,117.5300,3408900
20150811,117.6900,118.1400,116.7600,117.0200,4080000
20150812,117.6900,117.8800,115.7000,117.1300,4575800
20150813,119.0200,120.1400,117.7900,118.0000,6255500
20150814,119.7500,119.8900,118.4600,119.3000,5135500
20150817,119.7000,120.7500,118.7300,119.1000,7255600
20150818,122.8000,123.8000,121.1500,121.8300,11021900
20150819,122.7600,123.7900,122.1300,122.6700,6490300
20150820,120.5400,122.5300,120.5400,121.9800,5555500
20150821,116.1600,120.3600,116.1500,119.5400,10190700
20150824,112.5400,115.8800,92.1700,110.0500,13983100
20150825,110.9700,117.0000,110.8900,117.0000,10221100
20150826,115.9300,116.0300,112.0800,114.0600,9313200
20150827,117.6600,118.0900,115.3300,117.5000,7579100
20150828,117.5200,118.4600,116.9200,117.4300,5016000
20150831,116.4600,117.4900,115.9300,117.0100,5444500
20150901,113.0700,114.7500,112.5600,113.9900,7392900
20150902,116.4800,116.4800,114.3200,114.8300,6487400
20150903,116.6000,118.0800,116.1800,117.0300,5302900
20150904,114.4200,115.6900,113.4900,114.6800,5752000
20150908,116.4300,116.6400,114.7300,115.6900,5775800
20150909,113.9700,117.4700,113.7000,117.1100,5316400
20150910,114.4900,115.4100,113.6900,114.0000,5259100
20150911,115.4400,115.4600,113.7000,113.9700,4472800
20150914,114.7300,115.6800,114.4200,115.5000,4248700
20150915,116.1800,116.6300,113.9000,114.7800,4994000
20150916,117.8200,118.0300,115.9700,116.0800,5285100
20150917,117.9100,119.8200,117.2700,118.3300,6607100
20150918,115.1200,117.2000,114.9800,116.5100,11366700
20150921,116.5800,117.1100,115.2700,115.9600,5201100
20150922,115.8000,116.3900,114.8900,115.4000,4631600
20150923,116.1700,116.5500,115.6600,115.8500,4084900
20150924,116.3400,116.6500,114.8400,115.3400,5172300
20150925,116.7400,118.1700,116.0400,117.2300,5478900
20150928,114.1000,117.3800,113.8500,116.5300,5994600
20150929,112.9100,114.9300,111.8000,114.2100,7908800
20150930,115.4900,115.6300,114.0000,114.3700,5395600
20151001,117.0300,117.1300,114.7400,116.2300,5215200
20151002,117.8100,117.9000,114.7100,115.5600,4359800
20151005,119.2000,119.2900,117.9100,118.7500,4528700
20151006,118.6800,119.2000,117.9700,119.1000,5275400
20151007,119.6500,119.8400,118.4900,119.2000,4680100
20151008,121.0600,121.2300,119.1500,119.3100,4958200
20151009,121.3300,121.5000,120.4700,121.2700,3893500
20151012,121.9000,122.4500,121.0000,121.4900,2861900
20151013,121.6100,122.2900,121.1400,121.7700,2971400
20151014,120.2700,121.8800,119.5600,121.3300,5200400
20151015,121.8100,122.0300,120.4000,120.6200,3448900
20151016,122.7400,122.8200,121.6300,121.6300,4052900
20151019,123.1000,123.2000,122.2000,122.6100,3097700
20151020,122.8500,123.1700,122.3500,122.8900,3318400
20151021,123.3000,124.0200,122.7500,123.2900,3491800
20151022,124.3600,124.4800,122.8800,123.9000,5855300
20151023,124.6100,125.7500,122.9700,125.0100,5281600
20151026,125.0100,125.6600,124.0200,124.5500,4550200
20151027,124.4700,125.0900,123.8200,124.5100,3674800
20151028,123.8200,124.5900,122.2200,124.3800,6821500
20151029,123.6300,124.0700,122.7500,123.4200,4635300
20151030,123.6400,124.7500,123.2700,123.2700,4991500
20151102,124.4100,124.6400,123.3800,124.2400,3715600
20151103,125.6600,126.0400,123.8100,124.2300,4313700
20151104,125.3800,125.8700,124.6200,125.4800,4101200
20151105,125.7200,126.0100,124.9500,125.4600,3059400
20151106,125.9800,126.1100,124.8200,125.2700,3752000
20151109,124.5000,126.1200,123.7100,125.8000,4988800
20151110,125.2600,125.4100,124.0400,124.4900,3872900
20151111,124.7100,125.4300,124.5200,125.4300,3240200
20151112,123.8100,124.9700,123.0600,124.1800,4285700
20151113,120.0000,123.2500,119.9000,123.1000,8728800
20151116,120.8400,121.0300,118.6100,120.0500,7785700
20151117,126.1800,126.3400,123.1000,124.8600,10517100
20151118,126.5400,126.7300,124.6600,126.4400,6502000
20151119,126.8600,127.6200,125.9500,126.5300,4662200
20151120,130.2100,130.2100,127.0900,127.3600,8191900
20151123,132.5000,132.6400,130.2100,130.2100,6329700
20151124,133.6000,133.9300,131.7400,131.9300,6672700
20151125,134.6500,135.2400,133.5500,133.6900,5300900
20151127,134.7400,135.4700,134.5300,134.8100,3337700
20151130,133.8800,135.3200,133.0100,135.2000,8057900
20151201,134.4300,134.6300,133.2600,133.5200,5267600
20151202,133.8100,134.6500,133.5700,134.5600,5022700
20151203,130.9300,134.1200,130.8000,133.5200,6688000
20151204,134.5300,134.8300,131.3500,131.5500,5387100
20151207,133.9300,134.7900,133.1900,134.0000,5444300
20151208,133.8400,134.5600,132.4100,132.7100,4731400
20151209,131.9000,134.7800,131.5100,133.2100,5055600
20151210,132.5400,133.5900,131.8000,131.9600,4185600
20151211,130.4400,132.5400,130.3100,132.5400,5300800
20151214,132.0100,132.1300,130.7100,131.0900,5960100
20151215,131.2900,133.4900,131.1900,132.6200,4911600
20151216,132.9000,133.2800,130.3600,132.1700,4711700
20151217,131.3500,133.5400,131.0000,133.0600,4345800
20151218,130.2900,131.3100,130.0100,130.7300,9840600
20151221,131.3100,131.6100,130.1800,131.0000,3414800
20151222,131.8800,132.2800,130.4600,131.3700,3401900
20151223,133.1100,133.3400,131.8800,132.4900,3244800
20151224,132.9000,133.4800,132.6600,132.8000,1517100
20151228,132.6800,132.9000,131.8900,132.2500,2607200
20151229,133.7000,134.3300,133.2800,133.3700,3037400
20151230,133.3500,134.0600,133.2800,133.5800,2484700
20151231,132.2500,133.5700,132.2400,133.0800,3178700
20160104,131.0700,131.0700,129.4500,130.1100,8050900
20160105,130.4300,131.9400,130.0500,131.1500,5320900
20160106,129.0800,129.9000,128.5600,129.0000,8199600
20160107,125.4000,127.8800,124.7000,126.9300,12551000
20160108,123.9000,126.5300,123.5000,126.4400,7104500
20160111,125.7800,126.0800,124.0900,124.8700,6811600
20160112,127.4900,128.8000,125.8300,126.7800,5695700
20160113,121.4000,127.4700,120.9700,127.4700,8932200
20160114,119.6200,121.5200,118.2000,121.2900,13389100
20160115,119.2300,121.1500,116.1000,117.1200,10515000
20160119,119.7600,121.8900,118.8000,120.5400,6350700
20160120,116.4600,118.6600,113.5900,117.8900,11331400
20160121,120.2200,121.9400,117.1400,117.3800,8993900
20160122,122.7600,124.6700,121.5800,121.6400,6554500
20160125,121.7100,123.8500,121.5600,123.3800,4854700
20160126,122.2000,122.4500,120.6400,121.7300,4475600
20160127,121.5700,124.3200,120.8600,122.4600,5431000
20160128,122.2800,122.6900,120.3100,121.9700,4871600
20160129,125.7600,125.7600,122.7500,123.1700,7616200
20160201,126.5100,127.0900,123.9900,124.9200,4674100
20160202,125.2700,126.4300,124.7100,125.4100,5832200
20160203,123.7900,126.1600,121.5400,126.0200,7485700
20160204,121.1100,123.9000,119.4500,123.6500,9171800
20160205,116.4300,121.0000,115.6900,120.8900,8117700
20160208,111.8500,115.9700,109.6200,114.9300,11286600
20160209,113.8600,115.2900,110.6800,110.9400,7572900
20160210,114.3300,116.1600,114.0500,114.5000,5307600
20160211,113.2700,114.1900,112.2200,113.0800,6447100
20160212,116.3200,116.4300,113.5200,114.8800,5361600
20160216,119.4300,120.0000,117.7000,118.1200,6966400
20160217,121.2100,121.6800,119.8700,120.4500,5970700
20160218,119.9700,121.1100,119.5600,120.9300,4460700
20160219,121.6900,121.7000,118.7500,119.8200,5435500
20160222,122.8500,124.4700,122.1300,123.0000,7796900
20160223,124.5300,127.1900,123.3500,127.0000,11168700
20160224,125.6100,125.7800,122.9200,124.0500,7935500
20160225,126.8600,126.8600,124.8900,125.7600,4738800
20160226,126.2600,127.7500,125.9300,127.5900,4608200
20160229,124.1200,126.9900,124.0500,126.2600,5575300
20160301,125.7000,125.9700,123.9800,124.7800,4916900
20160302,125.5900,125.8700,124.4600,125.4800,3967500
20160303,126.8000,127.2600,124.7800,125.2000,5009700
20160304,125.5600,127.5000,125.1600,127.3700,6448200
20160307,126.1700,126.5400,125.0100,125.0100,4161200
20160308,126.7200,128.2000,125.0000,125.2200,5280900
20160309,126.0300,127.5200,125.3300,127.0300,4043900
20160310,125.8900,127.0000,124.3100,126.2000,4500000
20160311,128.4600,128.7600,126.7300,126.9700,4624600
20160314,128.8400,129.6600,128.1000,128.4300,3613600
20160315,129.7100,130.4800,128.6200,128.7800,4033900
20160316,130.4500,131.1100,128.8100,129.6300,3602900
20160317,130.8800,131.1900,129.3200,130.1000,4130900
20160318,131.3500,132.0900,130.8300,131.1400,7864300
20160321,131.0100,132.1300,130.2700,131.5300,3810400
20160322,130.5900,131.2200,129.9200,130.6100,3933100
20160323,130.2200,131.1800,129.9500,130.5900,3611000
20160324,130.4600,130.7600,129.4600,129.5400,3448700
20160328,131.0800,131.8100,130.4900,130.6000,2606200
20160329,132.4700,132.9000,130.7100,131.0000,3388900
20160330,133.4200,133.9300,132.8400,133.1100,3128100
20160331,133.4300,134.2900,133.0000,133.5600,3648700
20160401,134.8500,135.2000,133.1000,133.1000,4255400
20160404,134.8500,136.2300,134.3500,136.0700,3547600
20160405,134.5800,135.7000,133.9000,134.2000,4054500
20160406,135.4400,135.7400,133.8200,134.2500,3364800
20160407,133.8700,135.2400,133.1200,134.7300,3934000
20160408,133.6200,134.6200,133.0600,134.6200,2920900
20160411,133.0100,135.0800,132.9600,133.5800,3369700
20160412,134.3800,134.7200,133.1100,133.3000,4207200
20160413,133.8400,134.8600,133.2200,134.8600,4317900
20160414,134.3700,134.7100,132.8800,133.5000,4171400
20160415,135.0100,135.2800,133.9700,134.4100,3501200
20160418,136.8000,136.8000,134.7400,134.8100,3964300
20160419,135.4400,137.0000,134.8500,136.8000,4647700
20160420,135.1900,136.0800,134.4800,135.7500,4743300
20160421,134.6000,135.4900,134.3900,135.2300,3534000
20160422,135.6600,135.6800,133.4100,134.8500,4171300
20160425,135.6500,135.7300,134.2800,135.1800,2819800
20160426,135.3400,136.2400,134.8800,135.0900,3498200
20160427,135.7500,136.2800,134.7600,135.3700,3478200
20160428,132.7300,135.4400,132.4900,134.8100,5460800
20160429,133.8900,134.3000,131.7500,132.7100,4604100
20160502,136.0500,136.2500,134.3100,134.3700,4260800
20160503,134.5400,135.8400,134.0400,135.4500,3388200
20160504,135.1600,135.4000,133.1300,133.5900,3174400
20160505,134.6700,135.3700,133.7500,134.8700,3473800
20160506,135.7000,135.8100,134.3100,134.4800,3350900
20160509,136.2400,136.4700,135.2400,135.5900,3515700
20160510,137.5100,137.8200,136.3000,136.3200,3650600
20160511,134.3000,137.0500,134.0400,136.8000,5970500
20160512,134.1900,135.0000,133.1000,135.0000,5345000
20160513,133.1300,135.3300,133.0300,133.8100,5258800
20160516,135.3400,136.5500,133.0800,133.8400,8339400
20160517,132.0000,134.4900,131.1000,133.1500,15732300
20160518,131.7700,132.7700,130.0200,131.0300,8245300
20160519,131.7300,132.1300,130.7800,131.4500,4562700
20160520,131.8500,133.0600,131.7500,131.8900,5080400
20160523,131.4200,132.4800,131.3000,131.8400,3842700
20160524,133.3600,133.8700,132.0500,132.1800,5153100
20160525,133.2000,134.5200,133.0500,133.4600,5017500
20160526,134.0500,134.3600,132.8600,133.1300,3950200
20160527,133.9400,134.9000,133.3800,134.0700,4004600
