20150529,67.5200,67.7900,66.8500,67.2800,2867000
20150601,66.7600,67.3400,66.6900,67.1800,2782800
20150602,67.2900,67.7000,66.5400,67.1400,1703700
20150603,66.7600,67.8200,66.7300,67.1900,1192700
20150604,66.1700,66.6400,66.0100,66.3000,2082900
20150605,66.0800,67.6600,65.7000,65.9900,2654000
20150608,64.9900,66.3700,64.8400,65.8000,4880900
20150609,65.5700,66.8800,65.5000,65.9500,2336500
20150610,65.6400,66.9400,65.5000,66.5600,2110600
20150611,68.8300,69.9000,68.6500,69.5100,6065700
20150612,67.6600,69.1800,67.2600,68.8900,3751100
20150615,67.3300,67.8300,66.8300,66.8800,2071700
20150616,69.4000,69.5100,67.1400,67.2200,2969900
20150617,69.5100,70.6700,68.7400,70.0800,2881300
20150618,69.3100,70.2300,69.0900,69.7800,1850700
20150619,68.6400,69.5800,68.4900,68.9900,3340200
20150622,68.9400,69.2600,68.0200,68.7700,1672100
20150623,70.2300,70.4600,68.7800,69.3700,2057700
20150624,69.1700,70.3700,68.9600,69.9100,2969700
20150625,68.0300,69.4400,67.9800,69.2100,1988200
20150626,68.4300,68.7300,67.4700,68.0300,5422200
20150629,66.9700,67.9700,66.9000,67.3500,3140800
20150630,66.8800,67.6900,66.4600,67.6900,2246400
20150701,65.4200,67.1800,65.0700,66.9100,2638000
20150702,65.7100,66.2000,65.4400,65.5600,2040900
20150706,64.4100,65.0600,64.1000,64.6000,2484100
20150707,65.0500,65.3700,63.3100,64.1400,3123300
20150708,64.3700,65.3300,63.9000,64.5500,3019500
20150709,64.6500,65.6500,64.5300,65.6200,2103600
20150710,64.3400,65.4900,64.0300,64.9400,1984700
20150713,63.9800,64.6300,63.6600,64.4600,3974300
20150714,64.5700,65.3600,63.7300,63.9800,5220000
20150715,63.0500,64.6900,62.4100,64.1600,3191300
20150716,62.6800,63.8000,62.6100,63.2800,2782300
20150717,61.4200,62.7100,61.2100,62.3800,2231400
20150720,59.6000,61.1100,59.5100,60.9700,2486000
20150721,59.1800,60.5600,59.0000,59.8000,2470500
20150722,59.0000,59.7500,58.6100,59.3400,2144800
20150723,59.2800,59.4900,58.3500,58.9600,2333100
20150724,58.4900,59.3900,57.7000,59.3900,4584500
20150727,57.6800,58.5500,57.1800,57.6500,3321700
20150728,59.6500,59.8800,57.5800,57.9800,3838200
20150729,60.0400,61.8800,59.2000,59.9500,6091700
20150730,60.3300,60.7800,59.6800,60.0400,2984100
20150731,59.0100,60.3000,58.8100,59.7200,3033100
20150803,57.7000,58.8900,57.3200,58.2100,3295800
20150804,57.5500,58.9900,57.3100,58.0700,2991200
20150805,55.9200,58.9500,55.9200,58.4600,3877900
20150806,56.8100,56.9000,54.6500,55.5800,3819200
20150807,55.9200,57.7400,55.6900,56.6000,3174800
20150810,58.4400,58.5000,56.0900,56.1200,2678300
20150811,57.8900,57.9900,56.6000,57.2200,2393600
20150812,59.4200,59.4900,57.0700,57.4200,4753900
20150813,58.7900,59.5500,58.4500,59.1100,3258400
20150814,59.0800,60.0000,58.7000,58.7300,2663200
20150817,58.7800,59.6200,58.3800,58.6200,1776300
20150818,59.2100,59.8000,58.4400,59.5100,1773600
20150819,56.7300,59.1800,56.3100,58.7500,2471700
20150820,55.7400,57.2400,55.7000,56.5300,2640300
20150821,54.9900,56.1600,54.8100,55.3100,3426800
20150824,50.9800,54.0000,50.3800,51.7800,5732100
20150825,49.9400,53.8400,49.9000,53.0100,3798500
20150826,51.2200,51.5800,49.8600,51.2300,4019300
20150827,55.7600,56.0600,52.3600,52.5700,5105000
20150828,57.4600,58.6000,54.5000,55.5100,3963100
20150831,59.4500,59.8000,55.3300,56.1100,4186300
20150901,57.0700,58.6100,56.5300,57.2700,3903200
20150902,57.5100,57.8600,55.3500,57.8200,3555000
20150903,57.4000,59.2800,56.6300,58.0000,3289500
20150904,56.3500,57.0000,55.8500,56.4100,2173300
20150908,56.5300,57.1000,55.1900,56.9100,2957200
20150909,54.9200,58.2400,54.8000,56.9900,2710400
20150910,54.1000,55.6000,53.6400,55.1400,3943400
20150911,52.5000,53.1700,51.4100,53.0800,3932700
20150914,51.9800,52.4000,51.0900,52.3600,3609000
20150915,52.7900,53.5800,52.1700,52.3000,2975400
20150916,54.6900,54.8400,53.3200,53.4900,2531700
20150917,54.6000,56.0400,53.8100,54.4900,2818600
20150918,52.4300,53.9800,52.0700,53.6000,3553600
20150921,52.3000,53.1500,52.0700,52.9600,4019900
20150922,51.1500,52.6500,50.7100,51.3600,2705300
20150923,50.0700,51.7300,49.9100,51.4600,1853100
20150924,50.0500,50.4000,49.3100,49.8600,3662400
20150925,50.2700,50.8100,49.7100,50.5300,2769800
20150928,48.2600,49.8900,48.2300,49.4100,2614700
20150929,48.2800,48.8900,47.8400,48.4700,2216800
20150930,50.0600,50.1500,48.4500,48.6400,3316600
20151001,50.7500,51.5600,50.0200,50.8100,3373900
20151002,53.6900,53.9200,49.6400,49.6400,3119200
20151005,55.8800,56.2900,53.9500,53.9500,4755800
20151006,58.7800,59.1900,55.7000,55.9100,4388400
20151007,59.9800,61.3100,57.9500,60.2300,4463900
20151008,62.5700,63.1600,59.8400,59.9500,5269400
20151009,61.9100,63.2100,61.0300,62.5100,3059100
20151012,60.1300,62.1300,59.5900,61.9100,2552000
20151013,60.2800,60.8500,58.9200,59.5300,3316100
20151014,60.2100,60.5900,59.5000,59.9700,1993500
20151015,61.4200,61.5500,59.6000,60.1500,1665700
20151016,61.0300,62.3200,60.2100,61.7400,2151900
20151019,59.8200,60.4900,59.2300,60.2300,2408000
20151020,60.3500,60.6400,59.1300,59.3600,3065200
20151021,59.0800,60.3700,58.9700,60.0500,1738500
20151022,61.1300,61.1800,59.5900,59.7500,2721100
20151023,60.8700,61.8000,60.0100,60.7100,2159900
20151026,58.7100,60.6400,58.6000,60.5800,2256600
20151027,56.9300,57.8700,55.7400,57.7800,4287200
20151028,57.0700,57.5400,53.0500,53.3000,7166700
20151029,56.1400,58.6100,56.0700,57.0500,4218700
20151030,56.2100,57.0000,54.6800,56.5200,3721600
20151102,57.6200,57.8500,55.6900,55.7400,2984000
20151103,60.1500,60.7100,58.1000,58.3000,2945500
20151104,60.4200,61.5500,58.9400,60.1500,3905900
20151105,62.1900,64.0800,60.2100,60.5300,7542400
20151106,62.7600,62.8600,61.3700,61.6800,3044000
20151109,61.9800,64.0000,61.5700,62.6500,3114100
20151110,62.7900,62.9100,61.3000,61.6000,2415400
20151111,61.1600,63.2100,60.9500,62.7500,3459900
20151112,59.7200,60.9600,59.4500,60.0100,2747300
20151113,59.7600,60.5600,58.5300,59.4400,2179400
20151116,61.8400,61.8500,59.4700,60.0000,2414600
20151117,60.0900,61.1300,59.2100,60.7600,2501100
20151118,61.1700,61.7100,59.5700,60.5200,2329100
20151119,60.1000,61.1700,59.3200,60.7800,2059200
20151120,58.9400,60.6900,58.7400,60.0400,3401500
20151123,58.7500,59.5500,58.3500,58.9400,2097100
20151124,61.3600,61.6800,59.1500,59.2300,2771500
20151125,60.8800,61.5300,59.9400,60.6700,2001500
20151127,59.0900,60.5100,58.4700,60.1400,995600
20151130,59.0000,59.9500,58.6500,59.3200,2273300
20151201,59.5500,59.6400,58.4400,59.3200,2215700
20151202,56.7400,59.0600,56.2900,58.8900,3292700
20151203,55.5600,57.9900,55.3600,57.1500,5252200
20151204,54.9000,55.2300,53.1500,54.3600,4964600
20151207,53.0000,53.4700,51.8300,53.0100,4956800
20151208,51.9500,53.0800,50.6200,51.4300,3666000
20151209,51.9700,54.1200,51.4300,52.4000,3336000
20151210,52.4800,53.1100,51.1000,51.6200,3718700
20151211,50.4300,51.7500,49.5000,51.7300,4142200
20151214,50.1200,50.7200,48.8900,49.8500,4079200
20151215,51.7300,51.9400,50.7900,51.1200,4095000
20151216,50.9200,52.5200,50.4000,51.3700,4409000
20151217,49.2000,51.1800,48.4700,51.0400,4490000
20151218,48.5000,50.8400,48.4700,49.2000,5523600
20151221,47.4400,49.2400,47.0400,48.8700,5436300
20151222,48.4800,48.7600,47.3700,47.7200,3320200
20151223,51.2700,51.3200,49.5500,49.7700,3910500
20151224,50.5700,51.2600,49.8300,51.1100,1147100
20151228,48.9900,49.9000,48.7400,49.4300,2298600
20151229,49.3600,49.9900,48.7900,49.8000,1893500
20151230,48.1700,49.6100,48.1000,48.4900,1932300
20151231,48.4800,48.9000,47.7100,47.7400,2394700
20160104,48.1800,49.8500,47.5700,48.4000,3273600
20160105,48.0700,48.1200,46.6300,47.6800,3143500
20160106,45.0700,46.7700,44.8600,46.6800,7968400
20160107,43.6200,45.5100,43.4900,44.0000,4562900
20160108,43.5800,44.4200,42.8600,43.9300,3851900
20160111,41.6900,43.7700,41.3000,43.5500,6021500
20160112,39.6000,42.8200,38.8000,42.4900,6291100
20160113,38.5900,41.0500,38.2200,40.1900,7043000
20160114,39.9600,40.5400,38.4700,38.8800,7968400
20160115,38.7200,39.2100,37.7100,38.0000,6923600
20160119,36.5300,39.2600,35.7200,38.9700,6149500
20160120,35.2100,35.7700,32.4100,35.7700,10518900
20160121,37.6200,37.9500,35.0000,35.0700,7468600
20160122,38.3300,39.9500,36.8000,39.4100,7601000
20160125,34.3800,37.8400,34.2800,37.1600,10090500
20160126,34.8100,35.9800,34.5500,35.1200,8791100
20160127,36.8500,39.6600,34.0200,34.9700,11428700
20160128,40.3400,41.9900,39.0500,40.5900,9889000
20160129,42.5000,42.6600,40.5200,40.8300,8134500
20160201,41.7600,42.2600,40.8000,41.3800,6180900
20160202,39.3600,40.5700,38.7700,40.5700,7280400
20160203,42.9900,43.0200,38.9700,40.2700,10059700
20160204,43.4700,45.1600,42.5300,43.3800,10121600
20160205,38.0200,39.3000,38.0000,38.7000,40193500
20160208,38.9900,39.1200,37.0000,37.2300,14543500
20160209,38.7000,39.3700,37.3500,38.2800,8910000
20160210,39.2900,40.1500,38.7500,39.2200,9993900
20160211,38.9300,39.4100,36.9500,38.4400,9707200
20160212,40.1100,40.1500,38.5000,39.2800,12408000
20160216,40.8400,41.2500,39.9600,41.0000,6583500
20160217,43.4700,44.1400,41.4300,41.5700,7811600
20160218,42.0700,44.2000,41.4900,44.0000,7996700
20160219,42.3100,42.3400,40.2500,41.5400,6160300
20160222,44.5800,44.5900,43.0400,43.4700,5400700
20160223,41.9200,44.7100,41.6100,43.6600,5151400
20160224,41.7000,42.0400,39.9800,40.6500,4909000
20160225,41.5800,42.3700,39.9500,41.6600,4257300
20160226,43.0700,43.6200,42.4800,42.6900,5549300
20160229,43.6000,44.0100,42.6200,43.0500,6697300
20160301,44.3100,44.7100,42.5600,43.7900,5232300
20160302,46.9200,46.9400,43.8600,44.0900,5048300
20160303,48.0000,48.2400,46.2500,46.6000,5752600
20160304,48.3900,50.5400,47.6100,49.1700,7051900
20160307,49.2800,49.8800,47.9600,48.5100,8473500
20160308,46.7600,48.9600,46.5300,48.8400,5907300
20160309,47.0800,48.2100,46.2300,47.6800,4652700
20160310,48.2700,48.3600,45.9900,47.1500,5524200
20160311,51.2600,51.9500,49.2800,49.3200,7686200
20160314,50.2000,50.6500,49.0800,50.0000,4332600
20160315,50.1700,50.2800,48.1700,48.8200,3496400
20160316,51.8300,51.9800,49.9200,50.6500,4007200
20160317,53.1900,54.1800,51.9400,52.2900,5925500
20160318,53.9000,54.6500,53.0200,54.5000,6903500
20160321,53.8400,54.5100,52.2200,53.4000,4670800
20160322,53.7000,54.8300,53.4500,53.6600,3324300
20160323,51.6000,53.3000,51.4500,53.0800,4231700
20160324,52.1000,52.2700,49.7000,50.1800,4204900
20160328,50.8400,52.5900,50.2300,52.4900,3843900
20160329,50.4000,50.4200,48.9000,49.6500,4428700
20160330,50.9700,52.0300,50.2600,51.6000,3260000
20160331,52.6500,52.9600,50.5200,50.7300,4256800
20160401,52.0300,52.1800,51.1200,51.4100,3411800
20160404,50.5500,52.8800,50.4700,52.5400,3484200
20160405,51.2600,51.4300,49.5200,49.9400,3198200
20160406,54.0000,54.4400,51.3300,51.5000,4509800
20160407,52.9000,54.2700,52.0000,53.4700,3579600
20160408,54.4800,55.0500,53.8300,54.6400,3408400
20160411,54.7400,55.8600,54.6500,55.0600,3861400
20160412,57.3600,57.7900,54.7900,55.3300,5364000
20160413,56.5800,57.6500,56.1300,57.2800,4069600
20160414,57.7200,57.8800,56.4600,56.7300,3855100
20160415,57.1700,57.5800,56.5900,57.2500,4552000
20160418,59.8400,60.1100,55.3000,55.4200,9335200
20160419,61.1700,61.3500,59.2600,60.4100,4780100
20160420,61.1800,62.0800,59.9900,60.4700,5892900
20160421,60.1800,61.8000,59.9600,61.3700,4882900
20160422,63.3800,63.6200,60.4200,60.5000,5901000
20160425,61.8700,63.0500,60.9800,62.7400,3840400
20160426,63.2500,63.5100,61.8700,62.0500,4693600
20160427,61.2700,63.7600,60.7000,62.0000,8324600
20160428,59.1800,61.4500,59.1000,60.4400,7010200
20160429,59.6200,60.7200,58.0300,59.8100,4626600
20160502,58.9800,59.7600,58.2400,59.5600,3292600
20160503,56.7500,58.8200,56.4400,58.2800,4115200
20160504,55.3200,57.7600,54.7500,57.4000,3777100
20160505,55.8800,57.6700,55.3500,57.2100,3615000
20160506,56.1500,56.9000,55.0200,55.0600,3585800
20160509,54.4700,55.8900,53.9300,55.4100,3144700
20160510,57.7100,57.7600,54.6300,54.9500,4443400
20160511,58.3200,59.2500,56.9200,57.5100,4445300
20160512,58.1400,60.3000,57.4700,59.2000,3713000
20160513,57.7600,58.8800,57.5700,57.8700,3200500
20160516,58.4200,59.7200,58.2000,58.8200,3322800
20160517,57.6600,59.0100,57.3600,58.3000,4640400
20160518,57.9600,58.5100,57.3300,57.7300,3994600
20160519,57.2600,57.5400,55.5400,57.0100,3750300
20160520,57.6600,57.9500,56.5500,57.5500,2738100
20160523,58.5900,59.0900,56.6200,56.9600,2546800
20160524,58.2000,58.9900,57.8000,58.9300,2311700
20160525,60.6400,60.9300,58.7800,58.7800,3708700
20160526,60.4400,62.0000,60.4000,61.5100,3345700
20160527,60.2300,61.1700,59.4600,59.9400,3747200
