20150529,41.1100,41.3700,40.9900,41.2400,2720100
20150601,41.0100,41.3900,40.8700,41.3000,2493800
20150602,41.0300,41.4600,40.9500,41.0200,3309600
20150603,41.6500,42.0100,41.1700,41.2700,6589200
20150604,41.2100,41.6000,41.1700,41.4000,2652200
20150605,41.5400,41.8600,41.3000,41.6000,2840900
20150608,41.0000,41.6600,40.9900,41.4000,2431600
20150609,41.0100,41.1800,40.8500,40.9200,1523200
20150610,42.0300,42.0700,41.2300,41.2300,2681100
20150611,42.3300,42.4400,41.9500,42.0500,2105000
20150612,42.2000,42.3400,42.0200,42.1600,1296500
20150615,41.7500,41.9900,41.5000,41.7400,1744300
20150616,42.0300,42.1200,41.6700,41.7500,1644200
20150617,41.8700,42.2400,41.7500,42.1600,2204400
20150618,42.3800,42.4500,41.8500,42.0000,2003400
20150619,42.0200,42.3400,41.9900,42.2000,2425200
20150622,42.6900,44.1300,42.2800,42.3900,3346300
20150623,42.5500,42.8600,42.4400,42.8100,2664400
20150624,42.2700,42.6500,42.2600,42.5300,2069600
20150625,41.8300,42.4600,41.8200,42.3200,2263600
20150626,42.0700,42.0700,41.8000,42.0000,2273300
20150629,41.2600,41.6000,41.2400,41.5000,4505400
20150630,41.5700,41.8800,41.2600,41.7000,2901600
20150701,44.1900,44.2400,42.5300,42.6200,9824300
20150702,44.0300,44.9000,43.9800,44.3000,7425000
20150706,44.0800,44.1400,43.4700,43.5700,3509100
20150707,44.1300,44.1800,43.2100,43.9300,3439100
20150708,43.0300,43.8100,42.9800,43.6700,3397800
20150709,43.1500,43.8500,43.0800,43.6200,3008700
20150710,43.7800,43.9200,43.6200,43.8000,2000100
20150713,45.1000,45.7900,44.0100,44.1900,6930400
20150714,45.7000,45.8000,44.8100,45.0000,3980800
20150715,46.6800,47.3500,45.3900,45.6900,8212900
20150716,47.2800,47.4200,46.7900,46.8700,4928900
20150717,46.8400,47.1700,46.4400,47.0400,3961000
20150720,46.3000,47.0000,46.2700,46.9900,3847700
20150721,46.7200,47.2300,46.4500,46.5600,4703900
20150722,46.4100,46.8500,46.2200,46.7200,4606500
20150723,46.3200,46.5900,46.1200,46.4900,3447400
20150724,46.4700,46.6900,46.2400,46.3600,2748000
20150727,45.6600,46.1700,45.2800,46.0500,5386100
20150728,46.8500,47.9400,46.1100,46.5400,6951600
20150729,47.6700,47.8400,47.0000,47.0100,4102500
20150730,48.0000,48.0400,47.2800,47.4100,2873100
20150731,47.5500,48.0700,47.4200,48.0000,3613900
20150803,48.2300,48.2400,47.6100,47.8400,3072600
20150804,47.7700,48.3200,47.5600,48.2900,3901600
20150805,47.4700,48.3200,47.4000,48.0700,3647400
20150806,47.6900,47.8700,47.4800,47.6500,2796400
20150807,47.9300,47.9500,47.3500,47.5000,1953100
20150810,48.3800,48.5300,48.1600,48.2500,2023200
20150811,47.8400,48.1300,47.5500,47.6600,2773800
20150812,47.4800,47.7000,46.6500,47.5500,3825700
20150813,48.8200,50.9500,47.4200,47.5100,14600000
20150814,49.3800,49.4600,48.5900,48.7800,3176800
20150817,49.1600,49.1700,48.6600,48.9200,2912700
20150818,49.5300,49.6300,49.0200,49.1600,3208600
20150819,49.2000,49.5400,48.8100,49.1900,3128900
20150820,48.4400,48.7400,48.3700,48.6400,3639200
20150821,46.7400,48.1200,46.7100,47.7700,5536100
20150824,44.4800,45.3800,42.0400,43.2900,5950800
20150825,44.6900,46.2400,44.6900,45.9400,5163800
20150826,46.2300,46.4200,44.8400,46.0700,4626400
20150827,47.0100,47.0900,46.0300,46.7200,3393500
20150828,46.2200,46.6100,45.6900,46.4300,3426800
20150831,45.9500,46.1800,45.8000,46.0000,3632300
20150901,44.7500,45.4200,44.4300,44.8900,4582900
20150902,45.5800,45.7400,44.9300,45.5100,3075200
20150903,45.8000,46.2700,45.5900,45.6700,2504100
20150904,44.7200,45.3100,44.4200,45.1400,3607000
20150908,45.9000,45.9400,45.1500,45.6300,2429700
20150909,45.3000,46.5100,45.1700,46.3800,2443300
20150910,45.8100,46.1100,45.0700,45.0800,2794700
20150911,45.9500,45.9500,45.2300,45.4800,2423900
20150914,45.5600,45.9300,45.4400,45.9300,1762000
20150915,46.2200,46.3500,45.5300,45.8300,2666600
20150916,46.5100,46.6500,46.0100,46.1600,3038200
20150917,45.8100,46.7000,45.7000,46.5600,2601900
20150918,44.3200,45.0700,44.2300,44.8600,7420700
20150921,44.6700,45.1500,44.2900,44.6900,4301800
20150922,44.1200,44.3200,43.8100,44.1300,2473200
20150923,44.4500,44.6300,44.1000,44.2300,2209800
20150924,45.1000,45.1800,43.8600,43.9100,4516400
20150925,45.3800,45.8100,45.0600,45.6400,2843000
20150928,44.4700,45.1700,44.2400,45.1200,2788800
20150929,45.0500,45.1000,44.2100,44.6900,3438000
20150930,45.7800,45.8300,45.0600,45.6200,4380400
20151001,45.9900,46.0800,45.3800,45.7500,2630300
20151002,45.9100,45.9100,44.6900,44.8200,2770600
20151005,46.6700,46.8100,46.1200,46.2400,2430300
20151006,46.5400,46.9100,46.3000,46.5200,2462600
20151007,46.9000,47.0900,46.2200,46.7500,2260900
20151008,47.1100,47.1200,46.5500,46.6700,1965200
20151009,46.8800,47.5100,46.7600,47.1800,2113500
20151012,46.8600,46.9600,46.6700,46.8600,1521200
20151013,46.5200,46.9400,46.4500,46.6000,1382600
20151014,45.8800,46.6100,45.8300,46.4200,1846100
20151015,46.9500,46.9600,46.1600,46.3200,2095700
20151016,47.1400,47.2800,46.8000,47.2300,1910300
20151019,47.4900,47.5100,46.8300,47.0000,2713200
20151020,48.0800,48.4300,47.4600,47.5900,4070300
20151021,48.4100,49.0700,48.1200,48.2800,2793400
20151022,48.7800,49.2100,48.6800,48.7000,2778900
20151023,49.2400,49.4100,48.9200,49.1000,3355600
20151026,48.8100,49.2500,48.5500,49.1600,2853100
20151027,45.3400,46.2300,44.5200,46.0000,12959200
20151028,46.4200,46.4400,44.8900,44.9900,4907000
20151029,47.1200,47.1800,46.2800,46.3700,4254000
20151030,46.2600,47.2000,46.2500,47.0300,4526000
20151102,46.7600,46.9400,46.3500,46.4200,3632300
20151103,46.5000,46.9200,46.4100,46.5800,3446600
20151104,46.5900,46.6200,46.2800,46.4700,3063900
20151105,46.9000,46.9600,46.5400,46.5400,1579600
20151106,47.6000,47.7900,47.2100,47.6000,3028500
20151109,46.8800,47.6600,46.6900,47.5800,2292900
20151110,47.3400,47.3800,46.7800,46.7800,2125200
20151111,46.7400,47.6000,46.7300,47.4600,2211000
20151112,45.7300,46.6400,45.7300,46.3900,3217200
20151113,45.1400,45.8500,45.0800,45.5800,3442200
20151116,45.8800,45.9100,45.0200,45.0600,2015700
20151117,45.5400,46.2000,45.4800,46.0200,2522800
20151118,45.9000,45.9700,45.1300,45.2200,3080300
20151119,46.0200,46.1700,45.7800,45.9000,2010200
20151120,45.9800,46.4300,45.7900,46.2100,3511100
20151123,45.8500,46.2100,45.7200,45.8500,2082400
20151124,45.7000,45.9100,45.4800,45.5500,1778500
20151125,45.5200,45.8200,45.4100,45.7000,1873800
20151127,45.5500,45.7200,45.2000,45.4600,1025300
20151130,45.6400,45.8900,45.1500,45.5700,2689700
20151201,46.2000,46.2900,45.6800,45.9200,2103200
20151202,45.9600,46.3900,45.8600,46.2600,2316500
20151203,45.2700,46.2200,45.1800,46.1200,2503000
20151204,46.7100,46.8700,45.4300,45.5100,2873900
20151207,46.3800,46.9700,46.1800,46.7200,2069400
20151208,45.8400,46.2500,45.7500,45.9500,2003600
20151209,45.1400,45.9900,44.9000,45.5500,2281100
20151210,45.0000,45.4600,44.8900,45.1100,2280500
20151211,43.8700,44.7000,43.6300,44.3000,2529500
20151214,43.2200,44.1100,42.8500,43.9600,3867500
20151215,44.0000,44.2100,43.4100,43.6600,3053800
20151216,44.5800,44.8900,43.6300,44.5200,2860700
20151217,43.3100,44.8300,43.3000,44.7000,2880100
20151218,42.1100,43.2100,42.0700,42.9900,5058300
20151221,42.3900,42.6100,41.6800,42.4000,4299600
20151222,43.2600,43.3100,42.4300,42.7500,2872000
20151223,43.3600,43.5300,43.1900,43.3300,2579000
20151224,43.6600,43.8500,43.3500,43.3500,865500
20151228,43.4900,43.5400,43.1500,43.3600,1509200
20151229,44.1100,44.1600,43.7000,43.8800,1682800
20151230,43.8400,44.2200,43.8400,44.1100,1031600
20151231,43.4600,44.1700,43.4000,43.5400,1450800
20160104,42.6900,42.8200,42.1600,42.6700,2808600
20160105,43.3700,43.5900,42.6100,42.7700,3356100
20160106,42.2400,42.7700,41.9300,42.4900,3053300
20160107,41.2000,41.8500,41.0100,41.2700,3526300
20160108,40.6500,41.6400,40.5700,41.5400,2983900
20160111,40.9200,41.1400,40.3200,40.9400,3427300
20160112,41.3700,41.4800,40.7000,41.3500,2872900
20160113,40.0900,42.0100,40.0300,42.0100,3554700
20160114,40.2500,40.6400,39.7400,40.2100,3041200
20160115,39.0800,39.7000,38.6100,39.0900,4889200
20160119,39.1100,39.6700,38.8300,39.5000,4046300
20160120,37.8700,38.4500,36.5400,38.4200,6079400
20160121,38.0300,38.7200,37.4000,37.9200,3667300
20160122,38.7100,38.9300,38.3400,38.7400,3063600
20160125,37.6300,38.8200,37.5700,38.6600,3180500
20160126,38.6000,38.8300,38.0400,38.0400,2852300
20160127,38.5500,39.4500,38.2900,38.5500,3375900
20160128,38.9000,39.0800,38.3700,39.0500,1934000
20160129,40.1800,40.1900,39.0000,39.1800,4228800
20160201,39.8900,40.1000,39.6100,39.8700,2360300
20160202,39.2200,39.3800,38.9200,39.3200,3132000
20160203,38.9400,39.6800,38.0600,39.5400,3331600
20160204,39.8000,39.8100,38.1700,38.7500,6205400
20160205,40.5400,42.3000,40.4300,40.7700,6164700
20160208,39.5900,39.9900,39.0300,39.9800,4613000
20160209,40.0000,40.2800,38.8500,39.0300,4875600
20160210,39.7400,40.6700,39.7200,40.2000,3190900
20160211,38.6300,39.0200,38.3800,38.4500,3604200
20160212,40.7900,40.8300,39.3400,39.4400,3049000
20160216,41.1700,41.5700,40.6300,41.4500,2773700
20160217,41.9100,42.0800,41.5400,41.6300,2726300
20160218,41.7700,41.9900,41.5500,41.9000,1827400
20160219,41.7800,41.9000,41.3800,41.6200,1864000
20160222,42.5000,42.5200,41.7800,41.7800,1892600
20160223,41.7200,42.4000,41.5400,42.2900,1784800
20160224,41.9000,42.0400,40.9800,41.2300,1678400
20160225,42.7300,42.7300,41.9600,42.1200,1790300
20160226,42.8300,43.3300,42.5900,43.0600,2384800
20160229,42.1200,42.8200,42.1100,42.6800,2747500
20160301,43.5900,43.6500,42.4500,42.5000,2788100
20160302,43.6200,43.8900,43.3600,43.5900,2487600
20160303,43.3800,43.5700,42.9900,43.4000,2812300
20160304,43.7600,44.1400,43.2700,43.4800,2568400
20160307,43.8700,44.0800,43.3200,43.3600,2216300
20160308,43.2600,43.7500,43.0100,43.3100,2773500
20160309,43.2100,43.5200,42.8000,43.2900,2170100
20160310,43.6400,43.7900,42.7700,43.3000,3158500
20160311,44.7100,44.7400,44.0200,44.1400,2395100
20160314,44.6500,44.9900,43.5700,44.4400,2887200
20160315,44.6400,44.6500,44.1300,44.3100,1999600
20160316,45.0900,45.2400,44.3500,44.5300,2775400
20160317,46.1300,46.2900,44.7900,45.1100,3041600
20160318,45.9100,46.4300,45.4700,46.2300,5347700
20160321,45.3900,45.9400,45.0700,45.6500,2676700
20160322,45.8000,46.0100,45.0300,45.2600,2399900
20160323,45.8600,46.0100,45.6100,45.8200,2590000
20160324,45.5800,45.6500,45.1200,45.4400,3171600
20160328,46.2000,46.4200,45.6000,45.7100,2351800
20160329,46.1700,46.1800,45.6300,46.1100,2936400
20160330,46.3100,46.8600,46.0700,46.4200,2296400
20160331,46.0800,46.4000,46.0200,46.3100,3271100
20160401,46.8000,46.9100,45.6400,45.8500,2439900
20160404,46.3200,46.8700,46.2400,46.7500,2094700
20160405,45.7600,46.2100,45.6900,45.7300,1947300
20160406,46.1100,46.2500,45.5900,45.8500,1895000
20160407,45.1200,45.9300,44.8000,45.6100,2230100
20160408,45.0300,45.6200,44.8400,45.5000,2060300
20160411,44.8400,45.6800,44.7500,45.1400,3386300
20160412,45.4100,45.4400,44.6400,45.0100,2370200
20160413,46.1900,46.2300,45.5300,45.8000,2074100
20160414,46.0200,46.5100,45.9100,46.2000,2254600
20160415,45.9200,46.0900,45.6900,45.9000,1775700
20160418,46.0900,46.2000,45.7100,45.7800,1565100
20160419,46.0800,46.5200,45.9800,46.3900,1956000
20160420,46.5600,46.6900,45.9900,46.1900,2191700
20160421,44.8200,46.0900,44.7600,46.0400,3818300
20160422,45.0900,45.2900,44.8600,44.9000,2779100
20160425,44.8000,45.0100,44.3100,44.9500,2293700
20160426,45.0500,45.1600,44.8200,44.9800,1623400
20160427,44.9900,45.2700,44.9300,45.1100,2127200
20160428,43.7600,44.6700,43.7000,44.6300,4829600
20160429,44.3800,44.4600,42.9700,43.2500,4388100
20160502,44.9600,45.0900,44.4600,44.6700,2828600
20160503,44.5700,44.8200,44.2200,44.4600,2201200
20160504,44.0900,44.5700,43.9200,44.2100,1656100
20160505,44.1800,44.5500,43.9600,43.9700,1861900
20160506,43.8700,44.0700,43.4600,43.8700,2245900
20160509,44.1700,44.2900,43.6300,43.8900,1964200
20160510,44.7400,44.8900,44.3200,44.4400,1838000
20160511,44.2600,44.8700,44.2600,44.6700,1878700
20160512,44.5000,44.7100,44.2600,44.5400,2488500
20160513,44.4400,44.8000,44.2600,44.5700,2916600
20160516,44.3000,44.6500,44.2400,44.3800,1970900
20160517,43.7400,44.3700,43.5600,43.9300,2909100
20160518,44.4000,44.5500,43.6600,43.6600,3113200
20160519,44.0500,44.2200,43.7200,44.1300,2201400
20160520,45.0000,45.1800,44.3400,44.4200,2734500
20160523,44.6800,45.0900,44.6500,44.9900,1748700
20160524,45.4700,45.6600,44.8500,44.9700,1889200
20160525,45.4500,45.8900,45.1900,45.6100,2055200
20160526,45.0300,45.4400,44.8800,45.4400,1483300
20160527,45.2000,45.3000,44.5900,44.9100,1551200
