20150529,72.9900,74.0700,72.9300,73.1300,1574500
20150601,72.0100,73.0700,71.7400,72.9800,1500600
20150602,73.8100,74.4700,72.4300,72.4700,1221400
20150603,73.4400,74.7900,72.8500,73.8600,1429400
20150604,72.1800,73.3000,71.8700,72.8300,1398200
20150605,73.6500,74.7200,71.7300,71.8100,1485700
20150608,73.1200,74.5900,72.8500,73.3400,1093200
20150609,72.6900,74.7600,72.6800,73.9000,1132200
20150610,75.1200,75.2500,73.8100,74.8800,1307900
20150611,73.7200,75.1800,73.6200,74.9100,1071700
20150612,73.5000,73.6900,72.6200,72.9900,957300
20150615,72.6100,73.3200,71.8400,72.4100,984100
20150616,73.7600,74.0700,72.6000,72.6900,943800
20150617,73.9200,75.0600,73.4700,74.3900,876000
20150618,72.7900,74.6600,72.6500,74.2800,1426700
20150619,72.1000,72.6900,71.5000,72.2700,1903100
20150622,72.5700,72.8000,71.2900,72.2100,1149900
20150623,72.9400,73.2200,72.2800,72.4600,1074300
20150624,70.9500,72.2500,70.3800,71.7100,3544700
20150625,70.8000,71.3400,70.5700,70.9600,1776700
20150626,70.9500,71.4200,70.1800,70.6000,3095800
20150629,69.8300,70.7200,69.0000,69.6500,1836000
20150630,70.4200,70.9500,69.7400,70.5700,1707000
20150701,68.0100,70.3400,67.9100,70.2900,2099100
20150702,67.7600,68.9300,67.4900,68.3800,1593600
20150706,65.5000,66.9600,65.1800,66.2500,2001400
20150707,65.6200,65.8100,62.4500,65.0900,3430400
20150708,63.6800,66.1800,62.8400,64.6100,2077100
20150709,64.5500,65.7200,64.4900,64.9800,1633800
20150710,64.1100,65.7800,63.9100,65.2900,1584000
20150713,64.8100,65.2300,63.8300,64.6500,1687700
20150714,65.9400,66.2100,64.4000,64.4800,1852800
20150715,62.7100,65.8100,62.5400,65.4000,2471000
20150716,61.9400,63.5400,61.4700,63.2000,2216900
20150717,60.5300,62.0000,60.1700,61.7600,2894700
20150720,59.7800,60.7000,59.3400,60.5100,2045400
20150721,59.2700,61.2500,59.1900,59.8000,2236700
20150722,58.8200,59.2500,58.1700,58.9900,2028400
20150723,59.6100,61.2400,58.8300,59.1600,2359800
20150724,55.9200,59.6100,55.5400,59.6000,4684200
20150727,55.6400,56.3400,54.2000,55.1800,3164600
20150728,57.7700,58.3700,54.9300,56.1400,2574300
20150729,59.8000,60.4500,56.9100,57.4700,4116300
20150730,58.7300,60.8900,58.2700,59.6800,3978200
20150731,57.7400,59.0000,57.4700,58.1300,2024200
20150803,57.7600,58.8800,56.7200,57.4500,2088700
20150804,58.4900,59.7300,58.1300,58.3100,1887300
20150805,57.4600,60.1900,56.8800,59.3000,2285100
20150806,61.6600,62.0400,56.0700,57.1000,3499200
20150807,59.4600,62.9800,59.0700,61.1800,2841200
20150810,62.6700,63.0700,59.1300,59.6900,2298600
20150811,61.7400,62.3500,60.1900,60.7700,2970200
20150812,62.2900,62.9900,60.0800,60.7500,2567500
20150813,60.4300,61.8800,59.7500,61.5800,2040100
20150814,58.2600,61.7500,58.2000,60.4900,2464400
20150817,58.0300,58.7600,57.0300,57.9600,2262300
20150818,58.6300,59.2800,57.7800,58.0700,1554700
20150819,57.2100,58.4200,56.5000,58.0800,2251500
20150820,56.4600,58.5400,56.4600,57.7600,1837500
20150821,54.7500,58.0100,54.7200,56.5200,2671500
20150824,51.3700,53.9000,49.9900,50.3100,4376100
20150825,50.9100,53.3800,50.5900,53.3800,4287500
20150826,51.4900,53.5800,50.3200,52.1500,4298800
20150827,55.0900,55.3200,52.2500,52.8600,3468800
20150828,57.6500,59.1700,54.5100,55.1100,4819400
20150831,59.0100,59.3300,55.5000,56.5800,3651700
20150901,55.9200,58.5100,55.3900,56.9000,2822400
20150902,54.6100,56.5300,53.0000,56.4200,4051400
20150903,54.7000,56.8300,54.0500,54.6400,3076600
20150904,52.2500,54.0600,51.9600,54.0300,2902400
20150908,52.9500,53.4900,51.3400,52.4600,2911100
20150909,50.6600,53.7900,50.3200,52.8400,2889800
20150910,51.2900,51.4800,49.5400,50.7000,3220600
20150911,49.3500,50.5200,48.3500,49.9200,3687400
20150914,49.0100,49.3500,47.5900,49.3100,3326700
20150915,49.8900,50.3900,49.0800,49.3800,2151800
20150916,52.8500,53.0700,50.3600,50.5600,3361900
20150917,52.5900,54.0500,51.4600,52.4700,3663400
20150918,49.2700,51.2200,48.8500,50.5000,4189200
20150921,48.0700,50.0000,47.9600,49.5400,3486200
20150922,47.4400,48.8600,47.0200,47.0600,2585000
20150923,47.1300,48.9300,46.5600,47.8800,2490800
20150924,47.3800,48.0000,46.6100,46.8200,3361600
20150925,47.0900,48.1500,46.7400,47.7100,2444400
20150928,46.5000,46.8600,46.1600,46.2700,3208400
20150929,47.8400,48.7300,46.6500,47.3600,3445000
20150930,47.2600,49.0500,46.7200,48.1900,4180100
20151001,46.8600,49.0000,46.5000,48.2100,3042500
20151002,49.2800,49.3800,46.3200,46.3600,2733400
20151005,51.8100,52.2100,49.7300,50.1500,2951400
20151006,56.1700,56.2200,51.6600,52.3000,5430600
20151007,57.0100,58.6400,55.1500,57.1300,4063600
20151008,59.5800,60.1900,55.7500,57.2500,3698200
20151009,60.2600,60.5300,58.3400,59.7400,2788600
20151012,58.5000,60.5000,57.9000,60.2500,2943300
20151013,57.4100,58.9200,57.0800,58.2100,1981500
20151014,57.6000,57.7800,56.4700,57.4100,2236000
20151015,58.5600,58.6300,56.5400,57.3900,1918000
20151016,56.2200,58.8000,55.1900,58.6600,2831500
20151019,55.8100,56.7300,54.6800,55.3600,2261500
20151020,56.6100,57.2700,55.3200,55.6600,2156500
20151021,55.4800,56.5700,55.3900,56.1700,1627400
20151022,56.7100,57.6200,55.9000,56.5200,1525700
20151023,56.9400,57.8700,55.5300,56.0900,1625800
20151026,54.8600,56.8600,54.5200,56.7800,1878600
20151027,54.5200,55.5100,53.6300,54.5000,2099200
20151028,55.9600,57.3800,53.9700,55.0600,2358300
20151029,55.2600,57.2900,54.8600,55.5800,1985300
20151030,56.2700,56.6200,54.1600,55.6300,1806000
20151102,58.3500,58.4700,55.6500,55.9200,1812300
20151103,61.0000,61.7000,58.6900,58.8800,3454200
20151104,60.2700,61.5000,59.8000,61.0000,2319400
20151105,58.9700,61.0000,58.4700,60.0500,2100900
20151106,58.9500,59.9000,58.1000,58.2300,1994000
20151109,58.4900,59.6300,57.7400,59.0300,1790800
20151110,58.5300,58.7400,56.9500,57.4800,2246300
20151111,55.4200,58.4500,55.1800,58.4400,2876400
20151112,53.4400,56.3300,52.8400,53.8300,3864900
20151113,54.1900,54.8900,52.3700,53.1300,2645600
20151116,55.1200,55.1400,53.1800,53.5200,1986800
20151117,54.4800,55.7500,53.3400,54.6400,1561400
20151118,56.2800,57.1700,54.2300,55.1300,1852600
20151119,54.7400,56.3600,53.9900,55.4600,1501700
20151120,54.7300,55.4500,53.7800,54.6100,1776700
20151123,55.6100,56.0500,54.2100,54.5100,1491300
20151124,58.5000,58.6900,56.3700,56.4400,2093300
20151125,58.4900,59.2500,56.6600,58.5400,1399800
20151127,57.3600,58.2700,56.9600,58.2700,631700
20151130,58.2500,58.9000,57.1800,58.7700,2266700
20151201,58.5100,58.6800,57.2500,57.8500,1664600
20151202,55.1000,58.0700,54.8600,57.7100,2402600
20151203,55.6100,56.1300,54.8400,55.7800,2618000
20151204,53.3800,55.3000,53.1500,54.7800,2454700
20151207,50.7900,52.1800,49.9700,51.9400,2800200
20151208,50.1700,51.9000,49.7100,49.8400,2807100
20151209,51.7300,53.0600,50.5700,50.8200,2705800
20151210,52.6200,53.0600,51.4500,51.7000,1858600
20151211,51.3700,52.3900,51.0700,51.8900,2611300
20151214,51.9600,52.7600,50.9000,51.1900,2558500
20151215,54.7700,54.9800,52.7800,52.8200,2177800
20151216,54.3600,55.6200,53.0300,54.2900,3088500
20151217,51.8000,54.4900,51.6700,54.0900,2346700
20151218,49.8800,51.9900,49.8500,51.8000,2771500
20151221,50.0000,50.6200,48.8200,50.0300,2248200
20151222,52.9200,53.4200,49.9500,50.1900,2079200
20151223,55.9400,56.2200,53.2000,54.2900,2584200
20151224,56.0400,57.0000,54.9900,56.0300,1198100
20151228,53.3800,55.3200,53.0700,54.8900,1739100
20151229,54.1300,55.3700,53.0800,54.8300,1016900
20151230,52.7600,54.1500,52.3500,53.4200,1446000
20151231,53.5500,54.0500,52.5200,52.6000,1375800
20160104,54.1800,54.5500,52.6100,53.3100,1920000
20160105,53.5600,54.3300,52.7900,53.7600,1769900
20160106,50.4800,52.2500,49.9900,51.9300,2532700
20160107,48.5100,49.9900,48.2600,49.3200,2715500
20160108,47.8000,49.0900,46.8200,48.4400,1899600
20160111,45.7400,48.2000,44.9800,48.0300,3234800
20160112,46.0300,47.3100,44.4000,46.7500,3775400
20160113,44.9400,47.3700,44.8900,46.9600,3092300
20160114,46.6300,47.2500,44.3700,45.2100,3544700
20160115,45.1500,45.3700,43.6600,44.6200,3530500
20160119,43.1500,45.3600,42.3000,45.3500,3008400
20160120,42.8500,43.5000,40.0200,41.5800,4259300
20160121,45.2800,46.2800,42.3000,42.4200,4068900
20160122,47.0300,49.1600,45.8000,48.0300,4462100
20160125,43.9300,46.6200,43.9000,45.7300,2595300
20160126,45.8400,46.5300,44.0500,45.4400,2645800
20160127,46.0700,48.2600,45.0600,45.3100,4579200
20160128,49.4800,50.9700,46.5200,46.5400,5093400
20160129,50.8000,50.9700,48.8000,49.6500,3859900
20160201,49.9300,50.1600,48.5200,49.5200,2914200
20160202,46.6300,48.8100,46.2900,48.4700,2879500
20160203,49.3700,49.4100,45.9000,47.9200,2796400
20160204,51.3200,52.0200,49.9100,49.9400,5056700
20160205,50.2800,51.7300,49.0500,50.8600,3234700
20160208,49.6400,49.8700,48.1800,49.0800,2234500
20160209,48.0200,51.0600,46.7400,50.5600,2742300
20160210,46.2600,48.0800,46.2200,46.6700,2267300
20160211,45.7500,46.4200,44.3000,45.4600,3070600
20160212,47.4100,48.5400,46.3700,47.0800,2162900
20160216,48.6400,48.7500,47.4500,48.2900,2550800
20160217,52.9200,53.1600,49.5100,49.6600,3623400
20160218,51.9000,53.6500,50.1800,53.2200,3162100
20160219,51.5800,51.5900,50.0000,50.7800,1726100
20160222,53.8900,54.3200,52.7000,53.0600,2637600
20160223,51.0800,54.0000,50.5600,53.4800,2163600
20160224,51.3200,51.5000,49.0400,49.9400,1561900
20160225,51.5000,51.7000,49.6500,51.5300,1700400
20160226,53.1400,54.2500,52.1100,53.1500,2615200
20160229,52.9700,54.2900,52.3100,53.1900,2478900
20160301,54.7600,55.0500,52.6600,53.9400,2395700
20160302,57.3400,57.3700,53.5700,53.9900,2308700
20160303,58.9800,59.2600,56.7700,57.1700,2878100
20160304,61.9600,63.5400,58.4400,59.4300,4541000
20160307,62.9500,63.4800,61.0100,61.0100,3451200
20160308,60.7000,62.3900,60.0200,62.2700,2211000
20160309,62.2200,63.3100,60.5300,62.0200,2409000
20160310,61.9600,62.3100,59.9300,61.8200,2510400
20160311,63.3900,63.7200,62.3200,62.3900,1685000
20160314,61.1300,62.9400,60.5800,61.9600,2927400
20160315,61.5200,61.5500,58.5700,60.0500,2155200
20160316,62.4400,63.1100,61.4300,62.4300,1638300
20160317,63.1300,63.7500,61.4600,62.7500,2470900
20160318,60.8300,64.0600,60.5700,63.5200,3203600
20160321,60.9800,61.3900,59.6200,60.4100,1885000
20160322,59.8600,61.4000,59.4000,59.9500,1716800
20160323,57.8400,60.6600,57.7000,59.5900,2432100
20160324,58.1000,58.1900,56.3500,56.5800,2685800
20160328,58.4000,58.7700,57.4800,58.4700,1268800
20160329,58.1100,58.4600,56.1800,57.1400,2159700
20160330,58.3100,59.8500,57.4600,59.1500,1728200
20160331,58.7200,59.7400,57.8800,58.0600,1634500
20160401,56.6300,57.5500,55.9600,57.0200,2269200
20160404,56.7900,57.9400,55.9600,56.9300,1827000
20160405,56.7800,57.8400,56.0000,56.0500,1366600
20160406,57.1700,58.2800,56.2200,57.4000,1802700
20160407,56.1700,57.5700,55.7500,56.8100,1975700
20160408,57.2300,58.8300,56.9900,57.7500,1959400
20160411,57.9000,58.9900,57.3700,57.6200,1377900
20160412,60.1000,61.0800,58.2800,58.4900,3726700
20160413,60.1400,60.6300,58.8900,60.3800,1702700
20160414,59.6900,60.8600,59.0600,60.7100,1231000
20160415,58.1600,58.8000,56.7100,58.8000,2987500
20160418,59.8700,60.0300,55.8300,56.0100,2486600
20160419,63.0600,63.4700,60.2000,60.5800,2598600
20160420,63.5700,64.3300,62.3700,62.7400,2045500
20160421,63.7100,64.3400,62.9400,63.9100,1662500
20160422,64.0800,65.5500,63.2500,63.7400,2648300
20160425,62.9500,64.2800,62.5000,63.4400,1356600
20160426,63.0500,63.8100,62.3700,63.6800,1565700
20160427,64.9500,65.0000,63.5300,63.9600,1749500
20160428,64.9200,66.0900,63.8300,64.6400,2428400
20160429,66.1200,66.2600,64.1600,64.2400,3092900
20160502,63.0500,65.7000,61.8500,65.7000,3956800
20160503,61.6800,62.2700,60.6400,61.8400,2731700
20160504,60.0300,62.4200,59.2500,62.2000,2270900
20160505,60.0900,61.7600,59.5200,61.6700,1047000
20160506,60.6900,61.6000,59.6300,59.7000,1504600
20160509,58.2700,60.5800,57.8300,60.4800,1740300
20160510,59.7000,59.8900,58.4800,58.8200,1321600
20160511,59.4900,60.2300,57.9700,58.6200,1543700
20160512,58.6500,60.6400,58.2900,60.0300,1218400
20160513,58.0800,59.6500,57.9800,58.3800,1068700
20160516,59.3300,60.3300,59.2100,59.4000,952000
20160517,59.9400,60.9700,58.9200,59.1200,1605300
20160518,57.8800,60.3500,57.6600,59.8500,1717600
20160519,57.4500,57.8200,56.3500,57.1000,1600600
20160520,58.8100,59.4000,57.6100,57.6600,1539000
20160523,58.2600,58.5200,57.4200,58.2300,1275500
20160524,58.5300,58.6800,57.3100,58.0000,1318200
20160525,60.3800,60.9600,58.5300,59.2400,1289000
20160526,60.6200,61.3500,59.7100,61.1100,1276500
20160527,60.5900,60.6600,59.8200,60.4100,1100400
