20150529,15.1680,15.3043,15.1044,15.2679,27299100
20150601,15.3315,15.4360,15.1272,15.1726,20373300
20150602,15.3860,15.5677,15.1362,15.2861,21692600
20150603,15.4223,15.5586,15.3724,15.4450,23260800
20150604,15.1226,15.3633,15.0681,15.2316,28373900
20150605,14.9500,15.1862,14.9046,15.1362,26715800
20150608,14.8456,14.9546,14.7139,14.8819,20899600
20150609,14.7956,14.9183,14.6639,14.8320,18063700
20150610,14.9455,15.0545,14.8320,14.8320,14657000
20150611,14.7684,15.0318,14.7457,14.9591,19590500
20150612,14.7184,14.8411,14.6231,14.7502,11506300
20150615,14.4005,14.6549,14.3733,14.6549,26873000
20150616,14.3733,14.4233,14.2961,14.4051,28651500
20150617,14.6276,14.6730,14.3960,14.3960,24212500
20150618,14.5686,14.7866,14.5413,14.6458,33620100
20150619,14.4414,14.5777,14.4414,14.5141,32953400
20150622,14.3960,14.5322,14.3915,14.5141,25077500
20150623,14.3642,14.4868,14.3233,14.4823,26198300
20150624,14.3233,14.4278,14.3143,14.3279,22556000
20150625,14.1735,14.4005,14.1099,14.4005,21054900
20150626,13.8647,14.0327,13.7466,13.8874,44779000
20150629,13.6104,13.8102,13.5786,13.7738,36351100
20150630,13.6285,13.7193,13.4060,13.6558,42614000
20150701,13.8601,13.8738,13.6013,13.7738,40408700
20150702,13.9373,14.0827,13.9146,13.9419,34572900
20150706,13.8828,13.9101,13.4968,13.7965,25501800
20150707,13.9873,14.1235,13.7193,13.8601,39923400
20150708,13.8283,13.9328,13.7693,13.8465,34055300
20150709,13.8011,14.0054,13.7784,13.9555,28691400
20150710,13.9192,14.0236,13.7784,13.9873,20429900
20150713,13.9600,14.0690,13.8601,14.0509,14817300
20150714,13.8556,13.9555,13.8329,13.9282,19164700
20150715,13.8510,13.9373,13.8056,13.8738,26173900
20150716,13.7829,13.9646,13.7784,13.9101,23588000
20150717,13.7875,13.8283,13.6013,13.7784,27158400
20150720,13.8283,13.8692,13.6694,13.8056,26343800
20150721,13.9237,13.9373,13.6649,13.6921,37532600
20150722,13.9737,13.9827,13.7829,13.8147,26893000
20150723,14.1826,14.2870,13.9873,14.0872,33530100
20150724,13.9918,14.2643,13.8692,14.1599,51338300
20150727,13.7375,13.8465,13.6603,13.8465,21959400
20150728,13.7466,13.8647,13.6285,13.8556,17687800
20150729,13.7602,13.8283,13.6649,13.7239,18873800
20150730,13.9055,13.9282,13.6603,13.7239,15541700
20150731,13.8601,13.9964,13.8420,13.9464,26260200
20150803,13.6331,13.9237,13.5468,13.8919,25410000
20150804,13.5150,13.7148,13.4060,13.6467,27861700
20150805,13.7602,13.7965,13.6104,13.6331,22831400
20150806,13.6876,13.9782,13.6739,13.8056,23400200
20150807,13.3560,13.7193,13.3515,13.6331,22853200
20150810,13.7330,13.7557,13.3787,13.3833,21779500
20150811,13.3152,13.6104,13.3061,13.5967,20635200
20150812,13.2153,13.2289,12.8883,13.2107,28699300
20150813,12.9201,13.3560,12.9155,13.1698,18760600
20150814,13.0381,13.0926,12.9019,12.9201,16725300
20150817,12.9927,13.0790,12.8429,12.9428,18111000
20150818,12.8928,12.9791,12.8111,12.8747,23687600
20150819,12.5976,12.8837,12.5386,12.8020,35782900
20150820,12.4205,12.6521,12.3569,12.4932,36584500
20150821,12.4750,13.3651,12.2343,12.2389,82317400
20150824,12.0799,12.6067,11.2852,11.6303,77705904
20150825,11.6667,12.4342,11.6485,12.3433,51917400
20150826,12.3070,12.3206,11.7938,11.9709,50281800
20150827,12.6203,12.6521,12.3433,12.4387,39007500
20150828,12.7293,12.7747,12.5613,12.5795,32787800
20150831,12.7430,12.7702,12.5840,12.6294,32679000
20150901,12.6294,12.7838,12.4069,12.4387,39561800
20150902,12.7157,12.7884,12.4478,12.7838,24898200
20150903,12.7747,13.0336,12.6885,12.7293,23986200
20150904,12.2570,12.5250,12.2480,12.4523,32748800
20150908,12.5295,12.5477,12.3660,12.4569,22639200
20150909,12.3797,12.7203,12.3569,12.6658,25772200
20150910,12.4114,12.4886,12.1935,12.3479,22748200
20150911,12.3297,12.4024,12.2253,12.3433,25235600
20150914,12.2797,12.4932,12.2434,12.3479,28594700
20150915,12.3115,12.3842,12.1980,12.2434,35193500
20150916,12.9292,12.9655,12.5023,12.6022,71039800
20150917,12.5204,12.8383,12.4932,12.6158,37588100
20150918,12.0527,12.5023,12.0118,12.4886,64914500
20150921,12.0073,12.1253,11.8892,11.8892,35254900
20150922,11.6485,11.9391,11.5259,11.7575,70321296
20150923,11.5758,11.6985,11.4850,11.6485,24554500
20150924,11.4714,11.5032,11.3261,11.4351,30536700
20150925,11.3579,11.5577,11.2443,11.5395,27951700
20150928,11.1580,11.3079,11.0808,11.1217,33171600
20150929,11.1944,11.3306,11.0354,11.1172,37439300
20150930,11.6303,11.6757,11.3261,11.3851,42508900
20151001,11.5123,11.6757,11.3896,11.5895,27526500
20151002,11.8392,11.8392,11.3533,11.3579,34297500
20151005,12.3433,12.3706,11.9164,11.9664,34995100
20151006,12.7157,12.7702,12.3115,12.3297,46387100
20151007,12.7203,12.8338,12.6022,12.7657,37784800
20151008,13.2516,13.2607,12.6703,12.7112,44186400
20151009,13.3061,13.5195,13.1926,13.2334,52431800
20151012,13.3061,13.3333,13.0836,13.2652,18726900
20151013,13.2743,13.4423,13.1381,13.1789,19378500
20151014,13.3606,13.3833,13.1426,13.2289,18953100
20151015,13.0654,13.2879,13.0472,13.1880,26036200
20151016,13.1063,13.1517,12.9519,13.1153,26410600
20151019,13.1608,13.1971,12.9473,12.9882,27508000
20151020,12.9700,13.1471,12.9246,13.0881,18177500
20151021,12.8202,13.0699,12.8111,12.9837,18080000
20151022,13.0654,13.1335,12.8792,12.8792,17540900
20151023,13.1835,13.2834,13.0472,13.1608,18330500
20151026,12.7475,13.1789,12.7248,13.1426,22048800
20151027,12.4659,12.7339,12.4205,12.6794,33424200
20151028,12.7066,12.7157,12.4432,12.4977,18359200
20151029,12.4296,12.6113,12.3842,12.5477,22002200
20151030,12.2434,12.4387,12.1344,12.3161,58129700
20151102,13.8300,14.0000,12.4100,12.4700,51620800
20151103,14.2900,14.5000,13.5500,13.7300,39579400
20151104,14.1400,14.4300,13.9100,14.2500,34907600
20151105,14.0500,14.2500,13.9600,14.2100,16651600
20151106,14.0100,14.0600,13.8300,13.9600,21712700
20151109,13.8700,14.3500,13.8400,14.2500,19631600
20151110,14.1200,14.1400,13.8300,13.8700,15740300
20151111,13.9200,14.2100,13.9000,14.1300,9752900
20151112,13.3100,13.8000,13.2900,13.7900,20432200
20151113,13.1100,13.4500,13.0300,13.3600,17493700
20151116,13.3500,13.4300,13.1100,13.1500,12704600
20151117,13.2800,13.6500,13.2600,13.4100,14773000
20151118,13.6400,13.6900,13.3800,13.4300,12828600
20151119,13.7900,13.8400,13.6200,13.6700,15354600
20151120,14.0600,14.0900,13.8100,13.8400,20111400
20151123,14.2300,14.3300,13.9900,14.3100,14518100
20151124,14.6400,14.8200,14.0200,14.0700,28906300
20151125,12.6400,13.2700,12.2600,13.1700,71908600
20151127,12.6100,12.8800,12.5100,12.5400,17214300
20151130,12.5400,12.6900,12.3900,12.5800,28852400
20151201,12.7400,12.7700,12.5200,12.6300,17801800
20151202,11.9500,12.6100,11.9000,12.6100,52272800
20151203,12.1500,12.3700,11.8600,11.9700,47349900
20151204,12.3200,12.5600,12.1200,12.1500,21815300
20151207,12.1500,12.4700,12.0700,12.2100,21616400
20151208,12.1900,12.3600,11.8900,11.9200,20595500
20151209,12.1100,12.4500,12.0500,12.0800,23603500
20151210,12.3600,12.3800,12.1200,12.1200,15199900
20151211,12.2100,12.2800,12.0400,12.1400,20889500
20151214,12.1600,12.4700,12.0100,12.3000,19394200
20151215,12.2100,12.4700,12.2000,12.2200,18578000
20151216,12.2600,12.4000,12.1800,12.2700,18241300
20151217,11.9000,12.3500,11.8900,12.2800,25744300
20151218,11.5100,11.9100,11.4500,11.8300,38462400
20151221,11.4300,11.6300,11.3100,11.6000,18336200
20151222,11.6600,11.7600,11.3000,11.4000,19678100
20151223,11.7500,11.7900,11.6600,11.7500,11953800
20151224,11.7300,11.8900,11.7200,11.7500,4626600
20151228,11.6300,11.7200,11.5800,11.7000,8052400
20151229,11.8600,11.9300,11.6700,11.6700,9666300
20151230,11.8400,11.9600,11.8100,11.9100,8390600
20151231,11.8400,11.9900,11.7600,11.8300,10382700
20160104,11.6000,11.6600,11.4500,11.5800,15143500
20160105,11.7100,11.7800,11.5800,11.6500,13558400
20160106,11.2900,11.5200,11.2000,11.5200,16352600
20160107,10.7700,11.0500,10.7200,11.0500,25487700
20160108,10.5800,10.9200,10.5500,10.8300,17429400
20160111,10.6500,10.7500,10.5000,10.6600,17004000
20160112,10.8200,10.8900,10.5700,10.7600,16629500
20160113,10.5800,10.9300,10.4400,10.8300,29839500
20160114,10.6200,10.8200,10.5400,10.6000,29085000
20160115,10.1100,10.3800,9.9900,10.1800,24212500
20160119,9.7600,10.2800,9.7000,10.2700,27430300
20160120,9.5500,9.6300,9.2400,9.5500,27005100
20160121,9.9400,10.0100,9.5100,9.6100,25739300
20160122,9.8000,10.2400,9.7300,10.1300,17295200
20160125,9.4900,9.8100,9.4500,9.7900,14556800
20160126,9.6400,9.8000,9.5100,9.5400,9929600
20160127,9.6200,9.8900,9.5700,9.6400,9768600
20160128,9.4800,9.7700,9.4200,9.7500,13443700
20160129,9.7100,9.7200,9.4000,9.5800,47468400
20160201,9.9700,10.0100,9.5900,9.6500,21712300
20160202,9.8800,9.9700,9.7300,9.8300,21614700
20160203,9.6500,9.8500,9.3300,9.8100,15264300
20160204,9.8600,9.9400,9.6000,9.6000,11744600
20160205,9.9100,10.1200,9.7600,9.8300,17014200
20160208,9.3700,9.8100,9.2100,9.7600,15919200
20160209,9.1900,9.4200,9.1500,9.2900,20489200
20160210,9.2800,9.4700,9.1900,9.2400,12246800
20160211,9.0200,9.2000,8.9100,9.1400,14737600
20160212,9.4200,9.4400,9.0300,9.0900,9665500
20160216,9.8100,9.8500,9.4500,9.5600,12066900
20160217,10.0800,10.1000,9.8700,9.8800,11990100
20160218,10.5200,10.6700,10.1000,10.1300,18758900
20160219,10.3200,10.4900,10.0500,10.4900,13933500
20160222,10.6800,10.7500,10.4200,10.4400,10850000
20160223,10.3100,10.6300,10.2500,10.6100,13019800
20160224,10.8200,10.8600,10.1000,10.2800,21745800
20160225,10.3400,10.4600,9.9500,10.1600,35602800
20160226,10.6400,10.9900,10.3800,10.4400,22768000
20160229,10.6900,10.8500,10.6000,10.6400,17442500
20160301,10.9300,11.0200,10.6700,10.8400,17280100
20160302,10.9000,11.0600,10.7700,10.9300,12508200
20160303,11.1100,11.3000,10.9600,10.9700,18109800
20160304,11.1800,11.3200,11.1000,11.1500,15194000
20160307,11.3100,11.4000,10.9500,10.9900,12399200
20160308,11.0500,11.2700,10.9600,11.2000,13055000
20160309,11.3600,11.4500,11.0900,11.0900,11880800
20160310,11.4200,11.5600,11.1500,11.3900,15901300
20160311,11.7000,11.7000,11.4500,11.5200,12790100
20160314,11.4700,11.7100,11.3600,11.6300,13505900
20160315,11.4000,11.4500,11.2000,11.4300,11117600
20160316,11.6200,11.6700,11.3500,11.4100,11653000
20160317,11.7200,12.2500,11.5900,11.6200,18154200
20160318,12.1800,12.2200,11.7800,11.7800,34481100
20160321,12.2100,12.2400,11.9800,12.1400,13738300
20160322,12.2600,12.3000,12.0600,12.0900,10903800
20160323,12.0200,12.2800,11.9700,12.2400,11969400
20160324,12.0700,12.1000,11.7200,11.9800,12017900
20160328,12.0700,12.1400,11.9600,12.0600,10493600
20160329,12.2800,12.3500,11.9200,12.0300,10561900
20160330,12.3000,12.3900,12.1600,12.3400,10768500
20160331,12.3200,12.3600,12.2000,12.3000,13753700
20160401,12.2600,12.2900,12.0300,12.2100,11914500
20160404,12.1000,12.3000,12.0900,12.2400,11098400
20160405,11.9500,12.1400,11.9300,12.1000,15435400
20160406,12.2800,12.2900,11.8900,12.0300,13010400
20160407,11.9900,12.2900,11.9300,12.2100,13942100
20160408,12.0600,12.2800,12.0500,12.0900,8256100
20160411,12.1300,12.4400,12.1000,12.1000,15955700
20160412,12.2200,12.3100,11.7800,12.2000,26895900
20160413,12.6400,12.7400,12.2600,12.3400,16021600
20160414,12.5500,12.6900,12.3400,12.5600,14127700
20160415,12.5200,12.7100,12.5000,12.5700,12475600
20160418,12.6700,12.9600,12.4500,12.4800,15574200
20160419,12.7800,12.9200,12.5900,12.7000,17528900
20160420,12.8000,12.9600,12.7300,12.8200,17054400
20160421,12.5900,12.8400,12.5800,12.7800,10991600
20160422,12.6100,12.7300,12.5200,12.5200,11597600
20160425,12.5700,12.6400,12.3700,12.5500,13858200
20160426,12.7300,12.7900,12.5800,12.5900,15669400
20160427,12.7600,12.7900,12.4900,12.6600,10285000
20160428,12.5700,12.8000,12.5200,12.7400,7913700
20160429,12.2700,12.5100,12.1300,12.4900,13287400
20160502,12.1200,12.3300,12.0200,12.2600,11952800
20160503,11.7100,12.1100,11.6100,12.0500,16152900
20160504,11.5900,11.8000,11.5200,11.6500,8632100
20160505,11.4500,11.7400,11.4000,11.6700,8973100
20160506,11.5900,11.6400,11.3700,11.4000,8438300
20160509,11.4300,11.6300,11.3800,11.5800,9495400
20160510,11.6100,11.7200,11.4100,11.4800,14855000
20160511,11.6900,11.7600,11.5300,11.6200,14061100
20160512,11.5600,11.8000,11.4500,11.7800,12098300
20160513,11.5000,11.6900,11.4300,11.5300,7586400
20160516,11.6400,11.6800,11.4900,11.5300,6090700
20160517,11.5300,11.7900,11.4800,11.5900,9516600
20160518,11.5700,11.6800,11.4700,11.5800,6997400
20160519,11.4400,11.5500,11.3100,11.4700,10700000
20160520,11.6600,11.6800,11.4000,11.4800,10408000
20160523,11.6700,11.8700,11.6200,11.6600,9389100
20160524,11.9100,11.9300,11.6200,11.6800,8792700
20160525,12.2000,12.3400,12.1100,12.2400,15239800
20160526,13.0400,13.1500,12.4500,12.5000,29763800
20160527,13.1700,13.3100,12.9600,13.0200,18723800
