20150529,92.8600,93.6100,92.8600,93.5000,1015800
20150601,92.7300,93.2300,92.4500,92.9200,695900
20150602,92.5300,92.7300,92.1100,92.4900,570300
20150603,91.7000,92.5400,91.3700,92.2900,1516800
20150604,91.2700,92.0500,91.2000,91.2700,1076400
20150605,90.8700,91.3400,90.7900,91.1900,1371300
20150608,91.5700,91.9300,90.7100,91.0000,964800
20150609,91.0700,91.5700,90.9800,91.4300,857200
20150610,91.1100,91.9000,91.0700,91.3300,931400
20150611,90.7600,91.3700,90.5900,91.1200,895000
20150612,91.0400,91.5200,90.2800,90.6200,1420800
20150615,90.8600,91.4700,90.2700,90.6800,712900
20150616,92.1000,92.6500,90.7900,90.8200,1075900
20150617,92.4700,92.9000,91.8000,92.0400,817700
20150618,92.2600,93.0200,92.1900,92.6600,1134300
20150619,89.0400,91.4500,88.7100,90.3700,5668100
20150622,89.2400,89.5900,88.7800,89.5400,2170300
20150623,89.1200,89.4800,89.1000,89.3500,1136100
20150624,88.2400,89.1100,88.1800,89.1000,1236500
20150625,87.8600,88.5000,87.7900,88.4300,1395800
20150626,88.5500,88.8700,88.1200,88.2900,987500
20150629,87.9100,88.7600,87.8000,87.8100,1192200
20150630,88.8300,89.6600,88.0800,88.4400,1403200
20150701,89.5600,89.5600,88.5200,89.2100,1184300
20150702,90.0400,90.3900,89.6000,89.8100,1253500
20150706,88.9200,89.9300,88.2500,89.6900,1019200
20150707,91.2900,91.4200,88.9500,89.2100,1592500
20150708,90.3700,91.1800,90.0400,90.9000,954400
20150709,90.8100,91.4300,90.6200,91.2000,1155600
20150710,91.8700,92.3900,91.1200,92.1500,1164900
20150713,92.1300,92.4700,91.7400,92.0000,738900
20150714,92.4300,92.9000,92.1600,92.2100,766200
20150715,91.6800,92.4500,91.5200,92.4200,813700
20150716,92.3200,92.5300,91.9800,92.3300,641500
20150717,91.5100,91.7500,90.9600,91.7200,618900
20150720,91.3300,91.6000,91.0900,91.5100,570100
20150721,90.7200,91.3800,90.3700,91.3800,783800
20150722,91.0900,91.3400,90.5200,90.7300,575700
20150723,90.6500,91.3100,90.4900,90.9700,428700
20150724,90.2000,90.4800,89.7500,90.3000,538000
20150727,90.6700,91.0700,89.5000,89.9500,721400
20150728,92.0200,92.0400,90.7400,91.0400,767500
20150729,92.5000,92.6300,91.7100,92.0900,614200
20150730,92.8600,93.0100,92.1300,92.4300,714200
20150731,92.8900,93.3400,92.7800,93.1400,1217600
20150803,92.5200,92.8900,91.8400,92.8800,859700
20150804,92.8000,92.9000,92.1700,92.4200,889200
20150805,92.6600,93.0100,91.1000,91.6000,1449800
20150806,92.2000,93.1900,91.4800,92.8100,2026800
20150807,89.7300,91.3000,88.0400,90.8400,1997000
20150810,91.8100,92.4500,90.1600,90.1600,1496300
20150811,91.4400,91.7200,90.8000,91.4300,813700
20150812,92.2600,92.2900,90.2900,91.0400,991100
20150813,90.4800,92.0200,90.4600,91.8700,952700
20150814,91.3500,91.4500,90.2700,90.5400,835600
20150817,92.3100,92.5100,90.8000,91.0900,1244200
20150818,93.4400,93.7000,92.0000,92.3000,2055500
20150819,92.0800,93.2300,91.6000,92.6100,1474300
20150820,91.5900,92.5400,91.2000,91.2300,1230800
20150821,89.5200,90.9600,89.3700,90.6300,1873800
20150824,86.4700,86.5900,82.4100,86.1900,2255700
20150825,85.1300,88.1800,85.0500,87.7100,1457500
20150826,88.1900,88.3600,85.9300,86.3700,1459400
20150827,90.2400,90.6300,88.8300,88.9600,1488800
20150828,90.2000,90.4800,89.5100,90.1000,1180700
20150831,89.5200,89.8700,89.2100,89.7200,909600
20150901,87.0800,88.8800,86.6700,88.2400,1486700
20150902,88.6200,88.6600,87.7200,87.9800,830100
20150903,90.2400,90.4600,88.7300,88.9500,1323600
20150904,89.7200,90.1600,88.4500,89.2200,1354900
20150908,92.1100,92.4000,90.5900,90.8100,1210300
20150909,90.3800,93.0900,90.1600,93.0300,1339900
20150910,90.7100,91.4100,89.9300,90.1100,857100
20150911,91.2100,91.2900,90.0800,90.6200,718700
20150914,90.2200,91.1600,89.9800,91.1600,822400
20150915,90.7500,90.9400,89.6400,90.3200,935300
20150916,93.7400,93.9600,91.7500,91.8200,1636800
20150917,93.3000,94.4200,92.8400,93.6900,1021800
20150918,92.4600,93.2000,92.1800,92.1800,1916900
20150921,92.7800,93.3100,92.4000,92.9100,818800
20150922,91.7100,91.8300,91.1200,91.7300,837400
20150923,91.8500,91.9500,91.0700,91.6400,602400
20150924,92.0900,92.2200,91.2600,91.2600,711000
20150925,92.5600,93.6500,92.1800,92.6300,621100
20150928,91.2800,92.6500,91.2100,92.2900,736400
20150929,92.3900,92.5500,91.1400,91.2200,1211400
20150930,91.8800,93.4800,91.1800,93.2500,1193900
20151001,92.0500,92.2800,90.8600,92.2800,1266400
20151002,94.3100,94.3500,90.8200,90.8200,1220400
20151005,95.4900,95.9400,94.3600,94.7800,1801000
20151006,94.1700,95.4800,93.4500,95.4600,1267800
20151007,95.6700,95.7100,94.0100,94.6500,1241200
20151008,97.0000,97.1800,95.1100,95.6500,990100
20151009,96.5600,97.4000,96.2500,96.9400,750100
20151012,97.0700,97.3500,96.5600,96.7000,493300
20151013,95.7400,97.1200,95.5600,96.7900,1062800
20151014,94.3000,95.9000,94.0600,95.6700,819000
20151015,94.7300,95.2600,93.6100,94.9700,765300
20151016,95.2800,95.6400,94.6200,95.2000,523800
20151019,95.2500,95.7000,95.0100,95.0100,491400
20151020,94.2100,95.0400,94.0300,95.0000,850600
20151021,94.0500,94.8000,94.0200,94.4000,1061200
20151022,95.9300,96.1800,94.5300,94.6400,996700
20151023,95.6700,96.7500,94.9300,96.2500,757800
20151026,94.9600,95.8100,94.2700,95.6500,936800
20151027,94.3300,94.9500,93.7500,94.6500,1355700
20151028,88.2400,91.4200,88.0200,90.9500,4107600
20151029,88.9600,89.6700,87.0600,88.2000,3474000
20151030,88.6900,89.7800,88.6700,89.1200,1341100
20151102,87.9600,89.2000,87.1900,88.8700,1906800
20151103,88.0600,88.4300,87.3700,87.8100,1657400
20151104,87.7100,88.4700,87.0600,88.3500,1422200
20151105,87.7100,88.4800,87.4300,88.1800,1284300
20151106,86.1600,87.5100,85.4200,87.2400,1262300
20151109,85.1200,86.1600,84.5900,86.0000,1380500
20151110,85.8000,85.9200,84.6200,85.2300,1189500
20151111,86.5900,86.9900,85.8000,86.0000,906600
20151112,85.1600,86.7100,85.1000,86.6300,1040500
20151113,83.8200,85.5500,83.3500,85.2100,1535100
20151116,84.7600,84.7900,83.7700,83.8700,1321000
20151117,83.5800,85.0900,83.0400,84.7400,1527400
20151118,85.3200,85.6000,83.3300,83.9400,1592900
20151119,85.0900,86.1500,85.0200,85.5200,1095300
20151120,84.5900,85.7500,84.5300,85.3900,1609000
20151123,85.6500,85.6500,84.4000,84.4400,1390200
20151124,86.5200,86.6800,85.0600,85.0600,2367100
20151125,86.9100,87.2200,86.0600,86.2500,1260700
20151127,87.0000,87.7200,86.5000,86.7900,638200
20151130,86.3100,87.3200,86.3000,86.9700,1530900
20151201,85.6200,86.8600,85.2300,86.3500,2526700
20151202,85.2100,86.3500,84.8500,85.8200,1190100
20151203,84.5600,85.6700,84.0000,85.3000,1027500
20151204,86.5000,86.7900,84.8100,84.8100,1090200
20151207,87.1400,87.2800,86.2200,86.4400,922500
20151208,87.8600,88.3200,86.6900,86.9500,1372200
20151209,86.6100,87.9900,86.5100,87.1800,995500
20151210,86.7700,87.5200,86.3700,86.5000,1018900
20151211,87.4300,88.5400,85.6500,85.8500,1919000
20151214,89.9100,90.1900,87.5100,87.6100,2275500
20151215,89.3500,90.8900,88.6700,90.2500,1945100
20151216,91.4200,92.0000,89.6000,89.8200,1683600
20151217,89.8300,91.5800,89.4300,91.4500,1280200
20151218,88.7600,89.1100,87.8500,89.0900,1852700
20151221,89.1800,89.4000,88.4900,89.1300,878500
20151222,89.7300,89.7900,88.1500,89.5000,793000
20151223,90.3400,90.4200,89.1200,89.8600,746000
20151224,90.3200,90.5200,89.9800,90.2800,292400
20151228,90.3900,90.4300,89.7000,90.2000,515000
20151229,90.9800,91.2400,90.5600,90.6900,593100
20151230,90.6000,91.1300,90.4700,90.8600,666600
20151231,89.2700,90.1000,89.0900,90.1000,559100
20160104,87.9900,88.4100,87.1200,88.1600,1042800
20160105,87.6700,88.8800,87.2300,88.4800,1449700
20160106,87.7300,88.0400,86.2100,86.7100,2128400
20160107,85.7000,87.1800,85.4200,86.7100,1713000
20160108,84.9200,86.2300,84.7500,85.9800,1182100
20160111,84.2500,84.9400,83.5200,84.2900,1611100
20160112,85.0100,85.2000,84.0100,84.9900,843300
20160113,83.6000,85.3000,83.4200,85.2400,1348600
20160114,84.5700,85.0700,83.4800,84.0900,1549100
20160115,83.3200,83.7400,82.6200,83.2000,1547100
20160119,84.6100,84.7400,83.5200,83.6700,1166800
20160120,84.9900,85.5800,82.6500,83.8800,1741300
20160121,84.6600,85.2800,83.8200,84.9600,1667100
20160122,85.2500,86.1900,84.8800,85.2300,1121100
20160125,83.7700,85.2100,83.0300,84.9100,2127100
20160126,85.0800,85.4900,83.6400,84.1300,1379500
20160127,84.4300,86.0500,84.2900,85.1600,2222400
20160128,87.0000,88.2300,82.4200,85.7200,3498400
20160129,88.1100,88.2800,86.6400,87.2500,2351800
20160201,89.3600,90.3200,87.9500,88.1900,2463200
20160202,89.5000,89.9300,88.1400,88.4700,2242800
20160203,88.7800,89.8400,88.5100,89.4300,1696400
20160204,88.6400,89.6400,88.2000,88.7200,1343100
20160205,87.7000,89.4000,87.4000,88.8900,1227000
20160208,90.0100,90.4100,87.3800,87.4500,2284500
20160209,89.8200,90.3500,88.3600,89.0500,1872300
20160210,89.7500,91.3300,89.5400,89.8200,1084800
20160211,88.4900,89.1000,87.9200,89.0200,1356100
20160212,89.7000,89.8700,88.7700,88.9900,1080300
20160216,90.3900,90.5600,89.0500,90.0000,1013600
20160217,91.6100,92.4700,90.3900,90.5900,1506100
20160218,90.4900,91.4100,90.0100,91.4100,1111400
20160219,91.0300,91.4400,90.1400,90.5800,1182000
20160222,90.3500,91.7500,90.0100,91.7500,1004400
20160223,89.9100,90.3200,88.9300,89.7300,1126200
20160224,90.6700,90.9300,89.3600,89.6400,1116600
20160225,91.9400,91.9600,90.1800,90.6600,860800
20160226,90.6200,92.0000,90.2500,92.0000,792800
20160229,90.8900,91.7100,90.2900,90.4900,1052700
20160301,91.8600,92.3100,91.4200,91.7100,958700
20160302,92.2700,92.4600,91.2900,91.9900,944000
20160303,93.3600,93.4100,92.0000,92.2000,816900
20160304,93.1800,93.7900,92.7200,93.0500,681200
20160307,92.4400,93.3000,92.0500,92.5200,982700
20160308,92.0400,92.6100,91.6900,91.7700,897200
20160309,92.5700,93.2200,91.9600,92.3800,889000
20160310,91.9500,93.0000,91.7900,93.0000,734300
20160311,92.7200,92.9600,92.1700,92.1900,656500
20160314,92.3200,92.8200,92.0700,92.4800,562900
20160315,92.5400,92.7400,91.3500,92.0000,538300
20160316,92.7900,93.1200,91.7500,92.4200,624300
20160317,92.6400,93.2600,92.5000,93.0100,995400
20160318,90.9800,92.7900,90.5500,92.6900,2147500
20160321,90.8800,91.1900,90.0500,90.7000,888900
20160322,89.3500,90.8900,89.2900,90.6300,1620200
20160323,89.9200,90.3800,89.2500,89.3500,963700
20160324,90.0700,90.3500,89.3600,89.4000,886100
20160328,90.3200,91.0000,90.1200,90.1300,872100
20160329,91.8600,91.9200,90.1500,90.2000,1284500
20160330,91.8500,92.0400,91.1600,92.0000,1507100
20160331,92.0900,92.3000,91.3900,91.5100,1174500
20160401,93.7100,93.7700,91.8100,91.8900,1158500
20160404,92.5000,94.1700,92.3300,93.8100,978900
20160405,91.3400,92.9900,91.0800,92.8200,1123600
20160406,91.8600,92.1500,90.8000,91.3800,1019100
20160407,91.0400,91.5700,90.0900,91.2800,1146600
20160408,91.8100,91.8200,91.0800,91.2500,736600
20160411,91.6000,92.4000,91.5000,91.9500,778800
20160412,92.1400,92.4200,91.1200,91.4400,526500
20160413,92.1000,92.3300,91.4700,92.2000,1117300
20160414,92.1900,92.7500,91.9500,92.1100,1059100
20160415,93.5100,93.5300,91.8200,92.3200,1148300
20160418,94.0400,94.1300,92.9300,93.4400,967200
20160419,94.5600,94.9300,93.7800,94.1300,1429200
20160420,91.5900,93.7000,91.2100,92.9000,2543300
20160421,89.7800,91.8200,89.7800,91.4500,2113400
20160422,90.5500,90.5600,89.4900,89.8800,1296600
20160425,91.3700,91.9800,90.1900,90.4200,1634200
20160426,89.6000,90.0000,87.9200,88.1600,3052700
20160427,90.8700,91.1200,89.3900,89.8400,2268600
20160428,91.6600,92.0500,90.2200,90.5000,1384800
20160429,93.1100,93.2100,91.4000,91.7400,1820900
20160502,93.7200,93.8500,92.8600,93.0800,1304800
20160503,92.8600,94.5400,92.6600,93.5000,1796400
20160504,92.1400,92.8500,91.8500,92.3600,1507400
20160505,91.9000,92.9400,91.6400,92.0800,1621000
20160506,91.6100,91.7800,90.2100,91.6000,1060900
20160509,92.4700,92.9500,91.7100,91.7900,874500
20160510,93.1600,93.2700,92.5600,92.7500,740300
20160511,92.2400,93.3800,91.8900,92.9200,919800
20160512,93.1600,93.2400,92.0400,92.4500,804500
20160513,92.4400,93.4000,92.3700,93.0000,929100
20160516,92.6900,92.8900,92.0900,92.2600,741000
20160517,90.7000,92.7800,90.3800,92.3500,1105000
20160518,89.8800,90.9400,89.3300,90.2500,1083400
20160519,90.6400,90.6400,89.1700,89.6000,1219100
20160520,90.7700,91.1000,90.3500,90.8900,1043300
20160523,90.6200,91.3300,89.9800,90.2400,869200
20160524,91.3400,91.6800,90.5700,90.7200,761200
20160525,91.3600,91.7800,90.8500,91.4400,1483900
20160526,92.1500,92.7500,91.3300,91.4700,918400
20160527,92.6000,92.9300,92.2500,92.3100,762200
