20150529,214.6500,219.7900,176.4100,178.6200,9938100
20150601,214.9200,217.0000,210.3300,213.1500,5087400
20150602,214.7400,216.0200,213.5500,214.6600,2159500
20150603,213.6100,215.1000,212.3000,214.5000,2662300
20150604,213.0000,214.0000,211.4600,212.5000,1725200
20150605,214.3800,214.8000,211.1400,212.4800,1736000
20150608,212.3300,219.4800,212.0300,216.5500,2782500
20150609,212.4700,213.7400,211.4000,211.9400,1897200
20150610,214.4500,215.5500,211.5500,212.3700,2558500
20150611,214.1700,216.6600,213.3700,215.0700,1692800
20150612,212.4700,215.3700,212.2100,213.0100,2334100
20150615,206.5800,217.7700,198.8000,211.6600,8060500
20150616,199.6000,206.2600,199.3900,202.9400,6326700
20150617,200.8900,205.3000,200.5000,200.5000,3082000
20150618,199.3000,202.8400,198.9100,201.3000,1864200
20150619,202.3100,202.6800,198.4300,199.6200,1951900
20150622,189.9400,207.5700,189.0300,207.0000,7556000
20150623,189.8600,193.6900,185.1100,189.4700,5301700
20150624,184.2300,189.8400,184.2300,188.9900,2980000
20150625,197.3700,199.9900,184.3800,184.8300,8331700
20150626,195.5000,200.0000,194.1500,199.0100,8626300
20150629,192.9000,194.4000,189.2600,193.0000,3176800
20150630,191.2800,196.3000,191.0400,193.8700,3055100
20150701,193.1400,194.1100,189.7800,191.8700,1884200
20150702,187.5000,192.9300,185.0100,192.0200,3720400
20150706,188.9600,195.0000,187.6200,190.0000,13944900
20150707,187.1000,189.4000,181.8200,188.4000,6097700
20150708,185.8600,187.7400,185.4600,186.0100,3527800
20150709,186.1600,188.1400,186.1600,187.2600,3591300
20150710,187.2500,188.1500,186.0200,188.0000,2234900
20150713,185.1000,188.2500,183.6800,188.2500,2691100
20150714,186.1400,186.9800,185.0500,186.1700,1506200
20150715,187.4800,187.9900,185.4000,186.0300,1635200
20150716,186.4200,187.9800,185.7200,187.9000,1806800
20150717,187.4400,187.7700,185.9900,186.3800,1545300
20150720,186.1600,188.2400,185.7600,188.0700,1285300
20150721,185.8500,187.2200,184.5300,186.2600,1234200
20150722,186.1000,186.8800,184.9100,185.8500,1803800
20150723,184.7300,186.4800,184.2100,186.2100,1506700
20150724,181.7600,184.0900,181.0200,184.0100,1506300
20150727,183.9100,184.2300,180.2900,181.0100,1184400
20150728,184.5200,184.8600,181.8600,184.1600,1214600
20150729,184.4100,184.8900,182.2900,183.8400,1077200
20150730,183.7000,186.0000,183.2000,184.9600,740500
20150731,182.0900,184.9200,181.2800,184.1500,1357700
20150803,182.4000,184.2100,181.3300,182.5000,1012300
20150804,182.3300,184.3800,181.4100,182.9300,1117800
20150805,185.5400,186.0900,182.9400,183.2900,1314900
20150806,184.5200,186.9900,184.3900,185.7600,1114000
20150807,184.0600,184.7800,182.5600,184.7800,718200
20150810,186.2600,186.5500,183.9700,184.5400,719800
20150811,185.8200,186.6000,184.5300,185.2100,1085800
20150812,186.0900,186.1800,182.6800,185.3100,1088100
20150813,186.0600,187.3100,185.2500,186.0000,564800
20150814,186.5100,188.1500,185.0600,185.5300,1122200
20150817,189.7500,190.3300,185.1000,185.4700,1168400
20150818,190.5300,192.4900,188.2600,188.9900,915400
20150819,189.4000,190.6000,188.6000,189.5700,623700
20150820,186.0900,189.5800,185.4500,188.0900,1223600
20150821,181.7300,185.9700,181.7300,184.9300,1270800
20150824,175.1800,180.3600,169.4000,170.7600,1895400
20150825,175.4600,181.6300,175.4500,177.6900,1161800
20150826,180.7300,181.0900,176.1700,178.9300,1383600
20150827,184.8100,184.9000,180.8000,181.0400,1030600
20150828,184.0100,185.0600,183.0900,184.0700,506400
20150831,182.7900,186.1800,182.7200,184.1000,921100
20150901,179.2500,181.6800,178.4700,179.8800,1026800
20150902,181.7000,181.7000,178.8300,181.1000,1074900
20150903,182.1600,184.4300,181.0400,182.3500,743200
20150904,181.5200,182.9500,179.5000,180.3000,650000
20150908,184.9800,185.2500,183.2400,183.9800,600600
20150909,185.1500,188.2400,184.8400,185.9200,817100
20150910,185.2100,185.9600,184.2500,185.3900,853600
20150911,187.3200,187.3800,184.2800,184.6300,574600
20150914,187.0000,187.4300,185.6700,186.5000,423800
20150915,187.6900,189.1200,186.3000,187.2000,590600
20150916,187.6200,188.3600,187.0700,188.1500,631900
20150917,188.5900,190.1000,187.2500,188.1000,906700
20150918,187.8900,188.6900,187.2000,187.7100,1042300
20150921,188.8400,190.2000,186.8900,188.6200,546200
20150922,188.6500,189.1900,185.1400,187.6700,478600
20150923,188.6800,189.6000,187.1100,188.4700,569100
20150924,185.9700,188.3300,184.6500,187.6200,607800
20150925,181.1500,187.5800,180.6800,186.8900,1305000
20150928,174.1600,180.9300,172.7100,180.2900,1755800
20150929,175.7600,177.3000,173.2900,174.3500,1305600
20150930,179.0000,179.4500,175.7200,177.0900,1856600
20151001,180.0700,180.5500,175.9700,178.7700,1131800
20151002,183.5100,183.5800,176.5000,178.4300,605400
20151005,183.3600,185.2500,181.6500,184.6200,877800
20151006,178.9000,183.8600,178.6100,183.5400,1334800
20151007,180.9200,181.0500,178.2800,179.4600,851700
20151008,180.3000,181.2200,178.9800,180.5500,1096200
20151009,181.0400,182.4200,179.5600,179.5600,503400
20151012,181.5100,181.9100,180.1300,180.9400,481100
20151013,184.4500,185.9900,180.5300,180.5300,1245300
20151014,182.5200,185.6900,181.3000,184.6000,716300
20151015,183.2500,183.3700,180.2000,181.1300,1084700
20151016,184.2000,185.0800,182.8300,184.0000,1104200
20151019,186.6700,186.8000,183.9000,183.9000,1054000
20151020,185.9200,187.4500,184.9800,186.8200,845100
20151021,177.1500,186.8500,170.7500,186.5800,2951700
20151022,165.1100,178.1900,162.2100,176.8600,3518400
20151023,168.2000,169.7900,165.0300,165.0300,2750900
20151026,170.2400,170.9200,167.5500,168.4100,1672100
20151027,175.1600,177.0300,169.5100,170.2400,1478100
20151028,178.0000,178.2000,171.3100,174.9100,1022300
20151029,180.5700,183.3000,175.4100,178.0000,1431700
20151030,178.6300,182.1200,178.5600,180.8100,952300
20151102,180.6400,181.8700,178.2100,179.9500,739000
20151103,178.5300,181.5000,177.0100,179.9800,621900
20151104,176.8800,179.0100,176.0100,178.6700,737900
20151105,179.0500,179.9800,176.3200,177.0000,810900
20151106,177.2400,177.8100,174.6200,176.0200,1010000
20151109,177.6500,178.0800,175.7600,176.7000,672700
20151110,176.4400,178.3700,175.7300,177.7200,1633800
20151111,171.1000,178.1400,170.6100,177.4500,1184900
20151112,169.0500,172.5500,167.9500,170.7900,956300
20151113,167.3600,170.4300,166.8500,168.5100,1193200
20151116,169.0400,169.9500,166.9900,167.4800,747600
20151117,169.5200,171.7400,168.5700,168.7000,994000
20151118,171.0800,171.6000,168.6400,169.5800,614800
20151119,164.2500,168.1800,163.4000,165.2900,2014100
20151120,167.6100,169.2400,164.5000,165.2100,1414400
20151123,168.0700,170.3500,167.0100,167.9400,1202400
20151124,168.4100,168.7700,166.4400,166.9100,815400
20151125,168.3900,169.5200,168.0200,168.8000,678200
20151127,168.9000,169.9800,168.1700,168.9100,627300
20151130,168.6600,170.3200,168.2400,169.2500,1121600
20151201,173.5500,173.6100,168.9200,168.9200,1803700
20151202,173.1300,175.6600,172.5000,173.5000,1200700
20151203,168.6000,173.6200,168.2400,173.1700,685400
20151204,170.7700,172.6200,169.0500,169.6500,819000
20151207,169.4700,171.0100,169.0200,170.9000,596200
20151208,170.0400,170.6000,168.3500,168.9800,805700
20151209,170.7300,171.2500,168.6200,168.8600,1063300
20151210,172.0200,173.1400,170.2400,170.7700,402600
20151211,172.7800,174.2400,170.2600,170.3700,1007000
20151214,174.8900,175.1000,172.0500,173.2600,888200
20151215,175.6600,176.9600,174.4800,174.9300,857700
20151216,176.3600,178.3000,175.6900,177.2000,1320600
20151217,176.8800,177.8300,175.3100,176.3500,717000
20151218,175.3800,177.1200,174.8600,176.1400,1238400
20151221,176.1000,176.7500,174.4700,175.6500,998100
20151222,176.1000,177.3700,174.2200,177.0400,585100
20151223,179.1400,179.4900,171.3500,176.5800,854200
20151224,178.3000,180.3100,178.1100,178.8200,361800
20151228,177.8600,178.3300,176.0100,177.7300,294300
20151229,179.1100,180.1300,177.8100,178.0000,743700
20151230,179.0000,179.6200,177.5100,179.5300,412900
20151231,178.5100,179.7500,178.4000,178.4000,590700
20160104,179.7500,179.8800,176.4400,177.6700,969600
20160105,179.6300,181.4600,178.5000,180.2200,977000
20160106,176.6100,179.2400,175.0500,177.8000,1449800
20160107,175.1500,176.6600,173.8100,175.0800,1923100
20160108,172.9100,176.3300,172.4400,174.5600,738100
20160111,169.0100,173.4200,166.7100,173.0800,1522200
20160112,168.8300,172.0000,167.6200,169.5500,1397000
20160113,163.8900,170.1100,163.5200,168.9300,1258500
20160114,167.2300,167.7500,162.7700,163.8900,1383900
20160115,162.1600,166.5000,160.4700,166.3400,1617700
20160119,164.0000,167.3600,162.1600,162.1600,1583300
20160120,164.7400,166.2000,157.4500,162.8400,1665000
20160121,166.1100,167.2400,163.3000,165.6400,620600
20160122,166.2200,168.2300,165.6400,167.4400,1162700
20160125,163.2900,166.8100,163.1100,166.2200,537200
20160126,164.6600,165.5400,163.0100,163.2500,408900
20160127,161.3000,165.5300,159.7400,165.3500,1220400
20160128,159.7900,162.7000,158.8100,161.3100,791900
20160129,162.7900,163.4500,158.1200,160.6200,1205900
20160201,167.5800,168.3600,162.6900,162.7100,1799200
20160202,166.8700,167.5900,164.2600,166.1300,904300
20160203,166.7800,167.9800,164.7500,167.5400,812300
20160204,168.6500,169.8700,164.8700,166.5600,1042800
20160205,164.7800,169.3200,163.3200,167.9700,1095400
20160208,156.9600,164.7300,156.0400,164.1300,1447200
20160209,159.5300,161.3000,155.2400,157.0400,1241100
20160210,161.0700,165.5200,160.7500,161.1700,1703000
20160211,158.0200,160.9200,157.0100,158.9100,1036800
20160212,160.3700,160.4700,157.4100,158.3400,692300
20160216,166.6400,166.7400,160.5500,161.0000,1021500
20160217,168.3100,169.5900,166.0000,167.3300,1167900
20160218,167.7500,169.0000,166.6100,168.0000,1475600
20160219,165.3400,168.2200,164.4700,167.8000,901300
20160222,171.7500,171.8500,165.3400,166.5000,1122300
20160223,172.8300,174.0100,170.0600,171.6800,684200
20160224,172.2900,174.0000,169.8700,172.8200,504900
20160225,176.6000,176.7400,171.6400,171.7900,886500
20160226,178.7100,181.6500,176.6000,176.8100,1276200
20160229,176.9700,180.9800,176.7100,179.0400,853200
20160301,181.2300,181.5000,176.6100,178.3500,1048300
20160302,182.7000,183.2500,179.6500,180.3000,1200800
20160303,183.2200,183.5600,180.4100,182.0500,637200
20160304,183.2500,185.2800,181.2600,182.7100,978500
20160307,184.2500,184.5800,181.9300,182.0000,848300
20160308,182.5200,184.1600,182.0100,183.8300,403300
20160309,184.4300,185.6200,182.7900,182.9900,1364300
20160310,184.7600,186.0800,183.5200,185.0000,796200
20160311,186.9100,186.9800,185.1600,185.9000,724400
20160314,186.3300,187.5000,185.1400,187.0000,589800
20160315,183.9100,187.0000,183.0200,185.4500,455600
20160316,183.3900,184.8400,181.8600,183.6300,579000
20160317,182.5400,182.9400,179.3000,182.9300,743300
20160318,184.6000,185.9500,180.5200,182.0000,893300
20160321,183.7300,184.9900,182.7400,184.2600,392900
20160322,184.3600,185.4600,181.7500,183.4000,424200
20160323,183.5900,184.7600,182.5100,184.7600,466800
20160324,184.0700,184.6400,181.4400,182.3200,484900
20160328,182.9300,184.9600,182.8200,184.0700,507800
20160329,185.7600,186.2300,182.6500,182.9400,478300
20160330,184.8900,187.4400,184.3500,186.1100,753900
20160331,182.9500,185.7500,182.4800,184.5200,863200
20160401,184.7400,185.0100,181.5000,182.7700,685300
20160404,185.4700,187.8000,184.2100,185.0000,790600
20160405,181.0300,183.2600,178.3800,182.8400,1680200
20160406,180.3500,181.9500,179.8100,180.6000,849300
20160407,172.5800,180.7600,171.9300,179.3600,2689500
20160408,171.0300,173.5000,169.7500,172.8900,1404700
20160411,167.4600,171.9000,167.3200,171.0500,1302500
20160412,170.4100,170.6500,167.7000,167.7100,974000
20160413,169.9600,172.1100,168.6900,170.7000,1197800
20160414,168.2400,170.6100,168.0300,169.7400,666900
20160415,169.8700,170.2300,166.7000,168.0500,868500
20160418,171.7200,172.2800,168.8700,169.8900,778500
20160419,174.7700,174.9000,172.0900,172.4200,973700
20160420,174.5000,176.2700,172.7100,175.0000,518100
20160421,173.4500,175.3700,172.2900,174.2000,501700
20160422,175.3000,175.3200,173.5300,173.9800,560100
20160425,176.1100,176.1600,173.7000,174.8000,544500
20160426,178.4800,178.7600,175.0100,176.3000,749900
20160427,177.5600,179.1600,176.6000,178.9000,711800
20160428,177.8700,179.4000,176.8800,177.6900,423800
20160429,177.0700,178.1700,175.0500,177.3400,605900
20160502,177.6100,178.7900,177.3200,178.0000,529000
20160503,176.9300,178.3100,176.0000,177.1200,505100
20160504,175.7000,177.6900,174.6500,175.1600,575800
20160505,174.1100,176.3900,173.9900,175.2900,1098000
20160506,170.6800,174.4400,169.6200,173.0000,1275200
20160509,171.2800,173.9100,170.5000,171.3900,723500
20160510,173.5400,174.2200,171.3100,171.5900,584000
20160511,170.0600,174.9900,169.7100,173.9700,505700
20160512,165.8100,171.5200,165.5500,170.1000,858400
20160513,165.2300,166.6100,160.6500,165.8800,2068000
20160516,171.5200,171.9600,163.8900,164.9100,1846300
20160517,170.8000,172.2600,168.6700,171.4300,1242900
20160518,170.2200,173.4200,169.8600,170.5300,874000
20160519,168.3300,169.9800,167.3400,168.8900,898000
20160520,169.6000,169.9900,168.3100,168.9500,1410200
20160523,169.5900,172.9700,169.0800,170.0000,1160900
20160524,170.7800,171.8100,169.5500,170.2100,1227100
20160525,174.7000,175.1400,170.0300,170.6300,1773800
20160526,174.2500,174.8200,172.9800,174.6700,1017200
20160527,173.7400,174.9800,172.5000,174.0800,572300
