20150529,236.7800,238.4200,234.1400,236.3400,835700
20150601,235.5400,237.6700,235.3200,237.4900,557100
20150602,235.9000,236.7000,233.6800,234.4700,331200
20150603,234.2400,238.0300,234.2200,236.1600,700000
20150604,235.2800,236.0300,231.7600,233.1400,638500
20150605,236.5500,238.0000,234.3700,237.0000,470800
20150608,235.5700,237.7300,234.8500,237.2600,673800
20150609,236.8800,239.1600,234.1600,235.0500,642500
20150610,240.4700,240.7000,234.9700,237.3000,714600
20150611,242.0000,242.9600,239.7400,240.7900,494100
20150612,238.5500,241.5400,237.6800,240.5200,605900
20150615,237.3100,238.6400,235.5300,236.6500,456200
20150616,234.4000,238.0900,233.7900,236.6800,611900
20150617,234.3100,236.2600,233.4400,235.2300,599900
20150618,233.7500,235.9900,232.8300,235.0000,690400
20150619,229.3800,233.9300,227.8300,233.0000,1060200
20150622,230.8900,231.9400,229.7900,231.1400,431400
20150623,229.8600,232.4300,229.7300,232.0300,470200
20150624,228.0600,230.4900,227.7700,229.5000,547500
20150625,227.7300,229.4900,227.5700,228.0000,494100
20150626,226.1600,229.2500,225.5100,228.0000,755300
20150629,222.2900,225.6100,222.1100,224.2100,468500
20150630,223.6100,224.9800,221.9100,223.5700,729800
20150701,225.7400,226.4600,224.5200,225.1900,1077800
20150702,227.0400,227.4900,225.4600,226.6900,526800
20150706,224.3700,226.5100,223.0900,225.2500,648800
20150707,227.2300,227.9000,223.2500,225.0200,710800
20150708,221.8600,226.8600,221.5900,225.7600,805900
20150709,224.4300,227.1900,222.6200,223.2700,991800
20150710,229.4700,231.6200,226.2500,228.9300,621800
20150713,229.0000,231.9200,227.9800,231.6700,614300
20150714,227.9900,229.3700,226.9800,228.5000,428900
20150715,228.9200,229.7100,224.8200,227.8500,507200
20150716,232.3200,232.4300,229.5600,230.8000,417400
20150717,231.7200,232.7000,230.5400,231.0100,403100
20150720,231.5100,232.5700,230.0000,231.4600,343600
20150721,231.7000,233.4200,230.9900,231.1700,454800
20150722,233.2900,233.3600,230.2500,231.6900,429400
20150723,229.8400,233.9700,229.2500,232.7200,418000
20150724,229.0100,231.6900,227.9800,229.6400,522700
20150727,226.5000,228.5900,225.6500,228.0900,373100
20150728,226.3500,227.7700,224.9700,227.7700,381900
20150729,227.7100,228.2300,224.9400,226.5300,307800
20150730,229.0500,229.9100,227.4800,227.4800,267900
20150731,228.0400,228.8700,226.9100,228.8500,433900
20150803,229.8800,229.9200,227.6300,228.8700,427200
20150804,230.6500,231.1000,229.7000,230.0500,551100
20150805,237.5400,238.2000,229.4500,230.1500,644500
20150806,237.0000,239.3100,234.6400,238.6600,734100
20150807,237.2500,238.5900,235.4400,237.0000,566400
20150810,240.4100,241.9400,238.3300,238.6000,400000
20150811,236.9000,239.7800,236.0400,238.7900,531600
20150812,236.1800,236.5800,232.0100,235.6000,592200
20150813,237.7100,239.0800,235.1000,236.6800,679300
20150814,240.6500,240.8000,236.9900,237.3200,865800
20150817,241.0000,241.6100,238.5800,239.2900,480400
20150818,244.0500,244.3700,240.3700,240.9800,610600
20150819,243.9800,245.9100,242.2700,243.9500,913200
20150820,244.2900,246.3900,239.4200,242.4200,1174600
20150821,236.7100,243.5200,236.4300,242.9400,1120800
20150824,224.9300,232.9000,220.2800,227.0100,1541900
20150825,222.5200,231.1400,222.4300,229.9100,1297300
20150826,229.3400,231.2200,224.0700,227.0200,928200
20150827,231.9700,232.7300,227.3600,230.9500,869700
20150828,232.4100,234.1400,230.0000,230.6600,544400
20150831,228.4100,232.6000,228.3200,232.6000,656300
20150901,224.5200,227.2400,223.4900,224.5600,831300
20150902,226.5100,227.3200,223.6600,226.4500,519100
20150903,228.9100,231.2700,225.6400,227.0100,1097500
20150904,226.7900,230.0500,224.9100,228.0000,587600
20150908,234.5100,234.7400,227.8200,228.7400,582700
20150909,231.1900,236.2200,230.7300,236.0700,550400
20150910,235.1400,237.0000,230.9900,231.5000,623500
20150911,236.2300,236.3800,232.6700,234.8900,731700
20150914,233.5500,238.1600,232.8600,235.7900,649400
20150915,233.5000,234.5800,231.6400,234.5800,855200
20150916,233.4400,234.2000,229.7000,233.2700,882300
20150917,230.2000,235.6400,229.5100,234.0000,1071500
20150918,228.2600,230.0800,226.5200,228.2500,1028700
20150921,231.6500,232.9900,229.0400,229.7400,930500
20150922,226.4600,230.0000,225.1400,228.5800,584400
20150923,229.2700,229.7100,225.5200,226.0700,490900
20150924,226.6900,227.6900,224.8200,227.6900,714900
20150925,235.0000,236.4900,228.1200,228.6500,1057200
20150928,227.9800,234.7500,227.7500,233.1600,893100
20150929,227.7900,229.1300,223.4900,228.2000,696500
20150930,234.9900,235.3200,228.5000,229.1600,625100
20151001,233.5400,235.9500,230.0800,234.0100,900600
20151002,231.4800,231.5300,224.6400,231.2600,877500
20151005,236.9600,237.3200,232.0200,232.8500,636500
20151006,236.2800,237.5400,234.4300,237.1100,541200
20151007,233.7900,238.3600,232.3700,237.9900,594700
20151008,234.1600,234.4600,230.5400,232.8300,437500
20151009,228.9000,234.6000,227.3900,234.1700,695600
20151012,233.4000,233.8700,228.9000,229.8100,393700
20151013,231.1600,233.7700,231.0100,231.9000,452600
20151014,229.3500,233.6000,228.9100,231.2200,524100
20151015,236.2200,236.8100,230.2000,230.3300,429600
20151016,237.8900,239.5500,235.7800,237.9600,587800
20151019,240.2700,241.1600,236.0500,236.0500,770800
20151020,241.6400,242.1600,237.8300,239.6200,518700
20151021,236.8800,242.8400,236.7000,242.0400,425300
20151022,245.7400,247.0800,237.0200,237.5700,630900
20151023,248.8000,249.4000,245.7000,247.0300,579900
20151026,247.3900,254.9100,243.7800,249.0100,1165600
20151027,255.7100,257.3400,245.0000,246.3900,1558500
20151028,257.6700,258.0400,251.6500,255.9300,837300
20151029,261.8400,262.6800,257.0500,257.8800,971600
20151030,252.4000,262.1800,251.9700,261.5400,1036000
20151102,261.3500,261.7000,250.7500,251.5200,945800
20151103,260.5000,262.3800,258.3800,260.0100,786700
20151104,260.2500,261.9800,257.7300,259.6500,742000
20151105,261.5000,262.3600,259.2800,260.5700,648300
20151106,262.3200,265.9000,260.7500,264.4400,588400
20151109,261.3000,262.6700,259.5000,262.3900,470900
20151110,263.6900,264.3700,259.0800,260.4500,534800
20151111,263.9800,266.7400,263.2900,265.0900,698400
20151112,260.0800,263.9000,259.8000,262.3400,787300
20151113,258.4700,260.8500,256.4500,259.3400,623200
20151116,262.1000,262.2300,256.5800,258.8700,577500
20151117,261.9200,263.6000,260.1300,263.5600,497300
20151118,263.6000,263.7500,259.0400,263.0900,560400
20151119,262.9300,263.7500,261.6100,263.1200,348700
20151120,263.5200,264.9900,262.3900,264.0700,444700
20151123,263.3000,265.0000,262.5300,263.4100,247500
20151124,259.1500,262.1200,257.8400,261.2300,415100
20151125,259.5100,261.1400,258.4700,259.3200,250400
20151127,260.2300,260.9500,258.4500,259.5900,113800
20151130,259.8400,261.8100,258.3400,260.2400,484900
20151201,260.9500,262.0400,256.3500,261.5200,855400
20151202,259.0500,263.1500,258.4200,261.3700,598400
20151203,253.8400,260.9900,253.1100,259.5500,905100
20151204,264.1400,266.0000,255.2600,255.5800,938100
20151207,263.6700,265.9400,262.5000,263.8500,603200
20151208,261.1800,265.5000,259.4800,262.9500,414500
20151209,252.2800,260.0100,250.2500,258.6100,520400
20151210,252.4600,255.4500,251.5400,252.2500,464800
20151211,243.9500,249.9600,242.7900,248.8800,658400
20151214,245.5800,246.4500,240.3700,244.0800,769800
20151215,250.0000,253.1900,246.3200,250.0000,1031700
20151216,247.7200,252.0200,245.8200,251.2500,1018900
20151217,248.3700,249.3900,244.1000,244.9100,3429300
20151218,244.5800,248.1000,244.1300,247.1700,1395100
20151221,247.4400,247.7400,245.0500,246.9800,791100
20151222,250.0900,250.8900,248.0200,249.1500,713100
20151223,251.0000,252.2700,248.5900,249.8000,742100
20151224,251.9200,252.6500,250.0500,250.5000,294800
20151228,254.4100,255.7700,251.2700,251.7300,918600
20151229,257.7400,259.3800,255.6000,256.9700,1006000
20151230,256.9300,260.1800,256.5600,257.7300,581800
20151231,256.2600,259.0000,252.7500,255.4900,2624300
20160104,251.3900,253.1700,248.3600,252.2500,1624400
20160105,257.5800,259.0500,254.0600,258.3000,1350300
20160106,255.2800,256.7500,252.8900,255.0000,1046800
20160107,254.1700,258.7000,250.2700,250.4300,1236100
20160108,250.2700,256.9800,249.6800,255.6500,961700
20160111,252.6400,254.0900,249.7900,251.9300,887300
20160112,253.8700,255.8800,250.5600,255.0000,724000
20160113,246.6200,254.6700,244.1500,254.4000,859900
20160114,250.0700,251.4600,245.2500,248.2600,729600
20160115,245.4500,251.5300,243.0700,243.1900,1403100
20160119,249.0300,251.2900,247.2300,249.3000,1088500
20160120,242.8300,247.2300,241.2500,245.2300,1248000
20160121,242.0800,246.1200,240.3400,244.5500,958000
20160122,251.2800,251.7100,243.5600,245.1100,1000900
20160125,248.7700,253.6000,246.4100,252.5700,906400
20160126,251.6400,251.7100,249.0900,250.4900,977100
20160127,252.7800,256.1900,250.0300,251.1100,1090200
20160128,254.5400,256.2700,251.3700,254.8900,1060200
20160129,263.8000,264.0300,254.7100,256.6600,1890000
20160201,266.9400,268.8900,261.6300,263.2900,1560700
20160202,264.4900,265.7500,262.3100,265.7500,1211200
20160203,263.0800,266.6300,257.4600,265.5600,1214800
20160204,246.0900,264.6600,241.8100,263.9200,2970400
20160205,236.1900,246.3500,233.9800,244.6300,1770800
20160208,238.9800,239.9800,228.9400,233.6000,1921000
20160209,242.8000,244.1600,236.9300,238.3700,1198200
20160210,236.4600,245.0500,236.1900,243.8000,963500
20160211,233.1900,236.2000,228.4900,230.6500,1287100
20160212,236.2800,236.5700,231.0400,236.5700,829500
20160216,237.8900,240.5000,235.0900,238.5800,973800
20160217,246.3900,247.7000,238.5400,238.5400,987700
20160218,243.9500,247.0000,242.5600,246.0000,539700
20160219,248.0700,249.7200,241.5400,243.3700,762800
20160222,246.7100,253.7100,245.3900,251.0600,730700
20160223,241.6400,248.5000,239.7500,247.3200,934200
20160224,244.3300,244.9300,238.1300,240.0000,637900
20160225,245.0300,246.7000,241.5700,244.3500,642100
20160226,239.9400,245.9400,239.5600,245.2700,1273200
20160229,238.4600,240.8000,235.5000,238.9300,708600
20160301,232.0800,233.4900,227.7000,232.8200,2691900
20160302,231.9600,234.0500,229.3100,234.0500,1616300
20160303,236.9400,237.2300,230.4300,230.4300,888900
20160304,239.0000,240.3700,234.8600,237.2000,876400
20160307,234.2800,237.7500,232.3700,236.2800,731600
20160308,233.0300,236.0000,231.5600,231.5800,796500
20160309,229.9700,233.8400,227.2200,233.5000,1307400
20160310,232.1100,233.2100,229.5500,231.3900,782300
20160311,235.9900,237.6900,233.2500,233.2500,768000
20160314,236.3700,237.5600,234.5000,234.5000,420000
20160315,236.5500,237.9400,234.2800,234.2800,445800
20160316,233.1500,237.2000,232.6400,236.7200,539400
20160317,236.1100,237.0500,233.1100,233.9100,651000
20160318,237.5000,237.9500,233.5800,237.0600,1058500
20160321,237.1000,239.2700,236.3700,237.0700,515100
20160322,235.1900,237.9000,234.5000,235.0000,452300
20160323,236.5500,238.0400,234.7500,235.3300,475100
20160324,234.3500,236.4400,232.8800,235.3800,519600
20160328,235.0000,236.9200,233.9900,234.4000,478200
20160329,234.6800,235.5000,231.9700,234.8400,555400
20160330,233.2100,236.8600,232.5400,235.8200,712100
20160331,235.1400,235.9200,231.2100,231.9800,1176600
20160401,235.7000,237.8400,233.5700,234.8600,610200
20160404,236.5000,236.8400,232.8400,235.2500,864600
20160405,237.2100,238.8300,233.7600,235.3800,915000
20160406,237.8700,238.0400,233.6300,236.9200,913300
20160407,234.5100,239.0300,233.0800,236.6400,794800
20160408,233.5200,235.9700,232.8500,235.1800,638000
20160411,232.4800,235.0400,231.6900,234.2400,499500
20160412,233.0000,234.0800,229.3800,233.3300,598800
20160413,237.5100,237.7500,232.1100,235.2300,664600
20160414,236.7800,238.9900,235.8700,236.9100,682900
20160415,238.5000,239.3900,236.5200,237.1000,500900
20160418,239.4300,240.5900,237.7000,237.9400,580700
20160419,242.1000,242.2200,238.3700,238.8100,696700
20160420,242.6000,243.3600,240.4200,242.7000,523400
20160421,240.1600,242.4200,239.8000,241.6200,505700
20160422,241.1500,242.5500,239.9000,240.3400,579600
20160425,240.4100,241.5000,239.6300,240.6500,579400
20160426,244.3800,244.5100,240.0000,241.2400,473500
20160427,243.4900,244.6300,241.2500,243.8200,397700
20160428,240.8600,243.5600,240.1700,241.4400,338200
20160429,240.0300,240.7800,238.1600,239.4800,601900
20160502,244.6800,244.7500,239.4100,240.5300,890400
20160503,240.9800,243.7900,238.1000,242.2700,680500
20160504,258.4900,262.7000,255.0100,255.0100,2865500
20160505,254.0200,260.0900,253.8300,259.0000,1421400
20160506,258.1600,258.5700,252.8200,253.9700,797300
20160509,260.5000,262.4000,258.4200,258.7200,1120200
20160510,261.0200,262.6000,259.3200,260.5300,999400
20160511,258.5500,261.6200,257.5800,260.8300,594100
20160512,262.1400,263.2900,258.3700,260.0900,553300
20160513,259.9900,263.3100,259.9000,261.1100,703600
20160516,261.6100,263.1000,259.3100,260.6600,717000
20160517,257.5800,262.4900,256.3200,261.0000,748400
20160518,261.4600,261.6600,256.1900,257.0000,610900
20160519,260.6300,262.9800,259.5400,261.5000,922100
20160520,262.9900,265.6200,261.7500,262.2400,1150000
20160523,263.9800,264.6700,261.5000,262.2900,639200
20160524,270.6900,271.4700,263.9900,264.5100,1279300
20160525,270.0000,271.7200,269.3900,270.8000,778100
20160526,268.0000,270.2500,267.0900,269.4800,635000
20160527,270.2100,270.7100,267.9800,269.4200,568500
