20150529,34.4600,34.7500,34.2100,34.2400,43545500
20150601,33.9100,34.5900,33.6800,34.3700,46734500
20150602,33.2700,33.7500,33.1400,33.6400,36351100
20150603,32.7300,33.2400,32.5900,33.1700,38138700
20150604,32.3100,32.7200,32.2000,32.5100,33761800
20150605,31.8400,32.3000,31.8300,32.2800,27778500
20150608,31.3000,31.9500,31.2100,31.8100,38171600
20150609,31.2500,31.6600,31.1500,31.3300,33976700
20150610,31.8200,32.1600,31.3700,31.4600,33336800
20150611,31.8500,32.1000,31.8400,31.9500,24293600
20150612,31.3200,32.1000,31.2000,31.7200,31629800
20150615,31.3900,31.5100,30.9400,31.1200,23175000
20150616,31.6400,31.7600,31.1300,31.2600,20254500
20150617,31.9500,32.0900,31.6900,31.7500,28194200
20150618,32.3800,32.5000,32.0000,32.0800,27722400
20150619,32.0700,32.5700,31.9600,32.4000,39008400
20150622,32.2600,32.3900,32.0800,32.2600,23608400
20150623,32.0900,32.3400,31.9300,32.3100,17995900
20150624,31.9100,32.1500,31.8800,32.1500,23313900
20150625,31.9900,32.3200,31.9900,32.0200,22743300
20150626,31.0200,31.5300,30.7600,31.5100,62157200
20150629,30.3900,30.9800,30.3100,30.7000,35194500
20150630,30.4200,30.6900,30.1500,30.6300,34412200
20150701,30.1800,30.5500,30.0100,30.4900,27178900
20150702,30.5600,30.9200,30.1000,30.1800,27105200
20150706,30.0400,30.4500,29.8400,30.2400,32468100
20150707,29.9000,29.9300,29.0900,29.8700,43833700
20150708,29.5000,29.6700,29.1500,29.4000,45223800
20150709,28.9300,29.8900,28.8200,29.7200,47167800
20150710,29.1700,29.3500,28.9400,29.2000,31423800
20150713,29.7300,29.8200,29.1900,29.2700,26452400
20150714,29.6500,30.1100,29.4400,29.6600,39778300
20150715,29.6900,29.9900,29.4700,29.6500,47852500
20150716,29.9000,30.4800,29.1000,30.4700,81166704
20150717,29.4700,29.8000,29.1000,29.6600,43697600
20150720,29.1000,29.6200,29.0700,29.6200,33812900
20150721,28.7200,29.2600,28.6700,28.9600,45191000
20150722,28.6100,28.8500,28.4300,28.5700,36387200
20150723,28.6000,28.9700,28.4300,28.6600,33775200
20150724,28.0600,28.6400,28.0600,28.5300,31621000
20150727,28.3500,28.4200,27.6200,28.0700,42161100
20150728,28.9600,29.1800,28.4400,28.5100,33182400
20150729,29.0100,29.1300,28.7900,28.9500,26470200
20150730,28.9100,29.4500,28.8500,29.1000,26582400
20150731,28.9500,29.1200,28.7700,29.1200,27158800
20150803,29.0500,29.3500,28.9000,29.0000,26213600
20150804,29.1300,29.1500,28.8600,28.9800,25741700
20150805,29.1200,29.3900,29.0200,29.1900,23622700
20150806,29.0100,29.2300,28.8500,29.1600,27958200
20150807,28.8800,28.9600,28.6900,28.8000,25606100
20150810,29.6400,29.6800,29.0600,29.0700,22807400
20150811,28.9700,29.4800,28.9600,29.4700,23758900
20150812,29.4600,29.5700,28.6600,28.6600,33589100
20150813,28.8700,29.4500,28.8700,29.4000,18821900
20150814,29.0200,29.0400,28.8200,28.9200,14302700
20150817,29.0800,29.2000,28.7100,28.8300,15548300
20150818,28.9100,29.0500,28.8000,28.9500,19182600
20150819,28.3600,28.8000,28.2800,28.6500,30530100
20150820,27.5300,28.2400,27.5300,28.0300,31936600
20150821,26.5600,27.6300,26.5600,27.3300,52288400
20150824,26.2500,27.6300,24.8700,25.2000,83234200
20150825,25.8700,27.1500,25.8700,27.0400,59371900
20150826,27.3000,27.3400,26.0800,26.5100,47386700
20150827,27.7200,27.9100,27.0100,27.7200,38649400
20150828,28.4200,28.6100,27.4500,27.6700,43452400
20150831,28.5400,29.1300,28.1600,28.3300,42401800
20150901,27.8200,28.1700,27.6600,27.9100,44144000
20150902,28.6000,28.6000,28.1400,28.3500,34618800
20150903,29.0800,29.4200,28.6900,28.8000,38665900
20150904,28.5200,28.9000,28.4100,28.5700,29116500
20150908,29.5000,29.5000,28.9500,28.9800,27805000
20150909,29.2400,30.1200,29.1700,29.7200,30774100
20150910,29.2700,29.6600,28.9000,29.1800,25195800
20150911,29.4700,29.5200,29.0400,29.0800,21786900
20150914,29.3900,29.5300,29.0900,29.4700,24065100
20150915,29.7300,29.9400,29.4800,29.5600,29819000
20150916,29.7700,29.7900,29.4000,29.6200,25957800
20150917,29.7100,30.2000,29.5500,29.6200,29805200
20150918,29.0200,29.4200,28.8100,29.2200,60693400
20150921,29.1600,29.3400,28.9400,29.0900,24417100
20150922,28.6700,28.9000,28.4800,28.6700,28576200
20150923,28.7400,29.0900,28.5900,29.0200,25984000
20150924,28.4800,28.6700,27.8700,28.3800,32754700
20150925,28.8100,29.1200,28.6300,28.9400,29192300
20150928,28.7600,29.3600,28.6400,28.6800,42291000
20150929,29.2400,29.3500,28.7600,28.8300,34169600
20150930,30.1400,30.3200,29.5400,29.5600,41051700
20151001,30.0000,30.2800,29.4600,30.2100,29832800
20151002,30.5100,30.5300,29.5300,29.6700,27901500
20151005,31.2100,31.3800,30.5600,30.7300,34842500
20151006,31.7400,31.8500,31.1100,31.1600,35530200
20151007,32.3200,32.4200,31.7200,32.0000,36930100
20151008,32.5200,32.6000,31.9800,32.2300,27794600
20151009,32.1400,32.5500,31.9400,32.3700,24209900
20151012,32.2100,32.3200,32.0000,32.1600,18795000
20151013,32.0400,32.4800,31.9800,32.0300,35588600
20151014,32.8000,32.9300,30.8500,31.3900,75954800
20151015,32.7500,33.0600,32.4600,32.8400,37634800
20151016,33.0400,33.2000,32.4800,32.7500,28659200
20151019,33.5900,33.6200,32.8700,32.8800,37624000
20151020,33.4400,33.7000,33.3100,33.4000,24416100
20151021,33.3700,34.0500,33.3200,33.6700,31928800
20151022,34.4000,34.5000,33.5900,33.7000,39572600
20151023,34.9000,35.0300,34.4000,34.5400,42796600
20151026,34.5900,34.9600,34.5500,34.7700,22646900
20151027,34.4700,34.5500,34.3100,34.4100,22630100
20151028,34.7100,34.7100,34.1200,34.4700,21908400
20151029,34.0300,34.2900,33.7700,34.2000,21325200
20151030,33.8600,34.2900,33.8600,34.1000,24693900
20151102,34.1100,34.2800,33.6400,33.7300,21743100
20151103,34.3100,34.4100,33.9800,34.0000,18167000
20151104,34.1500,34.2700,33.9000,34.2700,20762100
20151105,34.0000,34.2000,33.7300,34.1000,16486100
20151106,33.8400,33.9700,33.4100,33.9300,23701700
20151109,33.3500,33.8300,33.0800,33.6000,24168700
20151110,33.2100,33.2700,32.8100,33.1700,22451700
20151111,32.8600,33.3800,32.8000,33.1600,19864700
20151112,32.4000,32.9200,32.3900,32.7100,23265400
20151113,32.1100,32.3800,31.9600,32.2700,23673200
20151116,32.1000,32.2600,31.9300,32.0900,29899700
20151117,32.6400,32.8800,32.0100,32.1500,22636400
20151118,33.1600,33.2400,32.6200,32.7300,18619800
20151119,34.3000,34.7300,33.1300,33.2200,45381600
20151120,34.6600,35.2900,34.4800,34.4800,41137700
20151123,34.4800,34.8500,34.4100,34.6600,20152900
20151124,34.3600,34.4400,33.9000,34.3300,21413500
20151125,34.4500,34.7400,34.1400,34.2600,17939400
20151127,34.4600,34.6800,34.4000,34.5400,6620900
20151130,34.7700,34.9000,34.4300,34.5500,21785800
20151201,35.0900,35.2000,34.7100,35.0000,23560200
20151202,34.8300,35.4100,34.8100,35.0900,18688200
20151203,34.0400,34.9900,34.0000,34.9700,30131100
20151204,34.9400,35.0300,34.0000,34.1100,24901000
20151207,34.9900,35.1700,34.7500,34.7900,17731900
20151208,34.7500,34.9500,34.4200,34.6700,13380200
20151209,34.8100,35.2200,34.5100,34.8800,22548300
20151210,34.7700,35.0700,34.6600,34.8500,17400700
20151211,34.2700,34.6500,34.2000,34.3100,21251400
20151214,34.4700,34.4800,33.8800,34.3800,19357100
20151215,35.1800,35.3500,34.6400,34.6500,24051300
20151216,35.3000,35.4700,34.7700,35.3600,23257900
20151217,34.9100,35.3700,34.7600,35.3200,24963600
20151218,33.8700,34.7500,33.8600,34.7300,41336600
20151221,34.2400,34.3000,33.8200,34.1100,18006800
20151222,34.7300,34.7800,34.2700,34.3600,18422000
20151223,35.0000,35.0500,34.7800,34.9500,12526500
20151224,34.9800,35.2600,34.9600,35.0700,5893800
20151228,34.9300,35.0000,34.5700,34.9500,9449400
20151229,35.4400,35.5900,35.0100,35.0100,14188600
20151230,34.9900,35.4500,34.9500,35.3800,11566800
20151231,34.4500,34.9600,34.4400,34.8200,14736700
20160104,33.9900,34.0100,33.4600,33.8800,27882200
20160105,33.8300,34.0000,33.5300,33.9600,16709500
20160106,33.0800,33.5200,32.8000,33.2500,25491300
20160107,31.8400,33.0100,31.8400,32.2800,37680500
20160108,31.5100,32.2200,31.4300,32.0900,29953800
20160111,32.0600,32.2200,31.6800,31.8100,27732400
20160112,32.6800,32.8900,32.2700,32.7600,28587700
20160113,31.9100,32.9300,31.8300,32.7600,34445700
20160114,32.7400,32.8700,31.8000,31.9700,48728200
20160115,29.7600,30.5000,29.4500,29.7300,76373904
20160119,29.8000,30.0600,29.4800,29.9800,28878100
20160120,29.5900,29.8700,29.2100,29.3500,39598200
20160121,29.6600,30.0300,29.2400,29.6500,30157400
20160122,29.9300,30.2400,29.5100,30.1200,25326500
20160125,29.6000,30.2200,29.5700,29.9900,26441000
20160126,29.9400,30.0500,29.6100,29.6100,24754900
20160127,29.8100,30.2200,29.6400,29.8800,26384100
20160128,29.9700,30.1800,29.7500,30.0200,22028100
20160129,31.0200,31.0300,30.1000,30.2100,38311400
20160201,30.8200,31.1200,30.6400,30.7200,19015100
20160202,29.8000,30.4900,29.6300,30.4500,24994300
20160203,29.3400,29.7200,28.5200,29.7200,44660100
20160204,29.7700,29.8800,29.1100,29.1400,29257800
20160205,29.0400,29.7600,28.9100,29.5800,27957500
20160208,28.8200,28.9800,28.3000,28.7400,28725900
20160209,28.8100,29.1500,28.4100,28.4900,22902600
20160210,28.2300,29.0000,28.1900,28.8800,27267800
20160211,28.2200,28.4100,27.6800,27.8300,28450200
20160212,28.6400,28.7000,28.1400,28.5700,19699000
20160216,28.7800,28.9500,28.3600,28.7500,30705200
20160217,29.4700,29.6200,28.7300,28.8600,27691700
20160218,29.4200,29.7600,29.3800,29.5300,20623300
20160219,28.7100,29.3300,28.7100,29.2000,42056700
20160222,29.3500,29.5400,29.0000,29.1100,23893100
20160223,28.8000,29.3500,28.6000,29.3000,26638200
20160224,29.1900,29.3000,28.3800,28.5200,21593600
20160225,29.6200,29.6200,28.9500,29.3200,17571400
20160226,29.8000,30.0800,29.7000,29.8800,19902200
20160229,29.5900,30.1400,29.5800,29.7200,22903100
20160301,30.3700,30.5300,29.7500,29.9300,25502600
20160302,30.5400,30.8700,30.1200,30.3000,23779800
20160303,30.5800,31.3500,30.5400,31.1300,25625200
20160304,30.6300,30.8600,30.0500,30.5000,20356800
20160307,30.9400,31.1200,30.5000,30.5900,18858200
20160308,30.5600,30.8800,30.3800,30.8300,19104900
20160309,30.8700,31.0400,30.6700,30.8300,14707800
20160310,31.2500,31.4000,30.3800,31.1400,29584800
20160311,31.7600,31.7900,31.5300,31.6700,22811200
20160314,31.4300,31.6900,31.3000,31.6600,17438600
20160315,31.6500,31.6500,31.0600,31.3400,16927700
20160316,31.6900,31.8000,31.1700,31.4900,26298400
20160317,31.9800,32.1700,31.7000,31.7600,22865300
20160318,32.6800,32.6900,32.0600,32.1600,49934200
20160321,32.3400,32.4200,31.9500,32.2300,21760900
20160322,32.3200,32.4600,31.9500,32.1600,22200400
20160323,32.0000,32.4700,31.9800,32.4700,18765300
20160324,31.8800,31.9500,31.7000,31.8700,14211900
20160328,31.9000,32.0000,31.6200,31.8700,11433000
20160329,32.3800,32.4400,31.7300,31.9300,15313200
20160330,32.7100,32.7500,32.2900,32.4500,16598000
20160331,32.3500,32.6600,32.3200,32.5300,17880000
20160401,32.4500,32.4700,32.1000,32.2700,18049700
20160404,32.0000,32.3800,31.7400,32.2000,21581600
20160405,31.9000,32.1200,31.7200,31.8900,20080000
20160406,32.0800,32.2300,31.7700,31.9700,15740600
20160407,31.5500,31.9000,31.3500,31.8900,23738200
20160408,31.6300,32.0200,31.4800,31.7600,17031900
20160411,31.6700,32.3400,31.6600,31.9000,19707700
20160412,31.8600,31.9400,31.3800,31.8800,16774200
20160413,32.1300,32.1800,31.9500,31.9700,19968100
20160414,31.8000,31.8900,31.5500,31.7800,21620900
20160415,31.4600,31.8900,31.3800,31.7900,28782800
20160418,31.6500,31.7200,31.3800,31.4300,21566600
20160419,31.6000,31.8100,31.4000,31.7000,33619300
20160420,32.0000,32.2600,31.2500,31.3200,57629800
20160421,31.9700,32.0600,31.8100,31.9400,28431400
20160422,31.6400,31.8600,31.2200,31.7400,29625600
20160425,31.3900,31.5000,31.2000,31.3600,19315700
20160426,31.4000,31.7000,31.1700,31.3900,20976400
20160427,31.7500,31.8000,31.1900,31.2500,20006200
20160428,31.1100,31.7100,31.0300,31.4500,25146400
20160429,30.2800,30.8700,30.1000,30.8600,36443700
20160502,30.6100,30.6900,30.3600,30.4500,21086600
20160503,30.3600,30.5600,30.0900,30.4100,27111100
20160504,29.8500,30.2100,29.7000,30.1700,23278800
20160505,29.9000,30.0200,29.7500,29.8700,23393300
20160506,30.0400,30.1100,29.5200,29.6100,19594200
20160509,29.8000,30.1700,29.7600,30.0800,16813800
20160510,30.1400,30.1800,29.8200,30.0000,16963100
20160511,30.0600,30.2500,29.9700,30.1600,15662500
20160512,29.7600,30.2400,29.5700,30.1100,20760200
20160513,29.9100,30.2000,29.8400,29.8600,19857600
20160516,30.3900,30.5600,29.8800,29.9000,21739000
20160517,29.9800,30.5700,29.8600,30.5700,25550200
20160518,29.9900,30.2500,29.7800,30.0300,22415000
20160519,29.6300,29.9300,29.5000,29.7700,21659100
20160520,30.1500,30.3800,29.7000,29.7300,22727400
20160523,30.2300,30.4800,30.1300,30.2300,20809300
20160524,31.0600,31.1200,30.4500,30.5000,23494700
20160525,31.3900,31.5700,31.1500,31.2000,18359600
20160526,31.4900,31.6300,31.4000,31.4900,12658000
20160527,31.5700,31.6500,31.4500,31.6000,13301500
