20150529,51.8300,53.0900,51.6500,52.9000,2542800
20150601,51.8200,52.0900,51.2900,51.7800,2488100
20150602,51.1700,51.8500,51.0600,51.7600,3230500
20150603,51.2400,51.4300,50.9400,51.2500,2274000
20150604,51.1500,51.2000,50.7700,50.8400,2367300
20150605,51.1700,51.4600,50.6000,50.8300,1928500
20150608,50.5300,51.1300,50.5000,50.9000,2731200
20150609,50.3600,50.7200,50.2900,50.3500,2649700
20150610,50.9000,51.2100,50.5300,50.7200,3222700
20150611,51.5500,51.7500,50.8900,50.9600,3050700
20150612,51.1500,51.5900,51.1500,51.4000,2032800
20150615,50.5700,50.9900,50.4200,50.7400,1921600
20150616,50.5400,50.8800,50.2900,50.6300,2252000
20150617,50.9200,51.0400,50.4100,50.6200,2324000
20150618,51.0400,51.3900,50.7900,51.1400,2497200
20150619,51.1400,51.8200,50.9400,50.9500,3648800
20150622,49.6700,50.4400,48.7100,49.3500,8372100
20150623,49.3000,50.0600,49.1900,49.7900,3577300
20150624,49.0900,49.7900,49.0500,49.2900,2923600
20150625,48.3700,49.2300,48.3600,49.1100,4412700
20150626,48.2500,48.7500,48.2200,48.6000,8450400
20150629,47.7000,48.2500,47.6700,48.0800,4238300
20150630,47.5900,48.3800,47.3900,48.2100,3430100
20150701,48.5500,48.7100,47.9100,48.0100,2803000
20150702,47.9600,48.8200,47.9600,48.5500,2745800
20150706,47.6700,48.1500,47.4500,47.6500,2613700
20150707,48.0000,48.0400,46.9800,47.7400,3042300
20150708,46.8200,47.6900,46.7800,47.4500,2720600
20150709,46.6000,47.4300,46.5800,47.3700,2659800
20150710,46.9400,47.3500,46.7800,47.1400,2577000
20150713,47.8000,47.8700,47.2500,47.3300,2432400
20150714,47.7500,47.9900,47.6500,47.7000,2335600
20150715,47.2200,47.8400,46.9500,47.7400,2774800
20150716,48.1100,48.4300,47.1700,47.1700,3489000
20150717,47.6400,48.1000,47.5300,47.8900,2537000
20150720,48.6500,48.9100,47.8200,47.8300,3242400
20150721,48.0900,48.4600,47.8500,48.3800,2444200
20150722,48.8100,49.4900,48.5300,49.0000,4040100
20150723,48.6100,49.1100,48.4200,48.8200,2672300
20150724,47.7500,48.6500,47.5400,48.3500,2778500
20150727,47.3600,48.0000,47.2600,47.3100,2959900
20150728,48.7300,48.9700,47.5300,47.5700,3399900
20150729,46.9900,48.1900,46.1300,47.7600,7016000
20150730,47.4700,47.5100,46.7600,46.7600,3202100
20150731,47.8700,48.1000,47.5500,47.6900,2757300
20150803,47.3400,47.8800,46.8200,47.8800,2165400
20150804,47.4100,47.7100,47.0900,47.1100,2291200
20150805,47.7900,48.1700,47.4500,47.7500,3039200
20150806,47.2700,48.0600,47.0000,47.8100,2082300
20150807,47.5400,47.7000,47.0300,47.1700,2618000
20150810,47.9900,48.2300,47.7800,47.7800,1727700
20150811,47.2700,47.7600,47.0200,47.4900,3326000
20150812,47.1500,47.1800,46.1200,46.5400,3080600
20150813,46.8700,47.2400,46.8300,47.0900,2416700
20150814,47.3100,47.4200,46.6900,46.7300,2566700
20150817,48.1600,48.2100,47.0100,47.2500,2554300
20150818,47.6000,47.9600,47.5400,47.8500,2036300
20150819,47.0200,47.3600,46.6000,47.3300,2067400
20150820,46.0200,46.6600,46.0000,46.6600,2662100
20150821,44.3100,45.7900,44.2900,45.5600,4187200
20150824,42.0100,43.4000,41.1600,42.0500,4932300
20150825,40.6800,43.5500,40.6400,43.2300,5315900
20150826,42.0100,42.1100,40.9400,41.7300,4210600
20150827,43.1500,43.3200,42.1900,42.7400,3210300
20150828,43.7300,43.8900,42.7100,42.9700,3142900
20150831,43.1400,43.5900,42.9800,43.5800,2100200
20150901,41.6900,42.3800,41.4000,42.1400,3463800
20150902,41.9800,42.4700,41.4900,42.4300,2001800
20150903,42.1500,42.9000,41.9600,42.0900,1993300
20150904,41.7000,42.0000,41.4300,41.5400,2116700
20150908,42.9400,42.9700,42.1600,42.6200,2319800
20150909,41.9900,43.5000,41.8900,43.3300,2386800
20150910,41.8200,42.1700,41.6600,41.8600,1859600
20150911,41.6400,41.7700,41.2700,41.6500,2426900
20150914,41.5000,41.7900,41.2700,41.7700,2102800
20150915,41.1000,41.3300,40.8500,40.9700,3192900
20150916,41.2100,41.4900,40.8800,41.1300,2767500
20150917,40.9100,41.6200,40.7900,41.3400,2504800
20150918,40.4200,41.1100,40.2400,40.5000,6225100
20150921,40.3400,40.9300,40.2600,40.5600,2189800
20150922,39.5700,40.0700,39.4000,40.0000,2721300
20150923,39.2600,39.8600,39.1600,39.5500,2483000
20150924,38.9300,39.1100,38.1500,39.0500,4761600
20150925,38.7000,39.3000,38.5700,39.1900,2866000
20150928,37.4800,38.5500,37.4500,38.3700,3361700
20150929,37.3900,37.7200,37.1100,37.4600,3289200
20150930,37.7900,38.0600,37.4400,37.7900,3179100
20151001,38.3500,38.6300,37.6800,37.7100,3246200
20151002,38.9200,38.9200,37.6800,37.9900,3893100
20151005,39.7500,39.7800,38.9900,39.1300,2561100
20151006,39.8500,40.0100,39.5200,39.7700,3734400
20151007,40.2900,40.4300,39.7900,40.4300,2386300
20151008,41.0900,41.1600,40.2000,40.3000,2836100
20151009,43.2300,44.8300,42.6000,42.6700,7870700
20151012,41.9500,42.9400,41.3800,42.7500,3646100
20151013,42.0300,42.4800,41.6300,41.7100,2618000
20151014,42.1100,42.5000,41.9100,42.1700,2469300
20151015,42.1500,42.2700,41.1500,42.0500,2971800
20151016,42.1300,42.3000,41.6000,42.1800,2321200
20151019,41.5100,41.9900,41.2100,41.9700,2655000
20151020,41.4400,41.8700,41.1800,41.3500,2676100
20151021,41.2000,41.3900,40.6000,41.2600,3245400
20151022,42.6900,42.9000,41.5100,41.6600,4149600
20151023,43.8500,43.9600,42.9500,43.1700,4370200
20151026,43.4600,43.9000,43.1700,43.8200,2926300
20151027,43.0100,43.4300,42.7000,43.2800,2797900
20151028,43.9300,44.1800,42.6500,43.0300,3576400
20151029,42.9800,44.0000,42.8000,43.9700,4086800
20151030,42.6900,43.4100,42.6500,43.1500,2589200
20151102,43.4200,43.6200,42.7200,42.7500,2279600
20151103,42.7800,43.4300,42.7500,43.1200,2568900
20151104,42.5100,43.0900,42.4400,42.9900,2397900
20151105,42.0400,42.7500,41.8500,42.5200,3059600
20151106,42.5500,42.7000,41.6300,41.8500,4341900
20151109,42.1100,42.5100,41.8000,42.3600,2722400
20151110,41.9500,42.3200,41.4200,42.0100,2389800
20151111,42.3200,42.4300,41.8800,42.1000,3222100
20151112,40.2400,41.6900,40.2200,41.5000,2953300
20151113,40.1900,40.6900,39.9900,40.2500,3702400
20151116,39.9900,40.2900,39.5900,40.1600,4530700
20151117,39.8700,41.7100,39.8600,40.2200,7074700
20151118,41.0600,41.1400,40.0000,40.0000,3132100
20151119,41.2600,41.4400,40.8300,41.0300,2581000
20151120,41.2200,41.8400,41.0500,41.4900,2137800
20151123,41.1900,41.8900,41.0800,41.1700,2148300
20151124,41.8300,41.9200,40.8700,41.0100,3176500
20151125,41.6400,41.9300,41.3300,41.8100,2123600
20151127,41.8500,42.1100,41.5000,41.6800,1067900
20151130,41.8300,42.3700,41.6600,42.0400,5052200
20151201,41.2200,42.1200,40.9000,41.9200,3626900
20151202,40.0700,41.1700,39.9100,41.0500,5312800
20151203,39.6100,40.4500,39.3800,40.0500,4519900
20151204,40.2300,40.3300,39.3400,39.6500,3137100
20151207,39.7800,40.0600,39.4700,39.9500,2136500
20151208,39.3000,39.9200,39.1600,39.3600,2944900
20151209,39.4000,39.9300,39.0900,39.1100,2796400
20151210,38.7600,39.5100,38.7200,39.3400,2326000
20151211,38.1300,38.6000,38.0200,38.5000,2541600
20151214,37.5700,38.1800,37.2900,38.0700,3312800
20151215,38.1600,38.4500,37.8200,37.9700,4033000
20151216,38.5800,38.6600,37.7600,38.3800,3488900
20151217,37.7200,38.7500,37.7200,38.6900,3402100
20151218,36.8000,37.5800,36.7600,37.5400,6255600
20151221,37.3000,37.6100,36.9500,37.2000,2973600
20151222,37.6500,37.8700,37.1000,37.3900,3716100
20151223,38.3300,38.3500,37.7300,37.9400,2512000
20151224,38.5200,38.7200,38.2700,38.3800,1147700
20151228,38.1200,38.4400,37.9600,38.3500,2243600
20151229,38.6500,38.7500,38.2100,38.3600,2885200
20151230,38.2000,38.7900,38.1600,38.5200,2425200
20151231,37.7000,38.2000,37.6900,38.0800,2572500
20160104,37.6700,37.6700,36.8600,37.1600,4115100
20160105,37.9900,38.0000,37.4200,37.7900,3313900
20160106,37.3900,37.5800,37.1200,37.4700,3536800
20160107,36.2900,37.2200,36.1800,36.7900,4851900
20160108,35.9000,36.7800,35.7800,36.3000,4781000
20160111,36.4000,36.5400,35.9500,36.1800,5870700
20160112,36.3500,36.8800,35.9500,36.7200,3960200
20160113,36.0500,37.0500,35.9800,36.5500,3962300
20160114,36.5400,36.7900,35.6900,36.1700,4106100
20160115,36.4200,36.8000,35.4900,35.4900,5079700
20160119,35.6400,36.8300,35.0200,36.7600,4418100
20160120,35.2900,35.6100,34.0300,35.0700,4650400
20160121,35.4600,35.9900,34.9400,35.4500,3355600
20160122,36.4500,36.8000,36.0300,36.0300,3713800
20160125,32.5800,35.0100,32.5000,34.9800,14645200
20160126,32.8700,33.2900,32.5800,32.8100,8396000
20160127,32.9100,33.6700,32.5300,32.7700,6765000
20160128,32.6500,33.2400,32.5600,33.1000,4276100
20160129,34.2100,34.2200,32.8300,32.8800,6266000
20160201,34.0900,34.3300,33.5100,34.0300,5573900
20160202,33.8600,34.0900,33.4800,34.0800,5374200
20160203,34.1700,35.4800,33.0600,34.7000,8870700
20160204,35.0700,35.3900,33.9000,34.2300,6493900
20160205,34.9700,35.3600,34.8100,35.0600,6531400
20160208,34.3600,34.6100,33.7200,34.5000,4257100
20160209,35.1300,35.2000,33.7500,34.0100,6144000
20160210,34.7800,36.1200,34.7000,35.2700,7779000
20160211,33.1200,34.1300,32.8600,33.8500,5885500
20160212,34.1600,35.1500,33.5200,33.5700,6366300
20160216,35.1000,35.1400,34.2200,34.5500,3650200
20160217,35.5800,36.1700,35.2600,35.3000,4470500
20160218,35.3200,35.6100,35.0300,35.5400,3011400
20160219,34.0100,34.8100,33.4300,34.8100,5877700
20160222,34.3500,34.5000,34.0800,34.4300,4029000
20160223,34.1900,34.3100,33.7600,34.1800,3758500
20160224,34.7100,34.8600,33.8000,33.9900,3644700
20160225,34.7900,34.9500,34.3100,34.7800,3083900
20160226,35.2400,35.5000,34.9700,35.0000,3335400
20160229,35.7000,36.2000,35.1600,35.2000,4316000
20160301,36.6400,36.9100,35.9300,36.0200,3975400
20160302,36.7800,37.0500,36.4200,36.4500,3277600
20160303,38.3100,38.3700,36.7800,36.8000,5133400
20160304,38.7300,39.1700,38.1300,38.2300,4729900
20160307,38.9200,39.0900,38.5500,38.6500,2844200
20160308,37.8300,38.9000,37.7700,38.7400,3498600
20160309,38.5500,38.6200,37.8800,38.0900,3928100
20160310,39.2500,39.3600,38.4600,38.7800,5242900
20160311,39.9000,40.0500,39.7100,39.8000,4195700
20160314,40.0100,40.4300,39.8600,39.9800,5566200
20160315,39.4700,39.9400,39.1300,39.8200,4937000
20160316,40.3900,40.5700,39.2900,39.3500,5840200
20160317,41.2700,41.7000,40.2400,40.3100,5021500
20160318,40.9400,41.9100,40.5100,41.9100,9941600
20160321,41.4600,42.0900,40.9500,40.9500,4513800
20160322,41.2800,41.8000,40.9600,41.2200,3441500
20160323,40.7100,41.3800,40.6500,41.1800,2641300
20160324,40.7900,40.8200,40.2200,40.5000,2746500
20160328,40.8600,41.0100,40.5400,40.9000,2159200
20160329,41.3400,41.3600,40.3400,40.7700,2969700
20160330,41.0000,41.5500,40.8700,41.4500,2995400
20160331,41.0400,41.1600,40.6100,41.0000,4323400
20160401,40.9700,41.0200,40.3800,40.7500,3987900
20160404,40.5600,41.1200,40.5000,41.0200,3065000
20160405,39.8700,40.3300,39.6300,40.0900,4843200
20160406,40.2000,40.2400,39.3500,39.8000,2991600
20160407,39.6000,40.1500,39.3700,39.8500,2434400
20160408,40.2200,40.4700,39.9000,39.9300,2487400
20160411,40.1800,40.7000,40.1100,40.4100,2747400
20160412,40.5200,40.6000,39.9900,40.3500,2398800
20160413,41.3200,41.3700,40.8000,40.8600,2609000
20160414,40.9900,41.4500,40.7200,41.4000,2295700
20160415,41.7200,41.7900,40.8600,40.9000,2982300
20160418,42.0200,42.0900,41.4000,41.5400,2372600
20160419,42.9200,43.4600,42.0500,42.0800,4797400
20160420,42.5500,43.0900,42.5100,42.9600,2425800
20160421,42.5700,43.5000,42.5200,42.9200,3472000
20160422,43.3600,43.4900,42.7000,42.7300,2953200
20160425,42.8500,43.0400,42.3500,42.8600,3445900
20160426,43.3700,43.4800,42.9300,42.9500,2996700
20160427,44.1800,44.6000,43.5700,44.0600,4052400
20160428,43.5700,44.2600,43.1100,43.6500,2612600
20160429,43.2700,43.7500,43.0000,43.5000,3242800
20160502,43.4600,43.6900,42.8800,43.2800,3963400
20160503,42.1800,42.8200,41.6200,42.7200,4441900
20160504,41.7700,42.2400,41.5200,42.0000,2556100
20160505,41.5000,42.0900,41.4700,41.9500,2732600
20160506,42.1000,42.3700,41.2800,41.4600,2958200
20160509,42.5200,42.7800,42.0300,42.1900,3110700
20160510,43.0900,43.2100,42.5800,42.6200,2349900
20160511,42.8100,43.3300,42.8100,43.0800,1944500
20160512,42.6000,43.4400,42.4000,43.3100,2154300
20160513,41.9700,42.6500,41.8900,42.5100,2710700
20160516,42.2100,42.4000,41.6800,42.0100,2984400
20160517,41.1900,41.7600,40.8000,41.7500,5944100
20160518,40.2900,41.3200,40.1800,41.0800,4547400
20160519,40.2600,40.3000,39.5200,40.2000,3753900
20160520,40.4300,40.6300,40.2300,40.5000,2620200
20160523,40.9300,41.5200,40.4900,40.5300,3211100
20160524,41.4200,41.5400,41.1400,41.2400,2987700
20160525,42.1300,42.4200,41.1800,41.1800,4884300
20160526,41.8400,42.2600,41.7100,42.1100,2460600
20160527,42.0900,42.2200,41.8000,41.9200,1620000
