20150529,487.7500,493.0000,483.3400,486.0600,434900
20150601,502.1800,509.5800,489.3400,491.3600,568200
20150602,499.1300,500.9400,496.0000,500.5400,237300
20150603,501.1400,502.3800,495.8800,498.9400,140300
20150604,496.2400,499.6000,493.7300,498.7300,149700
20150605,495.0800,498.3400,491.1100,497.3400,117300
20150608,490.5600,498.6200,489.9600,495.9300,157900
20150609,497.2200,498.7200,487.4400,489.4400,278500
20150610,504.2100,507.9400,494.5000,497.7500,370800
20150611,498.2400,508.7800,497.4100,502.3900,289400
20150612,495.6600,497.8900,491.4400,495.5500,270500
20150615,491.6800,495.5800,487.0300,493.2800,190000
20150616,490.8300,495.7000,490.2600,492.4900,159700
20150617,488.8300,497.6400,487.0000,491.9700,318900
20150618,496.0000,497.3800,489.6700,491.3200,230500
20150619,494.7500,498.7300,492.9600,495.7300,389700
20150622,499.4500,501.8400,494.6500,497.7500,189500
20150623,496.6200,503.3500,496.0000,498.5700,176700
20150624,492.4500,499.9400,492.3400,497.6700,122300
20150625,494.8600,505.0000,493.1500,493.1500,258500
20150626,497.1500,503.2300,495.3700,497.4300,372400
20150629,483.7800,495.2000,483.2800,491.9100,193200
20150630,484.5000,488.4200,480.0900,488.4200,321600
20150701,485.8400,490.2500,482.7800,487.4300,277500
20150702,486.2900,488.2400,482.1000,487.8600,217500
20150706,478.1000,482.6200,470.7900,477.6300,469200
20150707,481.4700,481.9400,471.1300,480.4400,183400
20150708,478.6500,484.2200,474.7200,480.3600,204300
20150709,481.4700,486.5600,479.5700,484.8900,134100
20150710,487.8700,489.1800,484.0000,486.5000,127300
20150713,497.5400,499.0800,481.0500,481.0500,221000
20150714,491.9500,499.4000,488.6500,499.0000,324000
20150715,490.4800,496.1600,488.9600,493.4100,322500
20150716,490.0100,494.3600,488.7600,492.8100,219900
20150717,489.8100,491.8000,486.8400,489.9100,295500
20150720,497.6100,498.9800,487.4300,489.4100,218900
20150721,505.0900,507.6900,495.9700,497.6900,487700
20150722,549.8800,564.8600,547.3800,561.0000,1303900
20150723,557.2000,560.5700,545.5600,549.9900,494500
20150724,546.0800,552.6000,523.5400,529.0900,679300
20150727,544.1500,545.5000,537.8000,539.2500,468300
20150728,540.2600,543.5000,538.0000,541.3000,356600
20150729,540.2900,544.3700,535.8200,538.6000,181900
20150730,539.6200,541.7200,536.1500,540.1100,180100
20150731,533.1700,540.0800,531.9900,540.0800,240300
20150803,526.5000,533.5000,521.1500,531.6600,326600
20150804,526.7500,528.9700,522.1600,524.1600,181500
20150805,531.0700,534.4500,529.3500,529.3500,185700
20150806,524.0700,532.5300,523.5000,529.6600,176100
20150807,532.9900,533.9900,521.1300,524.1400,241000
20150810,532.2600,534.0000,529.0800,533.9500,285000
20150811,529.8400,534.0000,525.9200,532.0000,186000
20150812,529.2800,530.4100,525.0000,527.9100,287000
20150813,527.8700,531.5900,525.8000,528.8200,174200
20150814,529.8700,530.3500,525.3300,528.3000,123100
20150817,533.0500,533.7000,523.0100,527.9200,154100
20150818,529.7000,534.2600,528.5300,534.2600,145500
20150819,526.6200,530.7000,522.8400,530.7000,272700
20150820,514.2200,524.5800,513.8400,522.0800,234600
20150821,506.8400,514.0500,502.8300,509.6400,350200
20150824,490.8100,500.1100,475.0300,481.6300,492100
20150825,494.4600,509.9100,493.0000,500.0000,490000
20150826,508.4500,508.7900,495.9600,506.1900,322700
20150827,515.5700,515.6900,509.6900,512.7000,245200
20150828,514.2400,516.4900,510.7900,512.3900,135700
20150831,510.9500,517.7000,510.4500,512.1800,228200
20150901,503.4200,508.9500,498.0000,501.9900,400000
20150902,511.1300,511.1300,503.8300,508.5900,229000
20150903,513.7500,521.6400,510.0300,511.8400,253300
20150904,508.4000,511.5700,506.2400,507.9900,210400
20150908,520.6400,521.4200,513.1200,515.3500,248800
20150909,509.9700,523.6900,508.5500,523.1500,286400
20150910,511.5400,517.0000,501.0100,509.2800,184300
20150911,515.3000,517.9100,506.9400,510.4100,203200
20150914,510.5800,515.7000,507.3900,515.7000,179100
20150915,513.7700,517.1200,507.0100,508.7400,191300
20150916,514.5000,515.4400,510.6600,513.7200,127600
20150917,519.2400,526.4900,515.5000,515.5000,211300
20150918,511.4600,518.2300,510.8700,515.8900,422400
20150921,504.9400,514.5200,501.5000,512.0500,366000
20150922,494.2100,504.0400,488.8000,501.3400,503000
20150923,489.8800,495.8200,488.8000,493.7900,384800
20150924,491.1600,492.8100,486.0000,487.5900,208400
20150925,475.9100,494.8000,473.7300,492.9900,332200
20150928,463.5100,475.6600,461.2900,475.2700,505200
20150929,455.4700,469.2700,450.5900,466.0700,476500
20150930,459.5800,466.0000,456.8600,459.5100,356400
20151001,455.5700,461.5100,448.8200,459.9900,504600
20151002,464.8700,465.2400,450.0100,451.9800,707100
20151005,468.8100,476.5000,464.0100,469.2500,377800
20151006,459.6000,467.1200,455.5100,466.6900,234600
20151007,466.7000,467.2100,458.2700,460.5400,257600
20151008,468.4100,469.1700,460.9600,464.8400,251800
20151009,469.6500,476.3500,464.3000,467.9400,248100
20151012,460.8400,468.5600,459.0500,468.4400,384000
20151013,456.4100,462.4600,447.0000,453.5100,474600
20151014,454.8600,459.7500,451.5000,457.1100,368700
20151015,462.3100,464.0100,451.7600,457.0900,295800
20151016,467.3300,468.1600,461.0500,465.7800,223100
20151019,478.4400,480.0400,467.3600,467.5600,468700
20151020,473.0100,480.3800,471.0100,478.0000,564500
20151021,499.4100,519.9800,498.3600,518.9500,1133100
20151022,496.1800,501.9200,483.1100,501.6300,690700
20151023,500.0300,505.5500,495.9000,497.2700,496400
20151026,496.5500,500.2600,493.7100,499.5600,250500
20151027,496.7600,499.1200,492.4000,495.7500,174800
20151028,500.0200,500.4600,492.2200,497.3000,279000
20151029,500.2800,502.4100,495.0500,499.4400,267300
20151030,496.6000,504.9700,496.3400,500.5600,353600
20151102,504.2600,504.9900,496.8100,497.1000,243100
20151103,503.4100,506.9000,499.2800,503.6600,284000
20151104,501.4500,505.4600,500.1100,502.5000,229100
20151105,499.3500,504.3300,496.0000,501.8500,326800
20151106,500.9600,502.4500,495.0600,495.3600,208600
20151109,498.0400,504.0000,496.0900,500.9500,209000
20151110,502.5600,503.5700,495.3800,498.9900,271700
20151111,498.6100,504.5200,497.8700,503.4100,244100
20151112,500.0000,503.5000,498.8400,501.0700,353200
20151113,498.7900,504.0000,496.0100,498.3300,325800
20151116,500.9100,502.8700,498.2600,498.3300,269500
20151117,498.5100,504.7300,497.2200,499.9600,228500
20151118,507.3600,508.3500,497.6900,498.5500,305000
20151119,504.1700,507.2000,501.4700,507.2000,210700
20151120,516.5700,516.9000,507.1600,507.6700,403600
20151123,519.0900,521.9500,515.6900,515.6900,382500
20151124,516.7400,520.9900,512.7800,517.2200,297900
20151125,517.8700,520.0000,515.0100,517.2800,160400
20151127,519.2400,521.0500,516.8800,519.1000,77500
20151130,520.0200,522.6900,517.8100,520.9000,233700
20151201,522.2500,524.7500,516.5700,521.0300,311300
20151202,517.5600,524.8300,516.7900,522.7100,216300
20151203,508.6600,520.9000,504.0500,517.6900,311400
20151204,521.4000,523.8700,509.4100,509.4100,234100
20151207,522.5200,527.8900,518.9400,520.0000,369500
20151208,513.1400,522.3100,512.4000,520.0900,294300
20151209,513.6500,516.9700,508.9900,511.9100,247000
20151210,526.0400,529.8800,509.1200,511.6200,322000
20151211,523.4700,529.5200,519.6000,520.2200,400400
20151214,528.7500,533.0400,521.1000,522.9700,387200
20151215,537.0600,543.0600,524.9200,530.5300,444800
20151216,545.1300,546.8600,534.3200,540.8700,258700
20151217,539.0700,547.9400,536.9100,544.0800,274900
20151218,534.1800,543.3400,533.0800,534.6900,564800
20151221,539.3200,539.9900,533.7500,536.3900,256500
20151222,541.4500,544.3400,535.8200,541.6500,208300
20151223,547.7300,548.9800,539.6800,544.9800,221100
20151224,547.4500,549.0000,545.3800,548.6700,102100
20151228,547.1100,549.5000,542.5700,546.5800,160100
20151229,553.3700,556.6000,548.0100,549.7700,273100
20151230,552.5100,555.6300,551.3200,554.9700,189500
20151231,546.1600,552.8800,545.7500,550.6100,179800
20160104,547.3900,549.8300,538.8000,547.1600,530900
20160105,551.9600,554.0400,544.0000,549.0500,364000
20160106,553.2400,556.7400,543.0500,547.3000,503700
20160107,536.9000,556.5500,536.3600,545.4600,587300
20160108,536.5400,543.1600,533.0100,539.6600,336700
20160111,539.5800,547.2700,530.7900,540.5600,460300
20160112,542.1200,547.1300,535.0000,544.6600,304400
20160113,545.1400,572.0100,544.3700,562.4400,944600
20160114,555.7700,557.4700,538.1300,549.2900,582100
20160115,557.2500,558.0000,539.9400,540.2400,588100
20160119,556.4900,566.3500,552.5300,558.5400,532500
20160120,554.5600,561.7900,538.0200,552.3400,517400
20160121,555.6000,559.9000,541.6300,556.5100,669200
20160122,566.1100,580.0000,555.9500,568.8800,747500
20160125,558.2200,570.6100,556.7500,563.8800,460000
20160126,545.2400,554.9900,541.9300,550.0000,439100
20160127,534.0200,547.5500,531.9700,546.2400,365200
20160128,526.5900,538.8700,520.5000,535.6500,441700
20160129,540.8500,541.2400,527.5900,527.5900,467200
20160201,543.1600,546.3500,537.6600,539.0000,328100
20160202,539.3500,544.8800,534.0900,539.4200,234700
20160203,545.1000,545.3100,532.0700,543.4800,317200
20160204,551.9300,553.9500,537.1200,543.6500,424500
20160205,536.2400,554.4300,533.9500,551.0000,643100
20160208,507.2800,530.5600,502.0400,530.5600,644200
20160209,508.8200,520.5000,502.0100,507.1400,446200
20160210,524.4100,528.9200,510.0400,510.0400,341600
20160211,521.5500,525.0000,514.3300,514.3300,338200
20160212,531.2800,534.5200,517.2100,523.1500,218100
20160216,535.1600,536.0000,525.6400,536.0000,332800
20160217,541.8600,542.5000,532.0000,535.5400,313200
20160218,542.6200,544.9300,538.1000,540.8600,248500
20160219,546.3400,547.0500,530.4600,538.6500,261200
20160222,551.5100,552.0000,543.4000,549.0000,249400
20160223,548.9000,553.0000,544.1000,547.1500,233600
20160224,553.6500,554.9900,544.0100,544.0100,369800
20160225,559.2800,559.7800,546.4500,555.0000,436300
20160226,567.4700,570.1100,557.0000,560.0000,673700
20160229,563.0600,569.8700,562.4600,566.4700,469800
20160301,571.4900,574.5000,561.3900,564.2300,518000
20160302,573.8100,574.5000,567.3300,567.3700,552300
20160303,574.0400,576.0000,568.3300,570.0100,327500
20160304,570.6500,575.9600,568.2100,574.4600,365100
20160307,572.6900,576.3700,565.0200,570.4500,312900
20160308,566.8600,572.8000,565.6100,568.3100,271100
20160309,572.9000,573.5700,565.0500,570.0300,306800
20160310,573.7000,574.7200,566.9000,571.9000,271800
20160311,580.4500,584.3000,573.2200,575.0000,333400
20160314,593.0700,595.9900,575.1700,580.0600,514800
20160315,587.4000,594.7100,583.3600,587.1300,504900
20160316,587.3800,594.2300,582.6700,582.8100,343800
20160317,562.3500,590.0000,561.0200,588.5400,582700
20160318,583.0500,583.5200,562.6000,565.9900,635700
20160321,582.9900,589.2100,577.5000,582.0000,381000
20160322,591.0300,591.8500,577.4000,579.6200,366800
20160323,586.3300,595.9800,586.1500,591.2300,278300
20160324,583.3100,584.0700,575.8200,583.3200,319900
20160328,584.1700,586.7800,580.4600,585.7000,205300
20160329,603.0700,604.0000,582.0000,583.1500,340200
20160330,598.2800,607.7500,594.0300,607.7500,294100
20160331,601.0500,605.4900,595.1900,599.2800,221000
20160401,606.5000,606.5400,591.0400,595.1900,457100
20160404,622.0600,627.9400,603.2800,607.5000,509100
20160405,612.9200,619.2500,609.3600,617.5200,318500
20160406,626.1200,628.5400,611.9200,611.9200,377400
20160407,614.7800,625.8800,609.0200,625.8800,268200
20160408,619.7700,626.8000,615.1700,620.9300,260200
20160411,620.2000,626.9200,618.8000,623.0400,229500
20160412,625.5100,629.3700,619.4500,626.4000,291400
20160413,627.0100,630.6700,622.2500,626.8500,329500
20160414,623.0900,628.6000,622.0000,627.0100,160800
20160415,624.2200,627.9900,620.0300,624.4800,285200
20160418,626.9800,629.2000,621.3700,624.5700,372200
20160419,623.7100,627.6900,617.2300,627.0000,634500
20160420,644.5600,654.8800,641.9400,644.9700,697400
20160421,641.9100,648.8700,639.0800,643.5600,247000
20160422,638.1500,640.0000,627.9000,631.5000,418900
20160425,638.7400,642.3300,632.5400,632.9200,311100
20160426,632.5000,640.0000,630.3200,640.0000,297100
20160427,633.0100,636.7300,627.1100,633.6800,248700
20160428,631.5000,644.9100,627.8400,627.8400,372000
20160429,626.3600,628.6100,620.0000,627.0000,281900
20160502,633.3600,635.3800,626.2300,627.7800,237100
20160503,618.6300,629.8100,615.0200,626.7700,345500
20160504,615.1500,619.4900,611.9300,615.6300,263600
20160505,615.3200,619.3000,612.6900,617.7100,360500
20160506,618.9600,619.7700,611.2300,613.8900,396600
20160509,623.8600,629.0000,617.1300,617.1300,373900
20160510,626.5600,629.0300,620.9700,626.1500,251700
20160511,627.6900,629.4700,624.4000,627.4900,217400
20160512,633.3000,633.7200,622.0000,629.4800,383000
20160513,628.8100,637.4900,626.6500,634.0200,225800
20160516,635.2700,638.9900,628.0000,629.1000,221000
20160517,621.3800,635.5300,618.5200,634.2700,353200
20160518,625.2100,630.5400,613.0800,621.8200,412400
20160519,623.7900,625.6500,618.2800,621.3800,257800
20160520,632.5800,635.2900,621.7000,624.8800,390700
20160523,628.6500,632.1200,624.4500,631.5900,220200
20160524,638.6700,639.8700,628.9300,633.1200,326000
20160525,643.0400,644.8100,638.0800,638.5300,237400
20160526,637.2000,644.1700,636.0000,640.3700,324800
20160527,636.6500,643.4300,634.2900,639.9900,241500
