20150529,93.8300,95.6900,93.8300,95.2600,3743800
20150601,93.7800,94.3800,93.0000,94.3300,1949300
20150602,94.6100,95.0100,93.3100,93.6500,1479300
20150603,95.0800,95.3400,94.5500,94.7200,1594300
20150604,93.4500,94.6300,93.2900,94.4800,1481500
20150605,93.2300,93.4400,92.7200,93.2100,1472000
20150608,92.5700,93.2500,92.5600,93.1000,1878500
20150609,92.7300,93.1900,92.4000,92.6900,1449400
20150610,94.5900,94.8900,92.9400,93.0800,2234300
20150611,94.8300,94.9200,94.2000,94.7000,1322000
20150612,93.7000,94.6000,93.4600,94.3300,1149200
20150615,92.6300,92.8800,92.1400,92.7200,1784600
20150616,92.6600,92.9500,92.3600,92.3900,1823800
20150617,92.6000,93.1100,91.7700,92.8800,1370000
20150618,93.5300,93.8800,92.7500,93.1300,1712700
20150619,92.8600,93.4800,92.7200,93.3200,3285000
20150622,93.7600,93.8400,93.1300,93.4900,1350000
20150623,93.3200,93.7900,93.1300,93.6600,1273700
20150624,94.1700,94.7200,93.1400,93.3300,2072300
20150625,92.9100,94.5000,92.8000,94.4800,1800800
20150626,92.7800,93.0200,92.4500,92.7900,1476400
20150629,91.4500,92.7300,91.4100,91.7200,1624700
20150630,91.7900,92.6000,91.5700,92.0800,1702400
20150701,93.4300,93.6400,91.9700,92.4000,2583400
20150702,93.4000,93.8400,92.8100,93.5200,1662900
20150706,93.1200,93.6100,92.3000,92.3000,1344300
20150707,93.8300,93.9900,92.2100,93.2300,1891800
20150708,91.9300,93.3400,91.5100,93.1900,1801600
20150709,91.8600,93.3500,91.8600,92.9600,1439600
20150710,92.5800,93.5500,92.5000,93.2000,1668700
20150713,93.7400,93.8500,93.2000,93.5900,1362500
20150714,94.0400,94.3200,93.5300,93.6600,1197600
20150715,93.3700,94.2300,93.1400,94.0700,1455400
20150716,93.6100,94.3300,93.4000,94.2600,1265200
20150717,93.0200,94.1100,92.8500,93.4800,1379000
20150720,93.4600,93.7700,92.7400,92.9700,1764100
20150721,92.1600,93.3100,91.8800,93.1500,2055900
20150722,89.5800,93.6100,88.8600,92.7700,4548700
20150723,89.4000,90.8400,89.1900,90.0600,2469700
20150724,88.2700,89.3100,87.8500,89.2700,1920100
20150727,87.2600,87.8500,87.0100,87.6600,2596600
20150728,88.7400,89.1000,87.3600,87.6000,1921200
20150729,89.3400,89.4900,88.3700,88.7200,1255000
20150730,89.2800,89.5500,88.7700,88.9200,1411400
20150731,89.4700,89.8700,89.2300,89.7200,1702100
20150803,88.6600,89.6000,88.2400,89.4900,1426800
20150804,88.3400,89.0300,88.1900,88.9200,1690000
20150805,89.5900,90.3800,89.1000,89.1700,1344800
20150806,89.2200,89.8300,89.1200,89.6000,1026400
20150807,89.3000,89.7300,88.9400,89.1400,1342100
20150810,91.3800,91.4000,89.7700,89.7700,1258400
20150811,89.2200,90.3200,89.0000,90.2800,1513200
20150812,89.3400,92.0600,87.8700,92.0600,1626200
20150813,89.4300,89.8400,88.6000,89.0400,968800
20150814,89.7600,89.8300,89.2000,89.3600,824500
20150817,90.0400,90.2200,88.6800,89.2800,752800
20150818,89.9300,90.2000,89.5100,90.0400,764400
20150819,88.8500,89.6100,88.5000,89.1200,957600
20150820,87.4100,88.3200,87.3900,88.3200,1462100
20150821,85.2200,87.0900,85.1900,86.9100,2253100
20150824,82.1900,84.7200,78.7900,80.0300,3721000
20150825,80.0900,84.7600,80.0200,84.5900,2899200
20150826,83.2600,83.4300,81.0800,81.8400,2768800
20150827,84.8200,85.2800,83.3300,84.2200,2341100
20150828,85.0600,85.1000,84.0000,84.4100,1334800
20150831,84.5300,85.0200,83.8800,84.2300,1610100
20150901,81.8400,82.8900,81.3700,82.4000,2320900
20150902,82.6900,83.1500,81.8000,82.8900,1631900
20150903,83.2500,83.9700,82.9500,83.7600,1464200
20150904,81.7600,82.2700,81.4800,82.0600,1547700
20150908,84.1600,84.2000,82.9800,83.2400,1609100
20150909,83.5500,85.1500,83.4600,84.9500,1689500
20150910,83.4100,83.9900,82.8500,83.3700,1518400
20150911,83.5800,83.5800,82.6000,83.2700,1242600
20150914,82.6300,83.6000,82.4800,83.5000,1129500
20150915,84.4600,84.6300,82.6800,82.9100,1591700
20150916,85.7600,86.0200,84.2600,84.4600,1833900
20150917,85.5600,86.9100,85.2800,85.5600,3093900
20150918,84.7800,85.5400,84.3300,84.5300,4858400
20150921,84.2700,85.2500,84.1000,84.8300,1792100
20150922,83.5500,84.0600,82.9300,83.1600,2531100
20150923,83.2100,83.6200,82.7700,83.5200,1754200
20150924,82.8800,83.2100,81.2800,82.3100,2311300
20150925,82.4300,83.5500,82.0900,83.4300,1809000
20150928,80.5400,81.9500,80.3600,81.4200,1798300
20150929,81.3400,81.8500,80.4200,80.7500,2204000
20150930,82.3100,82.8700,81.3200,82.1700,1792900
20151001,81.5500,82.7200,81.0000,82.1800,1600600
20151002,82.7800,82.7800,80.1600,80.3300,1101200
20151005,85.6300,85.6800,83.3800,83.4400,1686300
20151006,85.6200,86.0400,85.3100,85.5200,1393400
20151007,86.3700,87.5600,85.5200,86.2100,1039100
20151008,87.6800,87.9900,85.9000,86.1100,1238400
20151009,87.6600,88.5000,87.4500,87.7100,1474900
20151012,87.6100,87.7700,87.1400,87.7700,860300
20151013,86.5300,87.5000,86.4400,86.9900,890700
20151014,84.9600,86.5500,84.8400,86.2900,1971800
20151015,85.5500,85.6200,84.4000,85.4600,1616500
20151016,84.3200,85.7900,84.0400,85.6700,2730600
20151019,84.0500,84.3200,83.8600,84.1700,1672900
20151020,85.1300,85.4700,83.6600,84.0200,2111000
20151021,85.5500,86.1900,82.3700,84.1300,3203200
20151022,89.5300,89.8600,85.5600,85.9400,3514400
20151023,90.5900,90.6900,89.7300,89.9400,2088400
20151026,90.7300,91.1600,90.2100,90.6100,1526300
20151027,90.5800,90.9000,89.6500,90.1000,1636300
20151028,92.1300,92.1400,90.4900,90.4900,1545100
20151029,91.9200,92.1700,91.2100,91.9000,959400
20151030,91.9400,92.5100,91.7400,92.1300,1739000
20151102,93.5000,93.7200,91.8200,91.9900,1221100
20151103,93.0100,93.7900,92.8800,93.2700,1993800
20151104,92.9300,93.8200,92.7800,93.3500,1037100
20151105,93.1000,93.6400,92.2900,93.1000,1109400
20151106,92.6200,93.2500,91.7300,92.6000,2009100
20151109,91.3900,92.5800,90.9400,92.4800,1312600
20151110,91.6800,91.7500,90.6900,91.0600,900000
20151111,91.3400,92.4100,90.9400,92.4100,1880900
20151112,89.7200,91.5100,89.6900,90.5800,1543600
20151113,89.4100,90.4700,89.3700,89.7400,1195000
20151116,91.0800,91.1600,89.2800,89.4300,1333500
20151117,90.1000,91.5700,89.9600,91.2600,1942000
20151118,91.6200,91.7100,90.2700,90.5700,1226900
20151119,92.4800,92.6000,90.9000,91.6000,1391600
20151120,93.5400,94.0100,92.5800,92.8600,1971200
20151123,93.3200,93.9300,93.1500,93.6200,1709300
20151124,93.3900,93.6300,92.6800,92.7900,1305700
20151125,93.3900,93.8800,93.2100,93.3900,1074900
20151127,93.2000,93.6900,93.0000,93.2900,439900
20151130,93.9800,94.1300,93.1100,93.3800,2228400
20151201,94.1600,95.0000,93.5600,94.3000,2320800
20151202,93.3800,94.3600,93.3300,93.8400,1656300
20151203,92.3600,93.8900,91.7500,93.4700,1803100
20151204,94.3200,94.3700,92.3600,92.3600,1982600
20151207,93.4000,93.7900,92.9800,93.5900,1426400
20151208,92.2900,92.9900,91.9100,92.6500,1794000
20151209,92.3900,93.4500,91.6300,91.9000,1844000
20151210,93.2900,94.0200,92.2200,92.3900,1760600
20151211,91.4600,92.9300,91.2400,92.0800,1478400
20151214,92.8900,92.9400,91.4300,91.7500,1960600
20151215,92.2400,93.5000,92.0900,93.1400,1726400
20151216,93.9700,94.0700,92.2100,92.5300,1565700
20151217,92.5500,94.1700,92.5400,93.9500,2007600
20151218,90.9200,92.2000,90.8700,92.0800,2650800
20151221,91.8400,92.0200,90.9600,91.6900,1483300
20151222,92.8200,92.9900,91.7500,92.5800,1426200
20151223,94.2100,94.3500,93.1500,93.4400,1139300
20151224,94.1300,94.4400,93.9700,94.0000,339000
20151228,93.7300,94.0200,93.1500,93.8300,750000
20151229,94.2500,94.4300,93.8500,94.1000,800100
20151230,93.1900,94.4200,93.1600,94.1000,969200
20151231,92.6800,93.4200,92.4100,92.7900,1071100
20160104,91.0600,92.6800,89.9100,92.6800,1895500
20160105,89.7300,91.5000,89.1300,91.0800,2428600
20160106,87.5200,88.6700,86.9100,87.9200,2547700
20160107,84.7300,85.9900,84.5100,85.3300,2606600
20160108,84.0200,85.4900,83.8300,85.1800,2159100
20160111,83.1900,84.3700,81.8100,84.3700,4311200
20160112,83.7900,84.5200,82.5700,84.0900,2132700
20160113,82.4800,84.8800,82.2400,84.4900,3002500
20160114,82.8300,83.9800,81.8200,82.8300,2530200
20160115,81.2500,81.9900,80.6300,80.7700,2556000
20160119,81.6900,82.2900,80.6900,81.9400,2432400
20160120,81.3400,82.1600,79.1500,80.2800,2990600
20160121,81.6500,82.5100,80.5800,81.8300,3716000
20160122,82.1600,83.2100,81.5100,82.7600,2039500
20160125,81.0500,84.0500,80.9500,84.0500,1654600
20160126,84.3100,84.3400,81.9100,82.0800,2525800
20160127,86.2100,88.0000,84.6200,87.5000,3423800
20160128,88.7600,88.7700,86.6100,87.1100,3301700
20160129,90.0700,90.0700,88.7000,89.2600,3257900
20160201,89.9200,90.2800,88.4200,88.4800,2481100
20160202,88.6000,89.7000,88.2000,89.3000,3340400
20160203,89.9800,90.0000,88.0000,89.7600,2023900
20160204,91.4600,92.7100,89.5200,89.5700,1751200
20160205,90.4100,91.3700,89.9400,91.0000,1866400
20160208,90.2600,90.5700,88.6700,89.3300,2372600
20160209,90.3600,91.0400,89.2500,89.4800,1373800
20160210,90.4200,91.8600,90.1000,90.6300,1682000
20160211,89.6000,90.3700,88.3200,88.9300,1779000
20160212,91.8800,92.1000,90.0600,90.4400,1587300
20160216,93.5400,93.7100,91.6800,93.0100,2250300
20160217,94.9300,95.2100,93.7900,94.0000,2767700
20160218,95.5700,95.8500,94.7600,95.1000,1668600
20160219,95.8600,95.8900,94.3200,95.1400,2579600
20160222,96.4300,97.3400,96.2100,96.2500,1640700
20160223,94.7500,96.5600,94.6800,96.1900,1558400
20160224,94.2100,94.5600,92.9900,93.6200,2790200
20160225,94.9800,95.1000,93.9700,94.6400,1583000
20160226,94.9300,95.7300,94.7600,95.5000,1276500
20160229,94.2500,95.6700,94.2500,95.1300,1566700
20160301,96.8400,97.1200,94.7100,95.1300,1201500
20160302,97.0200,97.0800,96.1000,96.4000,1122800
20160303,96.5700,97.0600,95.8500,96.8800,1632000
20160304,97.7300,98.1100,96.2200,96.7600,1546000
20160307,97.7800,98.0400,97.0000,97.0000,1377700
20160308,97.1000,97.5600,96.4400,97.3100,1302900
20160309,96.8800,97.7300,96.5700,97.4000,1312600
20160310,97.0600,97.6300,96.1300,97.2500,1348800
20160311,98.1700,98.6700,97.7900,97.9700,1474500
20160314,98.0400,98.5000,97.4600,97.7800,1306900
20160315,97.9800,97.9900,96.7400,97.1000,1314200
20160316,98.3200,98.7600,97.5700,97.8200,1285600
20160317,100.6800,101.0400,98.4100,98.4500,2363600
20160318,101.3200,101.3200,100.3100,100.8800,2781300
20160321,101.7500,101.9100,100.6400,101.0300,1689000
20160322,102.2800,102.4700,101.1900,101.4400,1696800
20160323,102.1000,102.4500,101.6800,102.3000,1731100
20160324,101.3900,101.8200,101.2200,101.4400,1576600
20160328,101.4000,101.7300,101.1600,101.4900,1442100
20160329,101.4100,101.5700,100.3300,100.4200,1609500
20160330,102.6300,102.9400,101.9500,102.1100,1725800
20160331,102.4400,102.9800,102.0000,102.5600,1226100
20160401,103.4400,103.6100,101.3600,101.7500,1117500
20160404,102.6700,103.7000,102.3400,103.4700,1444700
20160405,101.8000,102.3500,101.3600,102.0400,989900
20160406,102.7100,102.8000,100.7900,101.8200,1373600
20160407,102.5600,103.4100,101.9900,102.0700,2040400
20160408,103.2100,104.3600,102.7900,103.6200,1123800
20160411,103.0900,104.3500,103.0800,103.3700,1030700
20160412,104.3800,105.0000,103.2700,103.3500,1339900
20160413,104.9700,105.0500,104.1500,104.9000,1855600
20160414,104.9300,105.6000,104.6300,105.1500,1129000
20160415,104.8800,105.2400,104.8000,105.0500,1249100
20160418,105.3000,105.4600,104.4100,104.4100,1326100
20160419,105.6700,106.1900,105.3000,105.6800,2088400
20160420,104.3500,105.6500,103.6700,104.6900,2927500
20160421,104.5700,106.1400,104.3200,104.6100,2081800
20160422,104.6600,105.4200,104.2200,104.8000,1764700
20160425,104.4800,104.8400,104.0700,104.4900,1312700
20160426,105.4200,105.4300,104.0500,104.7900,1488800
20160427,105.4900,106.0300,104.8700,105.6500,1032100
20160428,104.5700,105.6600,104.3000,104.7000,1264700
20160429,104.5200,104.9000,103.6300,104.1600,1768500
20160502,104.9700,105.1100,102.9000,104.2400,1389500
20160503,104.4700,104.7500,103.8900,104.5400,1500600
20160504,103.5300,104.3000,103.2900,104.1500,1252200
20160505,103.1600,104.3500,102.9800,103.9600,1369500
20160506,104.1900,104.1900,103.0100,103.1000,979500
20160509,104.0900,104.3900,103.4200,103.9700,981500
20160510,105.3400,105.6700,103.8400,104.2900,1181500
20160511,104.2800,105.6600,104.2800,105.2800,935700
20160512,104.5300,105.0300,103.7700,104.5200,1488400
20160513,102.9800,104.8300,102.7200,104.4100,1244300
20160516,104.3000,104.5600,103.1600,103.2600,1189200
20160517,103.8300,105.1400,103.4000,104.2800,1284500
20160518,103.3100,104.3300,102.6800,103.6100,1088000
20160519,102.7600,103.3000,101.6800,102.5800,1233000
20160520,103.1400,103.7800,103.0100,103.3400,1269200
20160523,103.2400,103.5300,102.5900,102.9600,880800
20160524,104.9100,105.1800,102.6100,103.8600,931600
20160525,105.1400,105.9000,104.9100,105.0900,1286600
20160526,105.2600,105.8200,104.9900,105.3000,827600
20160527,105.3400,105.5000,104.8400,105.2500,836000
