20150529,39.8300,40.4500,39.7600,40.3100,2934400
20150601,39.8700,40.1400,39.5900,40.0000,2670300
20150602,39.8600,39.9100,39.4600,39.8000,2581900
20150603,39.8300,40.2500,39.5000,40.1200,3318300
20150604,39.1800,39.7300,39.1300,39.5600,3016100
20150605,39.2000,39.5600,39.0000,39.5600,2302100
20150608,39.3300,39.8900,39.2800,39.4900,2783900
20150609,39.0000,39.3900,38.9600,39.3000,2645900
20150610,39.1200,39.6100,39.0600,39.2400,3827800
20150611,39.3600,39.3800,38.8300,39.2400,4958100
20150612,39.4700,39.5800,38.8100,39.2100,4685200
20150615,39.4200,39.4400,38.9000,39.0900,2683100
20150616,39.5400,39.5800,39.1200,39.3200,3092100
20150617,39.2300,39.8100,39.1300,39.7600,3575000
20150618,39.5000,39.7700,39.2700,39.3800,2529400
20150619,38.9000,39.3600,38.8800,39.3300,3971600
20150622,38.9300,39.4000,38.8900,39.2800,4362500
20150623,39.1500,39.2900,38.9800,39.0300,3309900
20150624,38.8500,39.1400,38.7900,39.0600,2947400
20150625,38.5400,38.9000,38.5000,38.6700,2753500
20150626,38.5600,38.8100,38.3800,38.6900,2586700
20150629,37.4000,38.2500,37.3500,38.0400,3035100
20150630,37.4900,38.0300,37.2900,37.8000,3142200
20150701,37.8100,38.1300,37.5800,37.9700,2576100
20150702,37.6200,37.9200,37.3600,37.8000,2250300
20150706,37.2600,37.2900,36.3700,36.7500,3049500
20150707,37.1500,37.2800,36.4800,37.2800,3679000
20150708,36.2200,36.9100,36.2000,36.7300,2452100
20150709,36.4500,37.0300,36.3000,36.8100,3280700
20150710,36.9300,37.6900,36.7500,37.6200,2744700
20150713,37.4900,37.5700,36.9500,37.3200,3501200
20150714,38.0000,38.2800,37.3900,37.3900,4568800
20150715,37.9500,38.2600,37.8800,38.0500,2658300
20150716,38.6000,38.6900,38.2900,38.3100,2970900
20150717,38.4900,38.5500,38.1700,38.5000,1901900
20150720,38.3400,38.6300,38.2200,38.5600,1915400
20150721,38.4200,38.4300,38.0500,38.2300,2037200
20150722,38.5000,38.6200,38.3000,38.3200,2505200
20150723,38.0000,38.5800,37.8900,38.5800,1967900
20150724,37.4800,37.9900,37.3400,37.9900,1731100
20150727,36.9400,37.2400,36.8200,37.1500,2364000
20150728,37.2700,37.3600,36.9100,37.2100,2046100
20150729,37.7100,37.8000,37.1000,37.3600,2725400
20150730,38.9900,39.4800,38.4900,38.5900,5335200
20150731,38.6000,39.1100,38.5500,39.0700,4027000
20150803,38.5500,38.7100,38.2600,38.6700,2567700
20150804,38.4100,38.6900,38.2800,38.5900,2072400
20150805,38.7300,38.9700,38.5200,38.8200,2431300
20150806,38.6000,38.7800,38.3100,38.6700,2471000
20150807,38.2100,38.6100,38.0200,38.4900,2978200
20150810,38.8700,38.9700,38.5900,38.5900,1649800
20150811,38.3300,38.5600,38.1600,38.4600,1847800
20150812,37.8400,37.9600,37.0100,37.9600,2350200
20150813,37.4600,37.9400,37.4300,37.8400,2174500
20150814,37.5100,37.7700,37.1100,37.4000,2447800
20150817,37.6600,37.6800,37.1700,37.3100,1573800
20150818,37.2200,37.4500,37.0100,37.3700,1995100
20150819,36.6600,37.0900,36.5000,37.0100,2708400
20150820,35.8900,36.3500,35.8600,36.2600,3050800
20150821,34.6000,35.7000,34.5800,35.5400,6419700
20150824,32.8800,34.0800,31.0300,32.1700,7096500
20150825,32.0400,34.4000,32.0100,34.2000,7408600
20150826,33.1900,33.2400,31.9600,33.1600,6940800
20150827,34.5600,34.7700,33.4900,33.6600,5343300
20150828,34.6100,34.7200,33.7300,34.0500,5000000
20150831,34.1100,34.4600,33.9600,34.3700,3964200
20150901,32.9100,33.4400,32.6700,33.1100,4675700
20150902,32.9600,33.6400,32.5800,33.3000,3129400
20150903,32.9000,33.3900,32.7900,32.8500,4821200
20150904,31.9500,32.5100,31.7700,32.4200,5043600
20150908,32.9200,32.9700,32.2400,32.7000,4327700
20150909,32.5300,33.6900,32.4400,33.3500,4324000
20150910,32.7400,33.0200,32.2800,32.3500,3514400
20150911,32.8800,32.8900,32.4300,32.5300,2605400
20150914,32.6600,32.9300,32.5800,32.8700,2674400
20150915,33.2600,33.4500,32.5700,32.6700,3240700
20150916,33.7100,33.7800,33.0000,33.2600,3086400
20150917,33.4700,34.1900,33.3800,33.6300,3866400
20150918,32.4900,33.0500,32.0200,32.3100,4127900
20150921,32.8500,33.1700,32.6400,32.9300,2567900
20150922,32.0800,32.4500,31.8100,32.2800,2707200
20150923,31.8900,32.2600,31.5900,32.2000,2561200
20150924,31.9500,32.0800,31.3200,31.5900,3839400
20150925,32.0200,32.5500,31.9000,32.3700,3157400
20150928,30.9200,31.8600,30.8100,31.6800,3475900
20150929,30.8200,31.3400,30.6500,31.3400,4239200
20150930,31.2300,31.3800,30.7900,31.1100,6657100
20151001,31.4800,31.5800,30.8700,31.2700,3717000
20151002,31.5500,31.5500,30.2100,30.7200,3560000
20151005,32.5000,32.6100,31.8900,31.8900,3732900
20151006,32.5000,32.5700,32.1900,32.4100,3536200
20151007,33.0000,33.2200,32.5700,32.7300,2697500
20151008,33.1400,33.1700,31.8900,32.8400,2438500
20151009,32.8800,33.3300,32.7400,33.1700,2580800
20151012,32.6300,32.9200,32.4400,32.8200,1743400
20151013,31.4600,32.5800,31.4200,32.5500,5733800
20151014,31.1200,31.8000,31.0400,31.5000,4318500
20151015,32.0000,32.0200,31.1300,31.3300,3563600
20151016,32.4000,32.5200,31.8400,32.0600,3159500
20151019,31.7500,32.2900,31.6600,32.2600,2821600
20151020,31.9000,31.9500,31.5100,31.5700,3743900
20151021,31.4600,32.0500,31.4200,32.0000,1792600
20151022,32.9800,33.0900,31.6200,31.6200,4817400
20151023,33.9000,33.9700,33.2400,33.3700,4400400
20151026,33.7100,33.8900,33.5000,33.8400,2704200
20151027,33.2700,33.5500,33.0300,33.4600,2583700
20151028,34.3500,34.3900,33.0800,33.2600,5278800
20151029,33.4900,34.4900,32.6100,34.1800,6731200
20151030,33.1700,33.8000,32.9800,33.5000,4961400
20151102,33.4600,33.6200,33.1000,33.3200,3993800
20151103,33.6700,33.9600,33.2300,33.3000,3914600
20151104,33.5400,33.8200,33.3800,33.7200,2795900
20151105,33.8900,34.0000,33.4800,33.6000,2670200
20151106,34.1000,34.4000,33.7100,34.2500,3479200
20151109,33.4400,34.2700,33.3100,34.1600,4425400
20151110,32.9700,33.5900,32.6500,33.3000,4145000
20151111,33.3100,33.6200,33.1500,33.5000,3407700
20151112,32.4800,33.1000,32.4600,32.9900,3302900
20151113,31.7200,32.3900,31.6500,32.1900,2863800
20151116,32.1800,32.2100,31.4800,31.6400,2995900
20151117,32.1600,32.5800,32.0200,32.2100,2669000
20151118,33.0600,33.0900,32.2600,32.3400,2593800
20151119,33.1900,33.4300,33.0500,33.0600,2506700
20151120,33.2000,33.6400,33.0600,33.3900,2328100
20151123,33.0800,33.6600,33.0300,33.2000,2997600
20151124,33.1900,33.3300,32.7200,32.8300,2757200
20151125,33.5900,33.7900,33.2400,33.2800,2528700
20151127,33.6000,33.6400,33.2200,33.5700,981700
20151130,33.6900,33.8500,33.4900,33.6500,2611900
20151201,33.9000,34.2200,33.5600,33.8600,3002900
20151202,33.6100,34.1000,33.4700,33.9700,2584800
20151203,33.1700,35.0000,33.0200,33.7800,2932700
20151204,33.8300,34.0200,33.0700,33.3100,2831300
20151207,33.5600,33.7700,33.3300,33.7500,2276900
20151208,32.8500,33.1600,32.7000,33.0800,3409900
20151209,32.3700,33.2800,32.2600,32.6800,3779700
20151210,32.7900,33.1900,32.2600,32.5100,3816800
20151211,31.4200,32.5000,31.3900,32.2400,8226100
20151214,30.3900,31.6700,30.1200,31.4500,6085700
20151215,31.3400,31.4400,30.5000,30.7700,5530100
20151216,31.9000,31.9600,31.0500,31.6800,4141600
20151217,31.1900,32.1200,31.1600,32.0900,3060900
20151218,30.7400,31.0500,30.6800,31.0000,6382800
20151221,31.6500,31.6600,30.9400,31.0500,3504200
20151222,31.7300,31.9900,31.3100,31.7800,2925700
20151223,33.1200,33.2200,31.9400,32.0100,4146300
20151224,32.9200,33.1900,32.7300,33.0700,1728100
20151228,32.9600,33.0000,32.5800,32.7500,2162500
20151229,33.5700,33.6100,33.1700,33.2100,3070000
20151230,33.3800,33.7800,33.2700,33.3600,2735100
20151231,33.4800,33.6900,33.0600,33.1300,3688700
20160104,33.1900,33.2100,32.3700,32.5900,7028600
20160105,33.1000,33.5400,32.6800,33.3400,4698700
20160106,32.5300,32.7800,32.1800,32.2800,5198800
20160107,31.5100,31.8900,31.3200,31.5100,6252200
20160108,30.1300,31.8300,30.0600,31.7800,5357200
20160111,29.9300,30.3100,29.2700,30.2300,5870100
20160112,29.8000,30.3800,29.2000,30.2500,4515200
20160113,29.0900,30.1200,28.8800,30.0100,6488600
20160114,29.6300,29.9600,28.3800,29.1600,3891800
20160115,28.7600,29.2500,28.3400,28.5700,4479600
20160119,28.8200,29.3000,28.5300,29.1300,3336300
20160120,28.2100,28.5400,27.3600,28.2000,5576000
20160121,28.4300,29.0000,28.1000,28.4800,3936500
20160122,29.4800,29.5400,28.8900,28.9600,4155900
20160125,28.6500,29.3500,28.5300,29.2700,5248900
20160126,29.1800,29.2800,28.7600,28.7700,3815200
20160127,28.9800,29.8800,28.7600,29.1300,5149300
20160128,28.5500,29.8500,28.2800,29.2700,6279900
20160129,29.9300,30.0200,28.7500,28.8700,7523700
20160201,29.1200,29.6900,28.8100,29.6800,5086700
20160202,27.7900,28.4000,27.6300,28.4000,5401400
20160203,27.5700,28.1100,26.7500,28.0300,8697100
20160204,27.9600,28.5100,27.4900,27.5700,5245800
20160205,27.0800,28.2700,26.9300,27.9700,6477300
20160208,25.7800,26.4200,25.4300,26.4200,5946400
20160209,25.6500,25.9400,24.9200,25.0300,5585800
20160210,26.3100,26.7300,25.7600,25.8900,6798200
20160211,25.3800,25.6000,24.9000,25.4000,6561200
20160212,26.5000,26.8300,25.4600,26.2000,4910100
20160216,26.7000,27.0000,26.4100,26.8000,4540800
20160217,27.4500,27.7200,27.0300,27.2000,3539800
20160218,27.0400,27.4900,26.7900,27.4400,4279200
20160219,26.3000,26.8900,26.1000,26.7500,5984200
20160222,27.1800,27.2900,26.6700,26.7900,3987000
20160223,26.3400,27.1600,26.2000,27.1000,3847300
20160224,26.1700,26.2200,25.3100,25.9500,3047600
20160225,26.8800,26.9100,26.0400,26.2300,4098600
20160226,27.1000,27.4600,26.9600,27.1700,3336000
20160229,26.7400,27.2100,26.7000,26.9600,3377800
20160301,27.8800,27.8800,26.9900,27.0700,5321300
20160302,28.2200,28.2300,27.7300,27.9500,4456200
20160303,28.6000,28.6500,28.1000,28.2000,3506900
20160304,29.0900,29.3900,28.4600,28.7500,4655900
20160307,29.0100,29.2100,28.6000,28.7500,2980600
20160308,28.2000,28.8200,28.0900,28.6600,3104800
20160309,28.1900,28.5000,27.6700,28.4800,3549400
20160310,28.3300,28.6100,27.6800,28.4900,4979500
20160311,30.0000,30.0800,28.8600,29.1200,4970200
20160314,29.9600,30.0900,29.5400,29.7400,4225800
20160315,29.6000,29.7100,29.1500,29.6200,3046700
20160316,30.1300,30.2500,29.2700,29.4100,3594100
20160317,30.9200,31.1700,30.1100,30.1200,3758000
20160318,31.0100,31.4600,30.6200,31.1200,8770900
20160321,30.9700,31.1400,30.6800,31.0700,2673100
20160322,30.8200,30.9800,30.3700,30.6000,2354200
20160323,30.4000,30.8200,30.1900,30.8200,3100700
20160324,30.3300,30.3400,29.8200,30.0200,2046700
20160328,30.4900,30.6400,30.0700,30.3300,1709500
20160329,30.8700,30.9300,29.9300,30.2500,2288800
20160330,31.2600,31.5500,31.0300,31.2200,3257100
20160331,30.7700,31.4100,30.4900,31.1900,7780900
20160401,31.3800,31.4600,30.3900,30.4900,4467400
20160404,31.0900,31.5600,30.9900,31.3400,4568000
20160405,30.6900,30.8600,30.1800,30.4700,4782500
20160406,30.7600,31.1300,30.4900,30.5400,3341500
20160407,29.6000,30.8400,29.5000,30.4300,6159500
20160408,29.6000,30.0800,29.5100,29.9600,3786900
20160411,29.6200,30.1800,29.5900,29.8800,4317000
20160412,30.0800,30.2300,29.5100,29.8400,4574100
20160413,31.2200,31.2200,30.5200,30.5800,3525600
20160414,31.3100,31.5500,30.9800,31.1900,2388800
20160415,31.2400,31.3800,31.0700,31.2900,2292000
20160418,31.5300,31.6600,30.9900,31.0700,2791900
20160419,31.7900,31.9900,31.5500,31.7100,2044200
20160420,32.3800,32.5100,31.7700,31.9200,2848600
20160421,32.3100,32.5800,32.0400,32.3500,3097600
20160422,32.3600,32.7000,32.1400,32.4000,2330200
20160425,31.8200,32.3400,31.6800,32.1700,3400400
20160426,32.4300,32.4500,31.8200,32.0400,2610300
20160427,32.7300,32.8500,32.2300,32.3100,3289400
20160428,31.4900,32.1200,31.3300,31.9100,5301500
20160429,31.0100,31.3500,30.5100,31.1600,3882000
20160502,31.0600,31.4300,30.6800,30.8300,3829300
20160503,30.1300,30.6100,29.6400,30.6100,5328100
20160504,29.7200,30.0400,29.4900,29.8100,2746500
20160505,29.4700,29.9900,29.3600,29.8100,3499700
20160506,29.6600,29.7000,29.0800,29.2800,2937600
20160509,29.5400,29.7900,29.4300,29.6500,2314900
20160510,29.9900,30.0600,29.6800,29.7300,2768400
20160511,29.0500,29.6500,29.0200,29.4500,3562300
20160512,29.0600,29.5600,28.8900,29.3300,2679700
20160513,28.3800,29.4100,28.3500,28.9700,3403800
20160516,28.4500,28.6900,28.2700,28.4400,5191400
20160517,28.4100,28.8100,28.0800,28.3500,5230800
20160518,28.9900,28.9900,28.3500,28.4100,5730000
20160519,28.7900,29.0000,28.3800,28.6700,4261500
20160520,29.5400,29.6200,28.9600,29.0400,5756600
20160523,29.8700,29.9600,29.4200,29.4200,4309400
20160524,30.7300,30.8600,30.0300,30.0700,4962900
20160525,31.3700,31.4300,30.8900,30.9800,4559800
20160526,31.1000,31.4000,31.0700,31.3400,3191900
20160527,31.4500,31.5600,31.0000,31.1700,2535700
