20150529,52.0200,53.0600,51.9500,52.9600,6697800
20150601,52.7000,53.0300,52.1100,52.2100,3605000
20150602,52.8000,53.2200,52.2400,52.3500,3796300
20150603,52.8700,53.2800,52.4600,52.8200,2463900
20150604,52.5400,52.7800,52.1600,52.3900,3593500
20150605,52.1800,52.5100,51.9300,52.3600,2946400
20150608,51.5500,52.1600,51.5200,52.0200,2271300
20150609,51.5600,51.7700,51.1800,51.6100,1842800
20150610,53.5900,54.5200,53.0000,53.0800,12732600
20150611,52.9700,53.6000,52.8500,53.5800,7959300
20150612,52.3500,52.6600,52.0100,52.5500,4699000
20150615,51.5800,51.9200,51.4900,51.8600,4419100
20150616,51.6900,51.9600,51.3100,51.4900,3840000
20150617,51.8400,52.3700,51.5200,51.7800,2173200
20150618,51.9600,52.3800,51.7600,51.8400,3473700
20150619,51.3600,51.9300,51.3600,51.8300,3751800
20150622,51.8000,51.8800,51.5200,51.8100,2295700
20150623,52.0100,52.1800,51.8100,51.9100,2428600
20150624,51.1500,52.1200,51.0000,51.9700,2690400
20150625,51.0600,51.7400,51.0200,51.4000,2191900
20150626,51.1100,51.5900,50.9400,51.5900,3232500
20150629,49.8500,50.8500,49.8000,50.7200,2776600
20150630,49.5300,50.4200,49.2900,50.3300,3567100
20150701,50.2300,50.4400,49.8600,50.0700,4330500
20150702,49.4400,50.3900,49.2700,50.3900,2916000
20150706,50.5400,51.8500,49.5000,49.5800,8339100
20150707,50.9500,51.0800,49.7500,50.8100,3997500
20150708,48.5900,50.3300,48.5000,50.2300,5192100
20150709,48.7200,49.6900,48.6000,49.3300,4229500
20150710,49.0300,49.4600,48.8900,49.1600,4207200
20150713,49.4200,49.6700,49.0200,49.5400,4118100
20150714,49.3100,49.4000,49.0000,49.3400,2104500
20150715,48.6700,49.2400,48.6200,49.2400,3043000
20150716,47.5300,49.3400,47.4000,49.3100,5985200
20150717,47.6000,47.7500,47.0900,47.4700,3227700
20150720,47.4300,47.6500,46.8200,47.6100,3181500
20150721,47.1100,47.5300,46.9300,47.3000,3525000
20150722,46.4300,47.2100,46.2200,47.0200,3742900
20150723,46.3400,46.8100,46.1800,46.5300,4699200
20150724,44.2400,48.2200,43.9300,48.1400,8029400
20150727,44.0000,44.4700,43.5200,44.1000,6532900
20150728,44.4400,44.8500,43.5500,44.1800,7514100
20150729,45.1500,45.3400,44.1400,44.1400,3855800
20150730,45.5900,45.7400,44.6800,44.8900,3750500
20150731,45.5600,45.9400,45.0800,45.8500,4186200
20150803,45.9900,46.0000,45.3100,45.6700,5823600
20150804,45.8900,46.4900,45.7200,46.0200,5444100
20150805,46.4000,46.5100,45.9700,46.1200,4377100
20150806,46.2600,46.6900,46.0800,46.5600,4420800
20150807,46.4100,46.9400,46.1700,46.1700,3876700
20150810,47.3200,47.7000,46.7200,46.7200,4110900
20150811,45.6200,46.5800,45.5600,46.4600,6750400
20150812,45.3800,45.6800,44.5900,45.6800,3927400
20150813,45.1800,45.5300,44.6700,45.3000,4008700
20150814,45.5000,45.7900,45.1500,45.4000,2648500
20150817,45.6800,45.7800,45.0200,45.3300,2945300
20150818,45.5200,46.0400,45.2600,45.6400,2631200
20150819,44.6200,45.2900,44.5600,45.1300,4974000
20150820,43.1800,44.4200,43.1300,44.3000,3814900
20150821,42.0600,43.1100,42.0600,42.6600,6655100
20150824,40.2100,41.7300,38.4800,39.0100,8059300
20150825,38.9500,41.5300,38.9300,41.5300,6543700
20150826,40.2100,40.3200,38.8900,40.1100,5637700
20150827,41.1500,41.4700,40.3600,40.7500,3885600
20150828,41.4900,41.5400,40.9100,41.0300,2821700
20150831,41.1400,41.5100,40.8900,41.1800,3652500
20150901,39.3700,40.4700,39.0800,40.2400,5225100
20150902,39.6800,40.0400,39.0300,39.8600,3396400
20150903,39.9800,40.4900,39.8000,39.9200,3651200
20150904,39.6800,39.8700,39.0000,39.1600,4331000
20150908,41.0400,41.1100,40.2600,40.5900,3844000
20150909,40.5900,41.9300,40.4800,41.4800,4271900
20150910,40.2100,40.5800,39.8300,40.5200,3437500
20150911,40.2800,40.2900,39.5300,40.0000,5440700
20150914,40.1800,40.6000,40.0100,40.4400,2948100
20150915,40.9400,40.9700,40.2400,40.5600,3541400
20150916,41.9600,42.0300,40.8200,40.9100,3598800
20150917,41.4500,42.2700,41.3300,41.8600,2877200
20150918,40.5000,41.2500,40.4200,41.0800,5637300
20150921,40.6700,40.8700,40.2800,40.5500,3888700
20150922,39.7500,39.8900,39.3600,39.7100,4642900
20150923,39.9800,40.0600,39.4700,39.8400,4173100
20150924,40.0300,40.1700,39.1400,39.4000,5820900
20150925,39.9500,40.5100,39.8300,40.3000,3999500
20150928,39.2900,39.8800,39.0400,39.7300,3164800
20150929,39.8000,39.8600,39.1000,39.3700,3654500
20150930,41.3600,41.5600,40.6800,40.7100,4913500
20151001,41.5000,41.7100,40.8400,41.4100,3694400
20151002,42.3300,42.3400,40.6400,41.2600,3185000
20151005,43.0500,43.1400,42.5100,42.6500,3570500
20151006,43.0600,44.1600,42.7500,43.0000,4729900
20151007,43.8600,44.1300,43.4200,43.4700,3045800
20151008,44.3900,44.5700,43.5400,43.8000,2554900
20151009,44.3000,44.9800,44.1000,44.4900,2143600
20151012,44.0700,44.4900,43.8600,44.2500,2754900
20151013,43.3400,43.9300,43.2600,43.8700,2118300
20151014,43.6900,43.8100,43.2400,43.3600,2729700
20151015,44.2100,44.3100,43.6400,43.9900,2697600
20151016,43.8500,44.2500,43.5200,44.0000,4006400
20151019,44.0300,44.0900,43.4600,43.7900,2682500
20151020,44.3800,44.7700,43.8100,43.8500,2421700
20151021,44.1000,44.8200,44.0600,44.6400,1706000
20151022,45.1100,45.4900,44.3300,44.3900,3311600
20151023,45.0100,45.5200,44.8900,45.5200,4046900
20151026,45.0000,45.1600,44.8600,45.0000,3353600
20151027,44.4400,44.9000,44.0800,44.7500,2567400
20151028,44.9800,45.1800,44.1100,44.4700,4366900
20151029,44.4000,44.6100,42.7700,42.8200,3534600
20151030,45.1800,45.4900,44.2400,44.5300,4535600
20151102,45.1700,45.3900,45.0900,45.2300,3117900
20151103,44.9600,45.3900,44.7600,45.1700,2809900
20151104,45.0000,45.2300,44.8800,44.9700,3151200
20151105,45.1900,45.2200,44.6100,44.9500,3314000
20151106,45.2400,45.3100,44.7500,45.0300,2372300
20151109,44.6500,45.1300,44.3600,45.0800,2127700
20151110,44.5000,44.6800,43.9900,44.5200,2160500
20151111,44.5000,44.8000,44.2800,44.7100,2573000
20151112,43.9300,44.4700,43.9200,44.1100,3274300
20151113,43.0800,44.3000,43.0700,43.8800,2336000
20151116,44.1200,44.1300,42.9600,43.1000,2962700
20151117,43.9100,44.4800,43.8100,44.1400,2833900
20151118,45.5100,45.5500,43.9600,44.1600,3376600
20151119,45.7000,45.9300,45.3300,45.6000,2619900
20151120,46.0200,46.4200,45.9000,45.9900,2996200
20151123,45.8900,46.6200,45.7400,46.0800,2400500
20151124,45.5100,45.9200,45.3300,45.5200,3482800
20151125,45.4700,45.8600,45.4100,45.5500,2041300
20151127,45.7000,45.8800,45.3800,45.5300,1071900
20151130,46.0000,46.3500,45.5700,45.8700,3874500
20151201,45.4700,47.3200,45.2000,46.3700,6113500
20151202,42.9300,44.9700,42.8500,44.9200,8214800
20151203,42.5700,43.1300,42.2400,43.1300,4595200
20151204,43.1500,43.2800,42.3700,42.6100,4053800
20151207,42.1500,42.9400,41.9300,42.9100,3128200
20151208,41.2500,41.9200,41.1300,41.7400,2994700
20151209,40.7100,41.7000,40.5300,40.6200,2597400
20151210,40.9600,41.4300,40.7000,40.7100,3796400
20151211,40.1800,40.6900,40.0500,40.3000,4113800
20151214,39.6700,40.2900,39.3200,40.1400,3830000
20151215,39.3800,40.0800,39.1400,39.7400,4148500
20151216,39.7000,40.0000,38.8800,39.7500,5609200
20151217,38.8900,39.8300,38.6700,39.7100,4871700
20151218,38.7500,38.9900,38.5100,38.6600,5221600
20151221,39.2400,39.3000,38.7800,39.0400,3425100
20151222,39.6600,39.7900,39.3700,39.5500,3131300
20151223,40.7000,40.9300,39.9000,39.9000,3697800
20151224,40.5000,40.8000,40.3600,40.6000,1127200
20151228,39.8900,40.2800,39.7400,40.2800,2037700
20151229,40.5200,40.6300,40.0900,40.1100,2020000
20151230,40.2300,40.6500,40.1600,40.5200,1446800
20151231,39.4900,40.1300,39.4800,40.0000,2179800
20160104,39.0800,39.1100,38.2700,38.8700,3824200
20160105,38.5800,39.2100,38.1300,39.0800,3191000
20160106,37.3400,37.9600,36.9200,37.9100,4906300
20160107,35.8400,36.9200,35.7800,36.6500,5668200
20160108,35.3500,36.5400,35.2800,36.3000,5786000
20160111,35.3700,36.1600,34.9800,35.6700,6004500
20160112,35.9000,36.2400,35.1700,35.8100,5964500
20160113,34.6600,36.1800,34.3400,35.9300,6106700
20160114,35.2100,35.6500,33.6200,34.6900,12931400
20160115,34.7100,35.0900,34.1100,34.1400,13557100
20160119,34.7200,35.4300,34.2900,35.0700,6576100
20160120,34.6800,34.9800,33.7600,34.1100,9069100
20160121,35.2400,35.9500,34.6900,34.9600,5006900
20160122,35.6000,36.2400,35.0900,35.9900,4566100
20160125,34.2100,36.0000,33.8600,35.6200,18222100
20160126,35.2100,35.2300,34.0600,34.3300,8092500
20160127,35.1300,36.3100,35.0200,35.0200,7207100
20160128,34.6600,36.1100,34.5500,35.6700,6501200
20160129,35.8700,35.9400,34.7700,34.9700,5392600
20160201,35.0100,35.5400,34.6600,35.4900,4503300
20160202,35.2500,35.3600,34.4100,34.7000,5327300
20160203,35.6000,35.6900,34.7800,35.6200,4546800
20160204,36.4400,36.7600,35.2600,35.6500,5039200
20160205,35.7800,36.5000,35.5900,36.1800,3383200
20160208,35.4000,35.5300,34.6400,35.2900,4492000
20160209,35.3300,35.6000,34.8500,34.9600,4896900
20160210,34.9000,35.8600,34.8600,35.6900,3729600
20160211,34.2100,34.7600,33.8500,34.4100,4169600
20160212,34.8100,34.9500,34.1600,34.5600,5346200
20160216,35.4800,35.5800,34.8600,35.3000,4940700
20160217,36.1100,36.2200,35.5900,35.8700,4177500
20160218,35.7000,36.3100,35.3400,36.3100,3373300
20160219,34.8800,35.6700,34.6500,35.5900,5127900
20160222,35.8300,35.9900,35.2700,35.3400,7603200
20160223,35.4700,36.1300,35.4000,35.6900,3259700
20160224,35.7700,35.8400,34.6300,35.0300,2493800
20160225,36.4300,36.4700,35.6400,35.7700,3751300
20160226,37.0000,37.1000,36.4600,36.6200,3297000
20160229,36.4600,37.1100,36.4300,37.0200,3824700
20160301,37.4600,37.5700,36.8000,36.8500,3145500
20160302,37.5200,37.7000,37.2700,37.4300,2481100
20160303,37.7900,37.9300,37.4200,37.5200,2659100
20160304,37.9700,38.0400,37.4700,37.7400,2642500
20160307,37.6700,38.0100,37.5300,37.6500,2292500
20160308,36.7600,37.5100,36.6400,37.4900,2838600
20160309,36.8600,37.1000,36.6300,36.8700,1761900
20160310,36.5100,37.1000,36.1600,36.8900,2323100
20160311,37.4600,37.5100,36.7500,36.9300,3604200
20160314,37.6000,37.7600,37.0000,37.0500,2456500
20160315,37.6600,37.6900,37.1600,37.3400,1995900
20160316,38.2600,38.2700,36.8800,37.0000,2503800
20160317,38.7400,38.9200,38.2000,38.2000,3446600
20160318,38.8600,39.1200,38.6200,38.9800,6167000
20160321,38.8200,38.9800,38.5700,38.6700,2393300
20160322,38.4800,38.7900,38.3400,38.6900,3759500
20160323,38.0900,38.5400,37.8700,38.4600,2698900
20160324,38.3200,38.3400,37.6000,38.0000,3052400
20160328,38.1800,38.5500,38.0800,38.5500,2526600
20160329,38.2500,38.4200,37.8700,38.3600,2640600
20160330,38.8800,38.9800,38.4000,38.5200,3325000
20160331,38.9700,39.0200,38.6000,38.8800,3706800
20160401,39.1500,39.2100,38.4700,38.5200,4497600
20160404,38.7600,39.1900,38.7100,39.1900,3989800
20160405,37.8900,38.7200,37.8500,38.2700,5461600
20160406,38.0200,38.2200,37.2100,37.7600,7527300
20160407,37.8300,38.1200,37.6100,37.8500,4551600
20160408,38.4300,38.9000,37.9500,37.9900,3629000
20160411,38.5500,39.0700,38.3400,38.5000,2080200
20160412,38.7100,38.8500,38.5500,38.7100,2054400
20160413,39.4600,39.5300,38.8200,39.1100,3318400
20160414,39.5200,39.6400,39.0000,39.6300,4564400
20160415,39.1700,39.6500,39.0000,39.5700,2816000
20160418,39.1400,39.3300,38.8700,39.0500,2604500
20160419,39.2000,39.7200,39.1300,39.3900,3805800
20160420,39.7300,39.7500,39.1400,39.2000,4081500
20160421,41.5800,41.9500,40.1600,40.5100,9515600
20160422,41.9300,42.2100,41.2200,41.6200,6075200
20160425,41.6800,42.0000,41.5800,41.7100,5451300
20160426,42.2100,42.4200,41.7700,41.8900,5448400
20160427,42.5000,42.6100,42.0300,42.1300,4450400
20160428,41.9200,42.7300,41.7900,42.1600,4528600
20160429,41.4000,41.7000,40.9900,41.6000,4293300
20160502,41.1000,41.7000,41.0400,41.5500,3026900
20160503,40.8600,40.9100,40.2100,40.6100,4500100
20160504,40.6000,40.7700,40.2300,40.5100,4628000
20160505,40.5000,40.8500,40.4300,40.6400,4086200
20160506,40.7900,40.8300,40.0500,40.2800,2955300
20160509,40.7500,40.9000,40.5700,40.7900,4110000
20160510,41.1800,41.3300,40.7200,40.8600,3084600
20160511,41.0000,41.5800,40.9500,41.1900,4329700
20160512,41.3200,41.6000,41.0100,41.1100,6880500
20160513,40.8100,41.5300,40.6400,41.1500,3927500
20160516,42.5900,42.6500,40.8000,40.9000,5818100
20160517,42.5000,42.8500,42.0900,42.3600,5734700
20160518,42.4000,42.8600,41.2100,42.2400,3583500
20160519,42.3300,42.3900,41.7600,42.0700,4731600
20160520,42.9300,42.9500,42.3500,42.4700,5197100
20160523,42.7400,43.2200,42.6900,42.9300,3813300
20160524,43.8800,43.9700,43.2200,43.5000,5452400
20160525,44.2100,44.4700,43.9400,44.0000,4046800
20160526,44.0500,44.4700,43.9700,44.2300,4214800
20160527,44.1000,44.3200,43.9300,44.1700,3305600
