20150529,72.6400,73.7200,72.5100,73.5100,1510900
20150601,73.2500,73.8600,72.6400,72.6500,1396000
20150602,73.5600,74.6900,73.0400,73.0400,1729800
20150603,74.2800,74.5100,73.5100,73.5900,940500
20150604,73.3200,74.1200,72.0100,72.7400,1332500
20150605,73.5800,73.8500,73.0000,73.2500,1044000
20150608,73.3900,73.9700,73.2500,73.5000,860300
20150609,73.1600,73.7200,72.9200,73.4100,904500
20150610,73.6100,73.7300,73.2100,73.6100,646500
20150611,73.6200,74.4300,73.5700,73.7500,775400
20150612,73.9800,74.1000,73.1200,73.3500,928800
20150615,73.1500,73.7900,72.8500,73.4300,829300
20150616,73.3600,73.5500,73.0800,73.0800,693200
20150617,75.1200,75.4800,73.8000,73.8500,1705300
20150618,75.5500,75.7000,75.0400,75.2000,1165100
20150619,75.2200,75.9200,75.0000,75.2800,1254900
20150622,75.4400,75.9800,75.2900,75.5800,708000
20150623,76.0200,76.5200,75.4500,75.6900,953500
20150624,75.8700,76.4300,75.8200,75.9600,1062000
20150625,75.4300,76.4700,75.3100,76.1500,852500
20150626,76.2000,76.3600,75.3300,75.3300,839300
20150629,74.3000,75.7700,74.2500,75.4200,1600500
20150630,74.5000,75.0700,74.0200,75.0000,1174000
20150701,75.3000,75.3300,74.5300,75.0200,659700
20150702,75.1200,75.8600,74.9100,75.3200,658000
20150706,75.2800,75.6700,74.4700,74.5200,885400
20150707,77.9600,78.0200,75.0600,75.5400,2186700
20150708,76.3500,78.1700,76.2000,78.1700,1678400
20150709,76.4700,77.2400,76.2000,77.2400,1443400
20150710,77.3800,77.4900,76.7800,77.4700,837300
20150713,78.0300,78.4300,77.7100,77.8800,876900
20150714,78.0100,78.3300,77.7000,78.1000,823700
20150715,78.6500,79.1800,77.7200,77.9600,1255000
20150716,79.5200,80.2300,78.3400,78.6800,1563500
20150717,78.6600,79.2600,78.5500,79.2500,742200
20150720,78.9000,79.4300,78.6600,78.9300,725800
20150721,78.2800,79.4300,78.2500,78.8300,1200600
20150722,78.9900,79.6000,78.2700,78.3800,1000200
20150723,78.0200,79.2300,77.9700,79.0000,784000
20150724,77.2000,78.3800,77.1700,78.2100,986000
20150727,77.3300,77.4200,76.5300,76.9600,1136600
20150728,76.2900,77.4800,76.2300,77.4800,1518100
20150729,76.3000,76.7100,76.1200,76.4300,1366300
20150730,76.3400,76.7300,76.0900,76.2200,1018100
20150731,76.3100,76.8100,76.2400,76.7300,1386600
20150803,75.9200,76.4000,75.5500,76.2200,576400
20150804,76.2600,76.4500,75.7400,76.0800,976000
20150805,75.5100,77.5800,75.4500,76.5800,2308100
20150806,74.4800,75.5100,73.9000,75.4600,1459500
20150807,74.9100,75.0100,74.2300,74.5100,1111400
20150810,75.9900,76.4200,75.2300,75.4100,1140300
20150811,76.2400,77.1200,75.2600,75.6200,1699100
20150812,75.5100,75.8300,73.8600,75.4600,1758800
20150813,74.9200,75.6000,74.5600,74.6800,4088500
20150814,78.1300,79.9800,77.3800,78.6000,6489200
20150817,79.0400,79.0900,77.8100,78.2800,2019200
20150818,78.7100,79.3600,78.1700,79.0900,1161700
20150819,78.7000,79.3900,78.1500,78.4500,1089500
20150820,77.7200,78.5000,77.5000,77.9500,1054800
20150821,75.1900,77.6700,75.1800,77.1700,1380500
20150824,72.1100,74.2300,70.7000,73.1200,2396600
20150825,71.3300,73.9200,71.3100,73.9200,1574700
20150826,73.8000,73.8200,71.4500,72.8200,1596200
20150827,73.3200,74.3400,72.1800,73.8600,2001100
20150828,73.3600,73.6200,72.9600,73.3700,1163400
20150831,72.8800,73.7700,72.5800,73.0800,1305900
20150901,71.6600,72.6500,71.2900,71.6500,1427600
20150902,72.9000,72.9300,71.8500,72.2900,973700
20150903,73.4600,74.4600,73.1000,73.2900,940100
20150904,72.9000,73.4200,72.4400,72.9200,909600
20150908,74.4200,74.4900,73.6000,73.9800,1009800
20150909,73.1900,75.3500,73.0900,74.9600,1359600
20150910,73.7600,74.2500,72.9400,73.0200,1247100
20150911,73.6000,73.6400,72.5700,73.4200,1329600
20150914,73.1800,73.7200,72.9500,73.3800,870400
20150915,73.8300,74.9900,73.7800,74.0500,1848900
20150916,74.3000,74.4000,73.2900,73.5700,1190300
20150917,74.3200,75.4300,74.0500,74.4900,1041500
20150918,73.8400,75.0100,73.4300,73.5400,1856500
20150921,74.3800,75.0300,73.7900,74.3000,887700
20150922,73.7000,74.2500,73.4100,73.7900,706700
20150923,73.6400,74.1200,73.0800,73.7400,812500
20150924,73.0900,73.4900,72.7100,73.1900,980100
20150925,72.9900,73.9300,72.7900,73.5400,857400
20150928,70.8900,73.0000,70.8200,72.8600,1247100
20150929,70.4400,71.0000,69.9100,70.7900,1639000
20150930,71.7100,71.7800,70.8700,70.9900,1301500
20151001,71.4300,71.9000,70.6100,71.6100,1513700
20151002,75.1200,75.2100,70.5900,72.2500,4704900
20151005,74.3400,75.6700,73.2800,75.4900,4192100
20151006,73.2700,75.0800,73.1500,74.3000,2395700
20151007,67.9600,69.7000,67.5000,69.5000,2669700
20151008,68.9700,69.1500,67.7300,67.9400,1951200
20151009,68.4300,69.3300,68.2700,68.8800,1457800
20151012,68.8300,69.0500,68.1000,68.5700,1032600
20151013,68.5300,69.3300,68.1000,68.7800,1482100
20151014,66.8700,69.0300,66.5700,68.7000,2418300
20151015,67.4200,67.4700,65.7600,67.2600,1961900
20151016,67.2700,67.9100,66.7200,67.5700,1208900
20151019,68.4400,68.4800,66.9300,67.2000,1524900
20151020,68.5300,69.1900,68.0100,68.2800,1360500
20151021,67.6800,69.5400,67.5900,68.8600,1783300
20151022,68.5100,68.8100,67.5800,68.0000,1572700
20151023,64.9900,68.6700,64.6100,67.9500,2459000
20151026,65.2300,65.3300,63.7300,64.7700,2086300
20151027,64.5800,65.4000,63.7300,65.4000,2126700
20151028,64.6600,65.8600,63.9300,64.9100,1983400
20151029,64.7000,64.8400,63.9200,64.8400,1095100
20151030,65.2100,65.6300,64.3900,64.7800,1534200
20151102,65.2000,65.4900,63.5000,65.0800,2234600
20151103,66.9900,67.2700,65.8800,66.0700,2233300
20151104,66.4200,67.2300,66.0900,67.1100,1403500
20151105,66.6800,66.9800,65.6200,66.5000,1676500
20151106,65.8000,66.9900,65.7300,66.5300,1921000
20151109,62.7000,65.5100,62.1900,65.5000,4132600
20151110,64.7300,64.8400,62.3000,62.9400,3028400
20151111,62.3200,63.5600,61.0600,63.2300,4691500
20151112,63.4700,64.5100,62.3100,62.3200,6735900
20151113,53.9600,54.3400,50.4300,50.4900,23930000
20151116,54.7300,55.0000,52.8200,53.5100,6574300
20151117,54.6400,55.5800,53.7600,55.5100,3421100
20151118,55.6400,55.7500,54.3100,54.8300,3660500
20151119,55.6000,56.0000,54.9100,55.4400,3116200
20151120,55.9600,56.9900,55.8200,56.1900,3016200
20151123,56.7600,57.6200,55.7200,55.9500,4331600
20151124,57.7100,58.6400,56.5200,56.5900,3587000
20151125,57.7900,58.2700,57.4000,57.7100,2099700
20151127,57.6100,58.0600,57.0600,57.6800,1396100
20151130,56.3100,57.6600,56.0900,57.4500,5004500
20151201,56.7500,56.9700,56.1000,56.5000,3487700
20151202,56.6100,57.7100,56.3000,56.9900,3338500
20151203,57.0000,57.2300,55.6200,56.8000,5176000
20151204,57.0800,57.6400,56.2800,56.7800,4857600
20151207,56.4400,56.7000,54.6600,56.7000,7047200
20151208,56.8400,57.7700,55.8700,56.0000,4109000
20151209,56.6700,57.8400,56.1500,56.2800,3551700
20151210,56.7700,57.9300,56.6200,56.9400,2627100
20151211,55.4300,56.2900,55.2400,56.0000,3538000
20151214,54.7600,56.3100,54.2500,55.7500,4813600
20151215,54.5100,55.4100,54.3100,55.0000,4430400
20151216,54.0800,55.2000,53.0800,54.9700,5153100
20151217,51.3400,54.1500,51.2700,54.1500,5953100
20151218,50.5800,51.5400,49.9800,51.2200,6226500
20151221,50.0500,51.1700,49.4300,50.9600,3646000
20151222,50.8100,51.1300,49.3400,49.8600,3530500
20151223,51.5600,51.8600,50.4400,51.2700,2665300
20151224,50.9500,51.6100,50.5300,51.5000,889400
20151228,50.3500,51.1400,50.0000,50.6200,2172500
20151229,50.8800,51.7800,50.7300,50.8200,2433400
20151230,50.3100,51.2900,50.2600,50.8300,1663100
20151231,49.8100,50.5500,49.7200,50.2100,2401600
20160104,50.1300,50.2000,48.7100,49.8100,4518300
20160105,49.9700,50.7000,48.7100,49.6200,5307900
20160106,48.4900,49.3100,47.7100,49.0400,4218300
20160107,48.5000,49.6300,47.0200,47.0700,7616500
20160108,46.2400,48.5100,46.1400,48.4800,4015300
20160111,46.8100,47.3000,45.8800,46.5300,3701600
20160112,47.1200,47.5500,46.3200,47.3700,2968700
20160113,45.9500,47.6000,45.8400,47.2000,2808900
20160114,45.7900,46.5500,44.6300,46.0600,3563100
20160115,45.4500,46.0400,44.4900,44.4900,3830900
20160119,46.1400,46.4700,44.5600,45.7600,4360800
20160120,46.1000,46.6200,44.6900,45.5400,4647800
20160121,47.7400,48.2300,45.9700,46.2900,5490700
20160122,48.0200,49.1000,47.5500,48.3000,4241200
20160125,46.8700,48.1900,46.7600,47.9300,3193800
20160126,48.0400,48.2900,47.0800,47.3700,2123200
20160127,48.0200,48.8500,47.6600,47.6900,1826500
20160128,47.9900,49.8100,47.4800,49.6800,1680200
20160129,49.1000,49.1800,48.2000,48.4300,2118100
20160201,49.9300,50.1900,47.8100,48.4600,2894000
20160202,49.1600,50.1800,48.6600,50.1800,3153300
20160203,50.5300,50.7800,48.8400,49.3300,4037700
20160204,47.4300,49.2800,46.8000,49.2800,5557500
20160205,48.1800,48.9500,46.7000,47.4300,4682600
20160208,50.8500,51.8900,47.9700,48.1500,6711300
20160209,50.3400,51.7300,50.0900,50.2200,4448500
20160210,49.1900,50.8600,49.1500,50.6200,2628400
20160211,49.1900,49.3700,47.9700,48.5800,3021800
20160212,48.9100,49.7000,47.3000,48.9400,3801900
20160216,50.9000,51.6400,49.5100,49.6400,4480900
20160217,52.2500,52.7800,51.0800,51.3400,7120100
20160218,52.7200,53.0700,51.1700,52.1600,8327200
20160219,49.1700,49.7500,46.6500,47.8500,18947400
20160222,51.3700,51.3900,49.3200,49.3200,4712800
20160223,50.8600,51.5700,50.1900,51.4000,2753300
20160224,51.9200,52.0000,49.4800,50.5200,3537600
20160225,52.4300,52.7600,50.6500,51.9000,2835100
20160226,52.5100,52.7600,51.8100,52.7200,2330800
20160229,51.3200,52.5000,51.2300,52.3200,3370100
20160301,52.2900,52.3600,51.0800,51.6700,2579400
20160302,52.7500,52.8300,52.1200,52.3700,3080900
20160303,53.0600,53.2200,52.1500,52.5400,2012500
20160304,54.5100,55.3100,52.5700,53.0400,6376600
20160307,54.6900,55.5600,53.0200,53.1000,4177600
20160308,55.1100,55.9900,54.0000,54.0100,4829500
20160309,55.8400,56.2500,54.9600,55.3900,3367900
20160310,57.0100,57.0800,55.6300,56.2900,4074600
20160311,56.4900,57.6500,56.0300,57.2700,2681500
20160314,56.0600,56.5200,55.6000,56.0200,1798300
20160315,56.7700,56.8900,55.5000,55.8100,2422700
20160316,56.8500,56.9900,56.0200,56.2700,1753400
20160317,58.2200,58.5000,56.5000,56.8500,2342300
20160318,58.5200,59.3700,57.2700,58.0100,3668800
20160321,57.6700,58.7000,57.4000,57.8800,2454100
20160322,56.7500,58.1900,56.7200,57.6400,2579200
20160323,56.0400,56.8700,55.9000,56.8400,2114400
20160324,55.9700,56.0700,55.4500,55.9000,2026500
20160328,56.7000,57.2400,55.9100,55.9700,1344500
20160329,57.3100,57.4500,56.6000,56.8600,1452600
20160330,57.5000,57.9800,57.1500,57.5100,1147100
20160331,57.2100,57.8800,57.1300,57.4700,1211400
20160401,57.2300,57.9200,56.8200,57.0800,1889500
20160404,55.5500,57.4200,55.4300,57.1500,2570100
20160405,54.8800,55.5500,54.5900,55.4100,2460100
20160406,54.7200,54.9400,53.8800,54.8100,2667400
20160407,52.4500,54.6700,52.2100,54.3800,5483200
20160408,51.1400,52.1800,49.9000,52.0500,5299000
20160411,50.8400,51.4400,50.6500,51.2300,3040200
20160412,51.5900,51.9300,49.9500,50.7800,3684600
20160413,51.9900,52.0200,51.1600,51.7800,3674500
20160414,51.3000,52.0000,50.6900,52.0000,2305200
20160415,51.7000,51.9800,50.7800,51.2800,2537100
20160418,52.3300,52.5700,51.5700,51.6600,2193100
20160419,52.5100,52.9000,52.0500,52.3500,1753700
20160420,53.5700,54.1900,52.5400,52.6600,2321100
20160421,53.2800,54.4200,53.2100,53.6000,4143100
20160422,51.5900,53.4000,51.4300,52.3400,4290100
20160425,52.0100,52.2800,51.1800,51.5100,1700100
20160426,52.7700,52.8800,51.7200,51.9700,2683300
20160427,53.4700,53.5500,52.2900,52.6100,1588000
20160428,52.7300,53.8200,52.6000,53.3700,1529900
20160429,51.1300,52.2400,50.5800,52.2400,3116000
20160502,51.5900,51.7400,50.4200,51.2000,2676000
20160503,50.8000,51.2100,50.0600,51.2100,2143100
20160504,49.5500,50.4500,48.9500,50.2100,3877500
20160505,48.7100,49.3800,47.6400,49.3700,5014700
20160506,48.0600,48.3100,47.1800,48.3100,4678300
20160509,49.2000,49.5700,48.0400,48.1600,4222000
20160510,48.8600,49.0200,47.9600,48.7000,5063800
20160511,45.4300,47.0300,45.2900,47.0300,10006600
20160512,45.2300,46.2600,43.8400,45.0000,13426200
20160513,39.1600,41.0200,37.9900,38.4800,29545100
20160516,38.5400,39.6500,38.4000,39.6300,10379600
20160517,37.6500,38.7500,37.5100,38.4000,7042100
20160518,36.3700,37.5000,36.1900,37.2200,8689000
20160519,37.1100,37.3600,36.5100,36.6700,6326400
20160520,38.1200,38.1300,37.0800,37.2500,4846200
20160523,38.1600,39.1800,38.1100,38.2800,5240800
20160524,38.0100,38.5800,37.6200,38.3800,2721200
20160525,38.2000,38.3700,37.6600,38.0700,5086500
20160526,37.6600,38.1000,37.3600,37.8400,3751500
20160527,38.1700,38.1800,37.6100,37.7700,2697900
