20150529,62.7700,62.8900,62.4000,62.7100,1995300
20150601,62.5500,62.9900,62.1300,62.6000,1833300
20150602,62.1700,62.4500,62.0400,62.3200,2204400
20150603,62.2700,62.3900,61.7400,62.2600,3584400
20150604,62.2600,62.4500,61.9400,62.0100,3161800
20150605,61.4500,62.1100,61.1900,61.9600,1584100
20150608,61.3100,61.6600,61.1300,61.4700,1727600
20150609,61.5100,62.1000,61.3000,61.4600,1492900
20150610,62.0500,62.1800,61.5200,61.7500,1111100
20150611,62.2200,62.4200,62.1000,62.1700,1293300
20150612,62.1300,62.1600,61.7700,61.9200,1027100
20150615,61.6900,62.1200,61.6700,61.8800,1484500
20150616,62.4700,62.5300,61.6700,61.8000,1056800
20150617,62.8200,62.9400,62.1700,62.4000,1660100
20150618,63.1000,63.4300,62.6800,62.7600,1381100
20150619,63.3400,63.8800,63.0600,63.0900,1958400
20150622,63.4000,63.8500,63.2600,63.5300,805800
20150623,63.4700,63.5900,63.1100,63.3800,1666000
20150624,63.4100,63.7400,63.1700,63.2300,1193400
20150625,62.8700,63.6400,62.7500,63.3800,1229400
20150626,63.0500,63.2100,62.6100,62.9900,4073300
20150629,62.6000,63.1300,62.5700,62.7000,1554800
20150630,62.7000,63.2100,62.4000,62.8700,1931600
20150701,63.0100,63.0700,61.9900,62.7000,1936900
20150702,63.1400,63.5600,62.9400,63.2900,1162500
20150706,62.7400,63.3700,62.4700,62.8900,1189800
20150707,64.1200,64.2400,62.6800,62.9000,1740700
20150708,63.6800,64.3200,63.6600,63.9300,1511500
20150709,63.5900,64.3800,63.5900,64.2900,1018100
20150710,63.7500,63.9700,63.5600,63.7400,1175600
20150713,64.1800,64.2800,63.9100,64.1100,709400
20150714,64.1200,64.2200,63.9000,64.0900,645200
20150715,63.6800,64.2300,63.6000,63.6800,793400
20150716,64.5000,64.6300,63.9300,63.9300,1308100
20150717,64.3500,64.5000,63.8600,64.2700,1503500
20150720,64.1400,64.4200,63.9600,64.2800,595700
20150721,64.0200,64.2800,63.8800,64.2800,671500
20150722,64.3900,64.7200,63.8900,64.0300,691200
20150723,64.3300,64.6900,64.0300,64.3100,1087700
20150724,64.5400,64.7500,64.0300,64.1700,1326400
20150727,64.6800,64.8300,63.9800,64.2400,1437500
20150728,65.0500,65.1500,64.3800,64.9500,1121700
20150729,65.4300,65.6100,65.0400,65.0900,898300
20150730,66.0900,66.2400,65.1300,65.2100,1141500
20150731,66.1700,66.4600,65.8500,66.4600,1246000
20150803,66.0700,66.4000,65.4500,65.9300,1901800
20150804,67.5000,67.9700,65.7000,65.8100,2513500
20150805,68.6600,68.9000,67.9900,68.0000,2820400
20150806,68.8600,69.2100,67.9400,68.1000,2322400
20150807,68.9200,69.0700,68.5200,68.8600,1643500
20150810,69.0000,69.3900,68.6200,68.8700,1488700
20150811,69.2000,69.2400,68.4100,68.6400,1215400
20150812,68.9000,69.0700,67.6800,68.6200,2005900
20150813,68.8900,69.2000,68.5700,68.7800,1316200
20150814,69.7700,69.8500,68.7600,68.9700,1327800
20150817,69.6000,69.8300,69.2100,69.4600,2100900
20150818,69.3000,69.8400,69.0800,69.5000,1566900
20150819,68.9500,69.5400,68.5000,69.1200,2610600
20150820,68.7200,69.3100,68.3500,68.4900,1726800
20150821,67.4600,68.5500,67.4400,68.3000,2156100
20150824,65.7400,65.7400,63.5200,64.8300,4070100
20150825,65.1000,67.0000,65.0700,66.7700,3431200
20150826,66.9300,67.1200,65.5700,66.2100,2706700
20150827,67.3600,67.8800,66.4700,67.5300,2294100
20150828,67.0400,67.0800,66.4200,66.7800,1852400
20150831,66.2800,66.9600,66.0800,66.8000,2078900
20150901,65.7100,66.5300,65.0000,65.3100,3078100
20150902,66.7400,66.7700,65.9200,66.1000,1907400
20150903,67.3300,67.5800,66.4500,66.6800,1456900
20150904,66.5800,66.9100,66.0900,66.7300,1462300
20150908,67.5200,67.6500,66.8600,67.5500,1937400
20150909,66.1600,67.9800,66.0300,67.8100,1963300
20150910,66.3500,66.7600,65.9600,66.0200,1463600
20150911,66.9900,67.0100,65.9700,66.1700,1378600
20150914,66.7300,67.0000,66.5700,66.9900,985100
20150915,67.4600,67.5900,66.4100,66.6400,1412900
20150916,68.3900,68.5800,67.4500,67.4500,1776800
20150917,68.8700,69.5900,68.1100,68.3700,1709300
20150918,67.4500,68.7200,67.3100,67.7300,3295000
20150921,67.6600,68.1000,67.5200,67.8400,1617100
20150922,67.0300,67.3800,66.5500,66.9300,1737400
20150923,67.2900,67.4000,66.6100,67.0600,1050600
20150924,67.2100,67.3500,66.4200,66.9700,2610400
20150925,68.2200,69.1300,67.4300,67.6900,1494700
20150928,66.5100,68.0600,66.4400,67.7000,1987400
20150929,66.4500,66.6600,65.9900,66.5000,2561400
20150930,66.5500,67.2500,66.1900,67.0000,2533000
20151001,66.2400,66.6200,65.0300,66.2600,2916000
20151002,67.4100,67.4100,65.6000,65.8800,1854100
20151005,68.0600,68.2700,67.3900,67.8100,3953400
20151006,67.5500,68.0000,67.4900,67.9800,1822000
20151007,68.2200,68.2300,67.6000,67.7600,1770500
20151008,69.2400,69.2600,67.9300,68.1700,1415500
20151009,69.4400,70.0000,69.1000,69.1900,2273700
20151012,69.8300,69.9900,69.2800,69.3900,1253700
20151013,69.3600,69.7900,69.2200,69.4700,1330800
20151014,68.6500,69.4400,68.5600,69.2300,1004500
20151015,69.2000,69.2800,68.6300,68.9700,1325100
20151016,69.7900,69.8400,69.1800,69.4900,1039700
20151019,69.6100,70.1700,69.5100,69.7300,2084000
20151020,68.9700,69.6400,68.9000,69.6400,1565100
20151021,69.6100,69.9800,68.9400,69.1200,1397200
20151022,72.0100,72.3400,69.9500,70.0000,2546800
20151023,71.7000,72.3000,71.4000,72.0400,1979500
20151026,71.5500,71.9200,71.3700,71.7600,1645700
20151027,71.0400,71.5000,70.7200,71.2900,924300
20151028,70.9200,71.1600,70.2600,71.1000,1005900
20151029,70.9900,71.1300,70.1700,70.6600,992700
20151030,70.5200,71.1800,70.5000,70.7800,1595700
20151102,70.6100,70.8600,70.0700,70.7200,2110300
20151103,68.0900,68.9700,67.0600,68.3800,4212200
20151104,68.6800,69.1900,68.3100,68.4200,2849500
20151105,69.3700,69.4400,68.5000,68.6200,1493800
20151106,67.9300,69.0300,67.3000,69.0300,1824700
20151109,67.4700,67.7600,66.8800,67.6600,1303500
20151110,67.3300,67.7000,67.0400,67.2600,1222200
20151111,67.6200,67.9800,67.4000,67.4200,1276900
20151112,66.3000,67.4600,66.2600,67.1700,1854200
20151113,66.0900,66.7000,65.9100,66.2600,1752700
20151116,66.9300,66.9500,66.0800,66.0900,1561200
20151117,66.0300,67.3200,64.6500,66.9300,3204000
20151118,66.3100,66.4700,65.6300,66.2200,2969500
20151119,66.4700,67.0700,66.3700,66.6500,1751000
20151120,66.2500,66.9500,66.1100,66.9200,2128200
20151123,68.5700,69.1900,67.1000,67.3900,5234300
20151124,67.8600,68.8700,67.5400,68.4500,3026500
20151125,69.1800,69.5300,68.0000,68.0600,2606800
20151127,69.2700,69.4500,68.7400,68.9300,1164700
20151130,68.7700,69.4500,68.7200,69.3600,3140300
20151201,69.3800,69.9900,69.0400,69.3900,2452400
20151202,68.8900,69.5900,68.8100,69.1900,2245100
20151203,68.5300,69.5300,68.2000,68.8600,2411000
20151204,70.1800,70.3800,68.5500,68.6800,2123100
20151207,70.5100,70.9000,69.9100,70.1000,1752000
20151208,70.8200,71.0100,69.8900,70.2500,1749100
20151209,70.6000,71.2000,70.0100,70.1900,1788600
20151210,70.7300,71.3900,70.0700,70.6000,1729000
20151211,70.1300,70.5600,69.7500,70.2600,1379000
20151214,71.0800,71.1800,70.1600,70.1600,2027200
20151215,71.5100,71.7400,70.8700,71.2400,2407700
20151216,71.9700,72.0700,70.8700,71.5200,2410400
20151217,71.6100,72.2600,70.9000,71.6300,2395200
20151218,70.7800,71.3600,70.7600,71.2700,2030500
20151221,71.0500,71.3900,70.5200,71.2500,1664600
20151222,72.1900,72.5000,70.8700,71.0300,1775200
20151223,73.0700,73.2000,72.1900,72.3900,1197100
20151224,72.8700,73.1300,72.6200,72.8900,374800
20151228,72.8700,73.0000,72.5800,72.8300,719500
20151229,73.5100,73.6000,73.2400,73.2800,953800
20151230,73.1900,73.6800,73.1100,73.5800,657900
20151231,72.2700,72.9000,71.9800,72.7900,958900
20160104,71.6100,71.6800,70.8600,71.5900,2039800
20160105,71.8700,72.6800,71.5400,72.0700,2210500
20160106,72.0100,72.3000,71.1500,71.2900,2504000
20160107,70.3700,71.2800,70.2600,71.0900,1933200
20160108,71.4800,72.3900,70.3800,71.3400,3157400
20160111,71.5500,71.9200,71.0300,71.6700,1184200
20160112,71.4700,72.1400,70.6800,71.9600,1645500
20160113,70.9000,72.2400,70.8700,71.5400,1365600
20160114,71.6700,72.3000,70.7800,70.9500,1681000
20160115,70.6700,71.1800,70.2900,70.3100,2252300
20160119,71.2400,71.5600,70.8100,71.0200,1529900
20160120,70.1000,70.9900,68.7300,70.7700,2496600
20160121,69.9600,70.5300,69.0700,70.1200,2301500
20160122,71.6100,71.8200,70.2800,70.6600,1366200
20160125,70.5100,71.6500,70.4400,71.2000,1289300
20160126,71.2000,71.5000,70.1000,70.3400,2239600
20160127,71.5700,72.3300,71.1400,71.4200,1244800
20160128,72.7900,73.2400,71.7200,72.1400,1580100
20160129,73.4400,73.8900,72.7500,73.1000,2324900
20160201,73.5900,74.1400,73.0400,73.3200,2443800
20160202,72.3800,73.2600,72.2700,73.0400,2211000
20160203,72.3400,73.0500,71.5200,72.4700,1896700
20160204,71.8300,72.2500,71.4000,72.0200,1616200
20160205,71.8400,72.6000,71.5700,72.1600,2253000
20160208,71.3100,71.9500,70.7400,71.2800,2469600
20160209,71.4000,71.6900,70.3300,70.6300,2660300
20160210,70.8600,72.5000,70.5600,71.7900,3244700
20160211,73.6900,74.5200,72.2300,72.5000,5267100
20160212,74.9700,75.0100,73.7000,74.3300,2599400
20160216,75.1900,75.3300,73.8300,74.3400,3284700
20160217,75.7500,76.2400,75.0100,75.1000,2535500
20160218,75.7900,76.0000,74.8100,75.8400,2039400
20160219,75.5200,75.7600,74.9900,75.6100,2124700
20160222,73.8200,75.5200,73.4000,75.5200,3852900
20160223,74.1200,74.5800,73.5400,73.5500,2809500
20160224,73.9100,74.2500,73.5300,73.9200,2257000
20160225,74.9100,74.9700,74.0400,74.1400,2083400
20160226,73.4500,74.9100,72.9000,74.5800,2872200
20160229,74.0200,74.5100,73.0700,73.2400,2097600
20160301,74.1700,74.6700,74.0000,74.5600,1841600
20160302,75.0900,75.1400,73.1100,73.9000,3353000
20160303,74.8400,74.9000,74.1600,74.7100,2163000
20160304,75.2300,75.5000,74.5100,74.8400,1701300
20160307,74.9300,75.2000,74.6400,74.9400,1456600
20160308,74.8400,75.1300,74.5000,74.6400,1227600
20160309,75.2000,75.9200,74.9800,75.2500,1299100
20160310,75.2400,75.6100,74.8600,75.2000,1366900
20160311,75.5300,75.7000,75.1000,75.5000,1205800
20160314,74.9500,75.4200,74.7200,75.3000,2089700
20160315,75.0900,75.3600,74.2200,74.5200,1208000
20160316,75.6300,75.8600,74.5000,75.3500,1732200
20160317,76.4400,76.8100,75.7000,75.9200,2155500
20160318,76.1600,76.5800,75.8400,76.5300,2632200
20160321,75.4900,76.0500,75.3900,75.7900,1480900
20160322,74.4300,75.4400,74.1000,75.2600,2415900
20160323,75.0400,75.3600,74.2000,74.3400,1841200
20160324,75.4400,75.6300,74.6800,74.9300,1212000
20160328,75.6700,75.9600,75.3300,75.3700,1088100
20160329,76.5900,76.8900,75.6300,75.7800,1841500
20160330,76.8300,77.0500,76.5000,76.8500,1698900
20160331,76.5500,76.8700,76.3900,76.5300,1902300
20160401,77.8600,77.9800,75.5300,75.7100,2277400
20160404,78.0700,78.1000,77.0000,77.8800,2986200
20160405,76.8100,78.0000,76.6500,77.9000,1991700
20160406,77.7800,78.0000,77.2700,78.0000,2315900
20160407,77.1100,77.6800,76.9000,77.5800,1232600
20160408,77.2500,77.5000,76.8100,77.2100,819000
20160411,76.9900,77.8300,76.8800,77.3600,1091800
20160412,77.3400,77.5300,77.0500,77.0500,912800
20160413,76.6700,77.5000,76.4000,77.5000,1685100
20160414,76.4600,77.1100,76.4000,76.6900,2205800
20160415,77.5500,77.6000,76.4000,76.5100,2237500
20160418,77.6700,77.8500,77.1400,77.5500,1399200
20160419,77.6000,77.7900,77.0500,77.6900,1541800
20160420,76.7100,77.7700,76.5800,77.5400,1373300
20160421,74.9900,76.7500,74.9600,76.7500,1862300
20160422,75.2800,75.3500,74.7200,75.0700,1210600
20160425,75.8000,76.1000,75.1200,75.1500,1312100
20160426,75.3200,76.0400,75.1900,75.9100,1767900
20160427,76.3900,76.6400,75.4900,75.5600,1397100
20160428,76.4800,76.9100,75.7900,75.9200,859500
20160429,76.8100,76.9400,76.0600,76.4100,1300500
20160502,77.4400,77.6900,76.8000,77.0000,1427300
20160503,76.8500,77.6300,76.6500,77.1300,1873200
20160504,77.0200,77.3500,76.5300,76.5500,3060200
20160505,75.0500,76.6600,74.8800,75.9000,3398600
20160506,75.0200,75.2900,73.7000,74.9100,3021200
20160509,75.3400,75.6900,74.7100,75.0000,2101700
20160510,76.3700,76.3800,75.6000,75.6600,2004300
20160511,76.1800,76.9200,76.0700,76.2500,1941000
20160512,77.3100,77.5400,76.6200,76.7200,2172300
20160513,77.1900,77.9400,76.9500,77.1100,2378600
20160516,77.2300,77.4400,76.7800,77.0100,1622600
20160517,75.4200,77.3300,75.1400,76.9300,2099800
20160518,75.0400,75.4400,74.0500,75.3000,3177800
20160519,75.2400,75.3700,74.5400,74.8300,1877300
20160520,74.3000,75.2200,74.1100,75.2200,2587400
20160523,74.4100,75.0500,74.2600,74.3000,1739200
20160524,74.6500,75.0000,74.2400,74.4500,1758700
20160525,74.7500,75.1200,74.5000,74.7100,1479100
20160526,75.3300,75.5900,74.7900,74.8000,1669600
20160527,74.4900,75.2400,74.1900,74.9800,1431300
