20150529,108.8600,109.8700,108.7300,109.8400,1856200
20150601,109.1500,109.5600,108.3800,108.9700,1344300
20150602,108.3700,109.1600,108.2000,109.0800,1246700
20150603,107.9800,108.4200,107.4100,108.0300,1269200
20150604,106.8300,107.9100,106.6900,107.1700,1149200
20150605,105.7400,106.7500,105.5200,106.5900,1403800
20150608,105.4800,105.7500,104.5300,105.5000,1257000
20150609,105.8500,106.4800,105.2400,105.4000,1021000
20150610,107.1100,107.2600,106.1700,106.3900,1396400
20150611,107.4000,107.7300,106.8100,107.1400,1927100
20150612,106.7400,107.1000,106.5000,107.0100,844100
20150615,105.7100,106.5500,105.5200,106.2000,1270900
20150616,106.9000,106.9100,105.5500,106.1000,1001400
20150617,107.6600,107.9100,106.9200,107.0000,1538500
20150618,109.2000,109.4800,107.5600,107.9700,1613000
20150619,108.8100,109.1500,108.4300,108.7900,1696600
20150622,108.9700,109.5500,108.7100,108.8000,754800
20150623,108.3600,109.4200,108.2100,109.3100,1014300
20150624,108.2800,108.6900,108.0700,108.4200,1035200
20150625,107.5100,108.4500,107.4700,108.3700,1413000
20150626,107.9000,108.4600,107.5500,107.6300,1505800
20150629,106.1200,107.9900,106.0600,107.4200,1015100
20150630,105.9700,107.3200,105.7700,106.9500,1243800
20150701,107.8500,107.9500,106.0400,106.7200,1239400
20150702,107.5500,108.6100,107.3500,108.3400,1159500
20150706,107.6000,108.2200,107.2500,107.3800,976400
20150707,109.7700,109.9000,107.3600,107.5900,1513900
20150708,109.0300,109.7300,108.8900,109.1100,1475100
20150709,108.7000,110.1700,108.6700,110.0700,1680800
20150710,109.7200,110.1700,109.1700,109.5800,900600
20150713,110.8600,110.9500,109.9500,110.3300,809200
20150714,110.9500,111.2900,110.1600,110.9800,1019300
20150715,111.2000,111.4300,110.3900,110.8100,874500
20150716,112.0300,112.4800,111.4100,111.7400,1042300
20150717,112.4000,112.4700,111.3600,111.6200,1800400
20150720,112.9400,113.0000,112.0900,112.3300,1060400
20150721,112.4900,112.9000,111.7600,112.8500,2033300
20150722,112.2000,113.4100,111.7400,112.5100,2196100
20150723,111.6300,112.5400,110.5200,112.5400,1476300
20150724,111.8400,112.6700,111.5100,111.7300,1222900
20150727,112.3600,112.5400,111.1900,111.7200,1694500
20150728,113.2900,113.4200,112.2900,112.5600,1270700
20150729,113.5000,113.9000,112.9900,113.0900,1309300
20150730,114.5700,114.7700,112.4100,112.9300,1746900
20150731,114.9700,115.6300,114.6100,114.8300,2062000
20150803,115.6900,115.7000,114.3800,114.7500,1220900
20150804,116.0000,116.2500,115.3400,115.4600,1605600
20150805,117.6100,117.8300,115.9100,116.5000,1432500
20150806,116.6600,117.9500,116.5800,117.6500,1368800
20150807,116.7100,116.7600,115.9600,116.5300,1354000
20150810,116.9000,117.4700,116.7100,117.2800,946700
20150811,116.6400,116.6700,115.8500,116.1800,1156200
20150812,115.6500,116.0000,114.2000,115.7500,1599400
20150813,115.7800,116.3100,115.5200,115.9000,949200
20150814,116.1600,116.3400,115.4600,115.7200,994600
20150817,116.2300,116.2600,115.2500,115.7400,704400
20150818,116.0400,116.4300,115.2300,115.2300,878100
20150819,115.3700,116.1100,114.8900,115.6000,1201000
20150820,114.0500,115.1600,113.9600,114.4700,1042800
20150821,111.4100,113.7100,111.3600,113.4800,2150900
20150824,106.3800,108.6900,104.1200,105.8200,3547000
20150825,103.3500,109.4500,103.1900,109.0800,2627500
20150826,106.1800,106.4500,103.1100,105.1600,2331700
20150827,107.7300,108.1100,105.8100,106.8100,2122000
20150828,107.2100,107.6400,106.4800,107.1700,1610500
20150831,106.5300,107.0500,106.2300,106.9000,1368900
20150901,104.0300,105.6300,103.4600,104.9000,1930300
20150902,104.7900,104.9400,103.6000,104.4300,1741500
20150903,105.6400,106.2500,105.0200,105.2100,1149700
20150904,103.5200,104.5500,103.1600,104.2300,1209100
20150908,105.9800,106.2100,105.0200,105.4200,1437600
20150909,103.8700,107.2000,103.6200,107.0800,1251200
20150910,103.6600,104.5700,103.0400,103.4100,1336000
20150911,104.0500,104.0800,103.1600,103.6000,932900
20150914,103.7800,104.1300,103.3600,104.0500,1011400
20150915,105.6400,106.0800,104.2500,105.2300,1381500
20150916,107.2600,107.5900,105.8100,105.9000,1408100
20150917,107.8400,109.0700,106.9700,107.3300,1494200
20150918,107.8500,108.8000,107.0900,107.7100,2907100
20150921,108.7700,109.0800,108.0100,108.4500,1259600
20150922,107.8400,108.0900,107.0000,107.6700,1473100
20150923,107.8600,108.1500,107.1400,107.6800,1499600
20150924,108.1700,108.4800,107.0100,107.2800,2118800
20150925,108.7100,109.9500,108.3900,108.9900,2106500
20150928,106.8100,108.7900,106.7500,108.4300,1388400
20150929,107.7400,107.9700,106.6600,106.8000,1967000
20150930,109.0400,109.2000,108.3700,108.8100,1649600
20151001,108.7400,108.8600,107.9800,108.3300,2569500
20151002,109.1400,109.6200,107.7900,108.1900,2897100
20151005,112.0200,112.1600,109.8200,110.0600,2491300
20151006,111.4700,112.2800,111.2200,111.7500,1117200
20151007,112.0300,112.6000,111.2400,111.6400,1456200
20151008,113.8000,113.8200,112.0000,112.0000,1035100
20151009,114.7300,114.9000,113.7700,114.0000,1412600
20151012,115.4300,115.8800,114.5200,114.5400,1031600
20151013,115.0500,115.6300,114.8300,114.9800,986300
20151014,114.7100,115.4100,114.3600,115.1200,1377600
20151015,116.1300,116.2700,115.2400,115.4200,1507300
20151016,117.2800,117.4800,116.3800,116.8400,1168700
20151019,117.4500,117.5200,116.5000,117.0000,1372400
20151020,117.2200,117.4600,116.5200,117.2000,1931300
20151021,118.0900,120.0000,117.0100,117.6100,2285900
20151022,120.8000,121.1600,118.1000,118.9200,2533500
20151023,121.2400,122.7300,120.6300,121.6900,2277500
20151026,121.3400,121.8100,120.7800,121.3000,1439700
20151027,121.0400,121.3800,120.3600,120.8700,1167400
20151028,120.8600,121.5000,119.5300,121.4900,1147000
20151029,121.7700,122.1300,120.1700,120.5500,1194100
20151030,119.7100,121.9700,119.7100,121.7200,2422200
20151102,121.5600,121.5900,120.4200,120.6100,1678900
20151103,121.0300,121.4200,120.0200,120.8600,1157500
20151104,119.8600,121.2800,119.5500,121.2800,1429600
20151105,119.8800,120.1500,119.0200,119.9900,1769700
20151106,118.5800,119.6500,117.1500,119.2800,1424200
20151109,118.0200,118.5800,117.4300,117.9900,1152200
20151110,118.9200,119.2000,117.5000,117.8100,992900
20151111,119.3600,119.9900,118.9200,119.2200,896000
20151112,117.6900,119.2800,117.4400,118.7000,1043700
20151113,117.3200,118.3200,116.9700,117.6200,1302800
20151116,119.5300,119.6900,117.1300,117.3200,1612000
20151117,119.1800,120.1600,118.8100,119.6900,1558200
20151118,120.9400,121.1300,118.9700,119.3400,1409700
20151119,121.6600,122.4800,121.2000,121.2600,1233800
20151120,120.2300,122.9700,120.0800,122.4000,2110900
20151123,121.5900,121.8300,120.3200,120.3700,963700
20151124,121.1100,121.5200,120.3800,120.7700,1088400
20151125,120.4700,121.5300,120.2600,121.1200,1085000
20151127,120.8500,121.0800,120.3100,120.7700,526800
20151130,119.1500,121.1300,119.0500,121.0600,2565600
20151201,121.1300,121.9400,119.3200,120.0000,1835000
20151202,119.7700,121.2200,119.5600,120.2600,1327400
20151203,118.2500,120.5600,117.5200,120.2800,2191300
20151204,121.3000,121.3700,118.7600,119.1600,2473100
20151207,122.1100,122.1500,120.8000,121.1500,1987600
20151208,121.5600,121.9800,120.1000,121.0800,1452500
20151209,120.2800,122.7700,119.8400,120.6300,1301700
20151210,120.3300,121.4500,119.7700,120.3900,1592800
20151211,119.2000,119.6800,118.5700,119.1800,1224300
20151214,122.6500,122.8400,120.5800,120.5800,2286500
20151215,124.4400,125.0800,122.8200,123.1900,2143100
20151216,125.9200,126.1100,123.8100,124.7500,1671800
20151217,125.8400,126.2300,125.1500,125.8000,2017000
20151218,123.5400,125.4600,123.5200,125.2700,2676600
20151221,124.9200,125.0000,123.9300,124.3100,1758100
20151222,126.3700,126.5900,124.2700,125.5100,1873800
20151223,127.0600,128.1300,126.3700,126.4900,1353400
20151224,126.8800,127.3800,126.6400,127.0600,689500
20151228,128.2300,128.5000,126.2300,126.7000,1863700
20151229,129.5400,129.7600,128.4400,128.7200,1564700
20151230,129.4300,129.8900,129.0700,129.5100,1585400
20151231,127.3000,129.2800,127.2900,128.5000,1438200
20160104,126.4800,126.5700,124.5600,125.9100,2743300
20160105,129.0800,130.0500,126.6400,127.0000,3237200
20160106,129.0200,129.7300,127.6000,127.8400,3930200
20160107,126.8600,128.9300,126.6000,126.9200,3168800
20160108,125.2300,127.5000,124.9500,127.2000,2660600
20160111,125.7100,126.4400,124.2800,125.5200,1929100
20160112,126.1300,127.1700,125.2500,126.3200,1586200
20160113,125.4600,127.5300,125.3800,126.6200,1925500
20160114,127.2100,127.8300,125.5500,125.9300,2384600
20160115,125.3600,126.2900,124.3000,125.4100,3039500
20160119,125.8800,127.3700,125.0500,126.1500,2618000
20160120,123.6900,124.8900,121.7100,124.3700,2929600
20160121,124.9500,125.3400,123.0100,123.9900,2244700
20160122,126.7200,127.2800,124.5900,125.7900,2373100
20160125,122.6900,125.5400,121.5000,123.2200,5126300
20160126,124.8900,126.5000,122.5600,122.7700,2220000
20160127,124.2000,126.2500,123.8000,124.8300,2468300
20160128,126.2700,126.7900,123.7000,124.6400,1506100
20160129,128.4200,129.3300,125.8500,126.9700,3453200
20160201,129.0100,129.5500,127.3800,127.3800,2001500
20160202,128.0100,129.2400,127.2800,128.4500,2067600
20160203,130.3700,130.8800,127.8500,129.1700,2470400
20160204,128.7500,130.2500,128.0700,129.5800,2591400
20160205,129.1500,129.6000,128.1900,128.7500,1832100
20160208,129.4300,129.8300,126.7200,127.8600,2007800
20160209,130.7900,131.5900,127.6400,128.3300,2391400
20160210,129.9600,132.4300,129.6300,131.1100,1508400
20160211,126.4200,128.2800,124.6500,127.9500,2486600
20160212,128.6300,129.4100,126.3300,127.1500,2123900
20160216,128.7100,129.9400,127.4000,129.9200,1715800
20160217,130.5000,131.2700,128.7600,128.8400,1756000
20160218,129.7500,130.9900,129.4000,130.3600,1505700
20160219,130.4300,130.6400,128.5600,129.6900,1208900
20160222,131.3700,132.6600,130.7400,131.8000,1614900
20160223,131.5300,131.9100,130.9100,131.2900,999500
20160224,132.3500,132.6000,129.7200,130.5300,1431900
20160225,133.5000,133.5300,131.8800,132.5000,1279800
20160226,131.3000,133.7300,130.7100,133.3100,1584200
20160229,130.3000,132.1200,130.2400,131.2000,2242700
20160301,131.6400,131.9400,130.3500,130.9900,1697700
20160302,131.5700,131.6000,128.7700,130.0300,1660600
20160303,131.6300,131.7100,130.1700,131.1100,1526400
20160304,132.5400,132.8900,130.8800,131.6300,1805400
20160307,131.5900,132.5700,130.8000,131.6500,1793600
20160308,132.3500,133.9700,130.8100,131.1300,2906900
20160309,131.9700,133.5000,131.5200,132.5000,1942300
20160310,131.8800,133.0700,130.4600,132.6900,1840500
20160311,133.1500,133.2700,131.7000,132.2500,1707700
20160314,134.7200,134.7800,132.8400,133.2200,1874700
20160315,134.6300,135.0500,133.5100,134.2400,1450600
20160316,135.2300,135.7000,133.3900,134.2900,1446900
20160317,136.0100,136.6100,134.9700,135.1800,1314800
20160318,135.5400,136.5000,134.8900,135.9100,4464400
20160321,135.2600,136.0800,134.2000,136.0800,1773400
20160322,133.6400,134.9700,132.8500,134.9200,1930500
20160323,133.9800,135.3800,133.6600,133.7300,2203000
20160324,133.5500,133.8700,132.8200,133.6600,1097300
20160328,134.2400,135.0500,133.8400,133.8800,1286300
20160329,134.9900,135.1700,133.7400,134.0200,1322500
20160330,135.7100,136.3200,135.1000,135.5000,1129300
20160331,134.5100,135.8700,134.4000,135.2700,1206800
20160401,136.2000,136.3900,133.0200,133.3300,1387600
20160404,136.2600,136.9000,135.6100,136.1800,1155900
20160405,136.2500,136.9700,135.9100,136.1800,1364000
20160406,137.2700,137.3100,135.7300,136.0600,1305300
20160407,136.6500,136.9900,136.0000,136.5500,1009400
20160408,137.4900,137.6000,136.5200,137.3100,1048000
20160411,137.2500,138.7600,137.0800,137.6200,1685800
20160412,138.1300,138.2000,136.7600,137.5300,1465300
20160413,135.6600,138.3900,135.4900,138.3900,1989000
20160414,136.0400,137.5500,135.7400,135.9800,2033900
20160415,136.4700,136.8300,135.7600,136.1300,1418500
20160418,136.6500,137.0600,135.7600,136.4700,1258900
20160419,137.1100,137.8400,136.0400,136.8400,1574800
20160420,135.6500,137.4800,135.5900,137.0000,1555500
20160421,131.7500,135.4900,131.7400,135.3800,2982900
20160422,126.8800,127.2400,123.7800,125.5200,5676400
20160425,126.2100,126.3200,124.3500,125.9200,3733200
20160426,123.8100,126.8600,123.5200,126.6500,3304400
20160427,125.7000,126.1200,123.9900,124.2800,3297400
20160428,126.2400,126.8300,125.0000,125.1600,2372100
20160429,125.1900,126.2500,123.9100,125.7400,3108500
20160502,125.2200,125.9900,123.8300,124.8800,1850400
20160503,126.1300,127.1900,124.7000,124.8000,1845500
20160504,127.9300,128.3300,125.5700,125.9500,2421000
20160505,127.3600,129.2000,127.0800,127.9000,2166200
20160506,127.9200,128.1200,126.9100,127.5000,1437600
20160509,128.1300,128.9600,127.7700,128.0000,1379100
20160510,129.2300,129.3000,128.0200,128.1000,1156800
20160511,128.8300,129.6300,128.4500,129.3800,1290900
20160512,130.0600,130.5700,129.2400,129.5600,1038700
20160513,129.1900,130.7000,129.1000,129.8300,1390700
20160516,129.5800,129.9500,128.7800,128.8200,919300
20160517,126.4200,130.0000,125.9200,129.2300,1634400
20160518,126.1200,126.7700,125.0100,126.3200,1647000
20160519,126.8000,126.8700,125.4100,125.7300,1136600
20160520,126.0600,127.4100,125.7300,127.1200,1843000
20160523,125.9500,126.3000,125.6600,126.1400,1335600
20160524,126.7600,127.2700,125.6000,126.0400,1573200
20160525,127.2100,127.9100,126.6100,127.3600,2527300
20160526,127.9200,128.1200,127.1200,127.2700,1304500
20160527,128.4500,129.1300,127.6400,127.9300,1281700
