20150529,40.9600,41.1800,40.7700,41.1800,19628600
20150601,40.9400,41.4100,40.8800,41.3600,12684100
20150602,40.9900,41.1600,40.6800,40.8400,11878600
20150603,40.8700,41.2100,40.7800,41.1000,8153800
20150604,40.5900,40.9800,40.5300,40.7100,10145800
20150605,40.1000,40.5200,40.0800,40.4800,15975600
20150608,40.1600,40.2600,40.0200,40.1000,14339300
20150609,40.2000,40.4200,40.1100,40.1700,10772700
20150610,40.3300,40.5400,40.2800,40.3200,11979900
20150611,40.1000,40.2500,40.0300,40.1100,11944900
20150612,39.9600,40.1200,39.8400,40.0400,15568600
20150615,39.5900,39.8600,39.5700,39.8300,11364800
20150616,40.0800,40.1600,39.6000,39.6300,12517400
20150617,40.2700,40.3200,40.0100,40.0800,13898400
20150618,40.6500,40.7400,40.1600,40.1600,16314600
20150619,40.4000,40.6500,40.4000,40.5900,23550600
20150622,40.4800,40.8100,40.4600,40.5100,8775900
20150623,40.3800,40.5200,40.3100,40.4300,11094900
20150624,40.1900,40.4500,40.1900,40.3700,10385100
20150625,40.0200,40.3400,40.0200,40.2800,10607600
20150626,40.0000,40.3500,40.0000,40.1000,16215600
20150629,39.4000,39.9800,39.4000,39.8000,15500800
20150630,39.2300,39.6100,39.1200,39.6100,14621300
20150701,39.5000,39.6000,39.2800,39.3800,11177400
20150702,39.4900,39.8100,39.3500,39.6300,8975900
20150706,39.4200,39.6000,39.2200,39.3200,10252600
20150707,40.2500,40.3800,39.4000,39.4900,20335000
20150708,39.8600,40.2300,39.8400,39.9900,11383700
20150709,39.9200,40.5800,39.9000,40.4600,13392000
20150710,40.3900,40.5200,40.1600,40.2700,13360400
20150713,40.6600,40.7700,40.4900,40.5600,9854200
20150714,41.1700,41.2600,40.8400,40.9000,19531000
20150715,41.1300,41.3600,41.1000,41.1500,11252100
20150716,41.4800,41.6000,41.3500,41.4200,10483700
20150717,41.2500,41.3200,41.0500,41.3100,9608300
20150720,41.3800,41.5400,41.2200,41.3500,10024200
20150721,41.1900,41.5200,41.1000,41.3800,13653800
20150722,40.9000,41.5900,40.5900,40.8100,15528600
20150723,40.8400,41.0200,40.4800,40.9900,13522200
20150724,40.4400,40.8300,40.4100,40.7600,10912500
20150727,40.5400,40.5800,40.1600,40.2800,10945700
20150728,40.5500,40.7300,40.4400,40.6500,11021800
20150729,40.5900,40.7100,40.4900,40.5300,8479900
20150730,40.5600,40.7500,40.3900,40.5500,9095500
20150731,41.0800,41.2200,40.7700,40.8800,15309500
20150803,41.5400,41.5500,40.8400,40.8500,14672600
20150804,41.8500,41.8700,41.3400,41.5100,17559900
20150805,42.1200,42.2200,41.8200,41.9200,15329200
20150806,41.9200,42.2500,41.8600,42.0000,11378900
20150807,41.7700,41.9700,41.5300,41.8100,10886700
20150810,41.6800,41.9900,41.5800,41.8900,9501900
20150811,41.4800,41.5700,41.1700,41.4000,11254900
20150812,41.2600,41.2600,40.8500,41.1300,9602200
20150813,41.1000,41.3800,41.0100,41.2800,10270900
20150814,41.2500,41.2500,40.9600,41.0100,9904800
20150817,41.3500,41.4500,40.9700,41.0300,8272800
20150818,41.3000,41.5300,41.1900,41.2800,11199400
20150819,40.7800,41.2400,40.7800,41.1400,15796500
20150820,40.5500,40.8200,40.4200,40.5200,14218000
20150821,39.5300,40.4700,39.5100,40.1600,28036200
20150824,38.3800,38.9400,36.5600,37.9900,44065300
20150825,37.9900,39.2800,37.9300,39.1300,31363700
20150826,38.7300,38.8300,37.8900,38.7500,23523300
20150827,39.2700,39.3800,38.6000,39.0600,18871600
20150828,39.4500,39.4700,39.0500,39.1100,14503900
20150831,39.3200,39.4500,39.0600,39.1500,12673300
20150901,38.7500,39.0300,38.5400,38.6700,23703200
20150902,38.9000,39.0700,38.5600,39.0300,14054800
20150903,39.1600,39.3400,38.8400,38.9000,13311600
20150904,38.5200,38.7900,38.3800,38.6800,15450500
20150908,38.9000,39.0300,38.6000,38.8700,15273900
20150909,38.3000,39.2100,38.2000,39.1200,13764600
20150910,38.4200,38.6500,38.2500,38.3100,14952500
20150911,38.1300,38.1900,37.8400,38.0100,11802300
20150914,38.1000,38.2200,37.8500,38.2200,8950000
20150915,38.5000,38.6300,37.9200,38.0700,13019800
20150916,39.1500,39.1900,38.4700,38.6700,22233400
20150917,39.3800,39.6100,39.0400,39.1500,21232500
20150918,38.9800,39.3000,38.7100,38.8600,27527300
20150921,39.1900,39.3100,38.9400,39.0500,12935800
20150922,38.7900,38.9900,38.5800,38.6800,15021300
20150923,38.7600,38.8800,38.5500,38.7900,8910800
20150924,39.1500,39.2000,38.5100,38.5200,19385700
20150925,39.6200,40.0800,39.3300,39.4300,22511300
20150928,39.5300,39.8200,39.3300,39.5200,19323100
20150929,39.6600,39.7100,39.3300,39.5200,14166900
20150930,40.1200,40.2300,39.8000,39.8800,19752600
20151001,39.8000,40.4700,39.6000,40.2200,19606600
20151002,40.3900,40.3900,39.3600,39.5600,15537300
20151005,41.0100,41.0500,40.4300,40.4500,15664000
20151006,40.9600,41.3400,40.9300,41.0400,14579400
20151007,41.5200,41.6100,41.1000,41.1400,14329700
20151008,41.9800,41.9900,41.2600,41.2600,11960200
20151009,42.0200,42.1200,41.7800,41.8200,13931200
20151012,42.0000,42.2900,41.8100,41.8300,12299100
20151013,41.6500,41.9100,41.5400,41.8000,12903600
20151014,41.6800,41.9600,41.5600,41.5600,14180000
20151015,41.9200,42.0300,41.6000,41.8700,11801600
20151016,42.0200,42.2100,41.8800,42.1600,20294700
20151019,41.9900,42.0600,41.8000,41.9000,15553800
20151020,42.2900,42.4000,42.0000,42.0000,16199300
20151021,42.1900,42.5200,41.7100,41.9400,19254900
20151022,43.2400,43.8500,42.4100,42.4400,35920200
20151023,42.7900,43.3100,42.7500,43.3100,18796100
20151026,42.5900,42.8900,42.4600,42.7600,14788600
20151027,42.6100,42.7700,42.4800,42.5000,30166600
20151028,42.7300,42.8400,42.2100,42.7500,13667300
20151029,42.7900,42.9000,42.3400,42.6600,9427400
20151030,42.3500,42.8600,42.3500,42.8000,15356200
20151102,42.2400,42.3600,41.9000,42.3200,16252200
20151103,42.1600,42.3200,41.8100,42.1800,9693100
20151104,41.9700,42.3900,41.8900,42.2700,10488500
20151105,42.3300,42.3500,41.9800,42.0000,9625100
20151106,41.9600,42.2200,41.6100,41.9700,11926700
20151109,41.5400,41.7900,41.3400,41.7000,10842700
20151110,41.7700,41.8100,41.4300,41.4400,8283100
20151111,42.0400,42.2000,41.9200,41.9400,9101200
20151112,41.5800,42.0500,41.5700,42.0100,10725000
20151113,41.3800,41.7800,41.3600,41.4600,11619500
20151116,41.9600,42.0000,41.3900,41.4300,11244900
20151117,41.6700,42.1500,41.5100,41.8500,12739400
20151118,42.2800,42.3500,41.6800,41.7700,12966300
20151119,43.1100,43.3000,42.3200,42.3200,24090700
20151120,42.4300,43.5800,42.4000,43.3100,19780800
20151123,42.9600,43.1800,42.5300,42.5500,13338100
20151124,43.3600,43.6000,42.6600,42.7000,15767200
20151125,43.3600,43.5000,43.2400,43.3200,10344900
20151127,43.1500,43.2400,42.8000,43.0400,7236700
20151130,42.6200,43.1500,42.6100,43.1200,16063000
20151201,42.8900,43.1000,42.7300,42.7300,11153000
20151202,42.7700,42.9300,42.5900,42.8300,12598500
20151203,42.4600,42.8900,42.3200,42.7300,15004400
20151204,43.2900,43.4800,42.5800,42.5800,16488000
20151207,43.2000,43.4400,43.0000,43.3100,12030700
20151208,43.0100,43.2500,42.8000,43.0500,10736200
20151209,42.6600,43.2700,42.5000,42.7800,12945500
20151210,42.7600,43.0700,42.5300,42.7300,15483300
20151211,42.2700,42.8300,42.1400,42.6300,17313400
20151214,42.4500,42.7600,41.9700,42.3100,20092900
20151215,43.0700,43.2400,42.7600,42.8400,17800200
20151216,43.8400,43.9100,43.2500,43.2500,21868600
20151217,43.4900,43.8900,43.4200,43.8100,14697000
20151218,42.5000,43.4200,42.5000,43.3600,24583700
20151221,42.7800,42.9400,42.4600,42.8200,10444400
20151222,43.2900,43.3900,42.7100,42.8600,12280800
20151223,43.6700,43.7300,43.3500,43.3900,9092300
20151224,43.5400,43.7200,43.4200,43.4900,3036600
20151228,43.4900,43.5200,43.3100,43.4400,6326100
20151229,43.7100,43.7800,43.5000,43.5400,7739800
20151230,43.5700,43.7700,43.4500,43.7500,5112500
20151231,42.9600,43.3400,42.8700,43.3000,9727900
20160104,42.4000,42.5000,41.9700,42.3400,16084100
20160105,42.5500,42.6300,42.1700,42.3100,15781900
20160106,42.3200,42.5100,42.0400,42.2000,16245100
20160107,41.6200,42.1100,41.4500,41.6500,20563600
20160108,41.5100,42.1200,41.4100,41.6500,14645900
20160111,41.5800,41.8600,41.2900,41.5800,15815200
20160112,42.1200,42.4500,41.8700,42.3000,21814800
20160113,41.8500,42.5700,41.7900,42.1700,16854300
20160114,41.8800,42.1700,41.6400,41.9900,16028000
20160115,41.5000,41.5900,40.9300,40.9500,21153600
20160119,41.9200,42.1200,41.6500,41.7700,15462200
20160120,41.3800,41.6200,40.7500,41.4500,19923500
20160121,41.3900,41.5100,41.0900,41.4500,15568900
20160122,42.0600,42.2400,41.4500,41.6400,15209200
20160125,42.1600,42.5000,41.9300,42.2400,12505200
20160126,42.0800,42.5000,41.9300,42.1600,13018500
20160127,42.0900,42.4600,41.8100,42.1800,14167000
20160128,42.5700,42.7200,42.0600,42.1800,16622800
20160129,42.9200,43.2600,42.6500,42.8600,20457000
20160201,43.0000,43.1500,42.5700,42.6000,17097800
20160202,42.4400,42.7900,42.4100,42.7000,12332900
20160203,42.7200,42.9400,42.2800,42.8000,15958300
20160204,42.5300,42.8900,42.4000,42.5200,14413700
20160205,42.4400,42.9900,42.2600,42.9300,17315700
20160208,42.6500,42.7000,41.9000,42.1700,17254400
20160209,43.3000,43.4900,42.2600,42.2600,24853800
20160210,42.5500,43.3900,42.5100,43.3400,16729600
20160211,42.4100,42.6100,41.9800,42.0300,16825300
20160212,43.1100,43.1400,42.5600,42.7200,15222400
20160216,43.3600,43.4600,43.0200,43.3200,12675900
20160217,43.4900,43.6200,43.2800,43.4200,12332500
20160218,43.6100,43.7300,43.3000,43.6300,11170300
20160219,43.7700,43.7700,43.2800,43.5800,12850000
20160222,43.9400,44.1600,43.6300,43.7700,20716100
20160223,43.6900,44.0500,43.6600,43.7400,11166400
20160224,43.9100,43.9400,43.3700,43.5600,10844200
20160225,44.1600,44.1800,43.8700,43.9600,10903300
20160226,43.1400,44.0600,43.1100,44.0400,18421000
20160229,43.1300,43.6100,42.9200,43.1700,15049800
20160301,43.6900,43.6900,43.1700,43.3800,12358300
20160302,43.7700,43.7700,43.4200,43.4700,12856300
20160303,43.9600,43.9800,43.5400,43.6100,13134800
20160304,44.1100,44.1500,43.6800,43.7800,13691500
20160307,44.0100,44.1400,43.8600,43.9100,10695300
20160308,44.3200,44.4700,43.8100,43.9200,18900200
20160309,44.8100,44.8300,44.2900,44.3900,18466600
20160310,45.2300,45.2600,44.6800,44.8400,28908600
20160311,45.2000,45.2500,44.9300,45.0000,16129300
20160314,45.2900,45.4200,45.0400,45.0400,13206700
20160315,45.2400,45.5600,45.0700,45.0800,13686300
20160316,45.0500,45.1700,44.5500,45.0500,15292600
20160317,45.7700,45.9100,44.9700,45.0500,24059600
20160318,45.6000,45.8700,45.3900,45.8400,23356400
20160321,45.6700,45.8700,45.3600,45.4200,9728300
20160322,45.5000,45.7300,45.3900,45.5500,13744500
20160323,45.4600,45.7100,45.3500,45.4000,9249600
20160324,45.5800,45.6000,45.1900,45.4500,10873300
20160328,45.8000,45.9300,45.5100,45.5600,13283700
20160329,46.4800,46.5100,45.8100,45.8600,24962500
20160330,46.5800,46.7300,46.3300,46.6300,14307700
20160331,46.3900,46.8800,46.3200,46.5500,15349700
20160401,46.8300,46.8700,46.1100,46.1400,14913600
20160404,46.8900,46.9300,46.5000,46.8400,10622300
20160405,46.5300,46.8100,46.4400,46.6200,10640300
20160406,46.7100,46.7300,46.3800,46.5700,9119600
20160407,46.3600,46.5800,46.1600,46.5000,9256300
20160408,46.8700,46.9800,46.4400,46.4400,11858300
20160411,46.4400,47.1300,46.4100,46.9000,11853400
20160412,46.6500,46.7600,46.3500,46.4100,11142600
20160413,46.0400,46.7800,45.8200,46.7700,13220800
20160414,45.8300,46.2200,45.7500,46.0600,12964300
20160415,46.1000,46.1600,45.6800,45.8200,12611200
20160418,46.2200,46.2800,45.8200,46.1000,11482300
20160419,46.6000,46.6200,46.1500,46.3100,14182600
20160420,44.3700,45.3800,44.0600,45.3400,40284900
20160421,43.6600,44.2800,42.8700,44.2600,36985500
20160422,44.5400,44.6600,43.7900,43.7900,25051600
20160425,44.7100,44.7200,44.3800,44.5000,11134400
20160426,44.5300,44.9600,44.4300,44.9200,13919500
20160427,44.6800,44.8600,44.2500,44.6400,11190700
20160428,44.6300,44.9000,44.4600,44.5000,10732100
20160429,44.8000,44.8600,44.5000,44.5300,11676100
20160502,44.9800,45.1900,44.5700,44.5700,12513200
20160503,44.8400,45.0700,44.6500,44.8700,10330700
20160504,44.9800,45.1100,44.5100,44.7200,9273900
20160505,45.0600,45.4900,44.8700,44.9300,8724300
20160506,45.3200,45.4100,44.9200,45.0600,8524300
20160509,45.2400,45.5000,45.1700,45.3200,8002700
20160510,45.7500,45.8400,45.4200,45.4400,8931400
20160511,45.4600,45.8800,45.4500,45.7300,8664200
20160512,45.8300,45.9000,45.4900,45.5500,10452100
20160513,45.3500,45.8300,45.2300,45.7500,10228100
20160516,45.6200,45.7300,45.1400,45.1600,9360900
20160517,44.7500,45.5600,44.7100,45.4500,17381800
20160518,44.4800,44.8300,44.2300,44.5600,12437500
20160519,44.3200,44.3900,44.0400,44.2500,10561000
20160520,43.9500,44.5400,43.9400,44.5100,12899200
20160523,43.9700,44.1600,43.9400,44.0700,13547600
20160524,44.3700,44.4200,44.0000,44.1000,12632500
20160525,44.3800,44.6300,44.2500,44.5100,9218100
20160526,44.6900,44.7700,44.4400,44.5300,8611800
20160527,44.7800,44.9600,44.6500,44.7100,7802200
