20150529,36.4000,37.0500,36.4000,37.0500,6133400
20150601,36.4950,36.6100,36.3200,36.5950,5930600
20150602,36.1500,36.4800,36.0300,36.3450,4637800
20150603,36.2950,36.3600,35.8950,36.1850,4986200
20150604,36.1000,36.3450,35.8950,36.2100,4920200
20150605,35.5050,36.0400,35.4700,36.0250,6111600
20150608,35.3450,35.6350,35.3250,35.5950,4816600
20150609,35.3500,35.6100,35.1200,35.2850,5260000
20150610,35.6450,35.6950,35.3550,35.3700,5462600
20150611,35.8900,36.2050,35.7000,35.8700,4870000
20150612,35.8250,35.9800,35.5500,35.7250,3816800
20150615,35.8700,36.0750,35.3950,35.5450,6076200
20150616,36.1750,36.2650,35.7200,35.8350,6143800
20150617,36.4550,36.5350,36.2050,36.3000,10727000
20150618,36.7700,37.5150,36.4850,37.3850,17429000
20150619,36.9750,37.2350,36.6800,36.7500,8856200
20150622,37.1450,37.3000,36.9600,37.1450,5238000
20150623,36.7250,37.1750,36.6400,37.1600,7117600
20150624,36.4700,36.8000,36.4400,36.7700,6861400
20150625,36.4750,37.1600,36.2300,36.4950,10389000
20150626,36.5550,36.9850,36.4700,36.5950,17716400
20150629,36.3350,36.7800,36.2300,36.4850,6720400
20150630,36.2550,36.6550,36.2450,36.5150,7073600
20150701,36.6150,36.7350,36.3200,36.5450,6849600
20150702,36.5550,36.8500,36.4300,36.7150,3868200
20150706,36.7850,36.9050,36.3800,36.3950,5766600
20150707,37.6950,37.8000,36.7500,36.9500,9252000
20150708,37.5750,37.8050,37.2750,37.5350,7201400
20150709,37.7850,38.1250,37.7550,37.9750,7666400
20150710,38.1700,38.4100,37.9800,38.0000,4920200
20150713,38.4750,38.6450,38.2300,38.4800,5120200
20150714,38.2000,38.5000,38.1200,38.4100,4073500
20150715,38.3300,38.6200,38.0800,38.0800,5212100
20150716,38.5900,38.6900,38.3200,38.3500,4231800
20150717,38.7200,38.7700,38.5000,38.5900,4424600
20150720,39.1700,39.3400,38.7200,38.8400,5143500
20150721,38.9600,39.3200,38.7500,39.2100,5365400
20150722,39.0100,39.3000,38.7600,38.9500,4138700
20150723,38.6700,39.2800,38.6200,39.1300,4612100
20150724,38.3600,38.9200,38.3300,38.6500,4367600
20150727,38.2000,38.4100,37.3900,38.1700,5173900
20150728,38.7200,38.8700,38.2800,38.5100,4573100
20150729,38.8000,39.0000,38.6500,38.7800,4499000
20150730,39.0000,39.0700,38.1900,38.5500,4466600
20150731,39.2400,39.2600,38.8500,39.1100,5008300
20150803,39.4000,39.4000,39.0200,39.2300,4273800
20150804,38.5600,39.2700,38.2500,39.2500,8692200
20150805,39.0800,39.1700,38.5100,38.8000,7534800
20150806,38.7200,39.1500,38.3800,39.1100,6630000
20150807,37.8200,38.6600,37.5100,38.6200,9152100
20150810,37.5400,38.2400,37.3900,38.0800,8510900
20150811,37.3900,37.8400,37.2100,37.3900,6218300
20150812,37.8000,39.4300,37.0900,37.1200,9703100
20150813,38.2100,38.2200,37.6800,37.8400,6596800
20150814,38.3500,38.3600,37.9700,38.0200,4164200
20150817,38.6500,38.6700,38.0300,38.1900,4261800
20150818,38.6000,38.7300,38.4400,38.5300,4157100
20150819,37.3600,38.4500,37.1500,38.4300,8805900
20150820,36.6800,37.7300,36.6400,37.1700,8090600
20150821,34.9300,36.2800,34.9100,35.9300,12100000
20150824,33.7700,34.3900,27.3200,30.0000,14379900
20150825,33.6600,35.1900,33.6600,35.1900,8657900
20150826,35.0800,35.1500,33.7800,34.3900,10216400
20150827,35.5300,36.0000,34.8300,35.6300,9008700
20150828,34.9400,35.5500,34.7000,35.5000,7224600
20150831,34.5000,35.0400,34.3300,34.8700,7900600
20150901,33.8500,34.0800,33.6300,33.9800,8431100
20150902,34.6500,34.9500,34.2000,34.3100,7550600
20150903,34.5700,35.0400,34.4100,34.7500,5743000
20150904,34.0700,34.3600,33.9100,34.3000,5895000
20150908,35.0500,35.0700,34.4700,34.6600,8393400
20150909,34.4000,35.3700,34.4000,35.3500,7978400
20150910,35.4000,35.6100,34.3100,34.4300,13536200
20150911,37.2900,37.7500,36.0900,37.4100,18439300
20150914,37.4200,37.7200,37.1100,37.2700,8572100
20150915,37.1600,37.4900,36.7400,37.4300,8286200
20150916,37.1800,37.4000,36.9500,37.4000,5448600
20150917,37.5000,37.9500,37.0600,37.2500,5021800
20150918,36.7300,37.6100,36.6000,37.2600,10157300
20150921,36.6600,37.1300,36.3700,37.0600,6190200
20150922,36.4100,36.4600,35.8500,36.3700,6105200
20150923,36.3800,36.5200,35.9500,36.4700,5020500
20150924,35.9600,36.3100,35.6900,36.0400,6556800
20150925,36.1100,36.7400,35.8700,36.2200,4302100
20150928,35.7500,35.9900,35.5600,35.8800,6347800
20150929,35.6100,36.1700,35.2900,35.7500,6487800
20150930,36.0700,36.2500,35.6400,35.9800,7100900
20151001,36.6800,36.8000,35.6900,36.1200,7629200
20151002,37.1400,37.1600,35.7800,36.3500,5472900
20151005,38.0700,38.1000,37.0000,37.2200,6246500
20151006,37.1300,38.0900,37.0400,38.0300,5122500
20151007,37.5100,37.8000,37.1200,37.3500,3564200
20151008,38.0000,38.0600,37.3400,37.4900,7381300
20151009,38.0300,38.3500,37.7400,38.0400,5881700
20151012,38.2000,38.4000,37.7900,38.0200,5285900
20151013,37.4400,38.3800,37.3400,38.1600,6425000
20151014,36.3300,37.5800,35.8500,37.4800,14507400
20151015,37.0700,37.0800,36.3000,36.6400,14991400
20151016,37.5100,37.5400,36.8900,37.1700,6128900
20151019,37.8300,38.0500,37.3500,37.5000,5977800
20151020,37.7200,37.9900,37.5800,37.9300,9169500
20151021,38.0800,38.1000,37.7000,37.8500,6253700
20151022,38.2900,38.5100,38.0900,38.2600,13418900
20151023,37.8200,38.5100,37.6800,38.5000,9870300
20151026,37.5500,37.9800,37.4900,37.9000,5738800
20151027,36.9900,37.3400,36.2000,37.2400,8212800
20151028,37.7000,37.7700,36.8100,37.1700,10635800
20151029,37.6500,37.8100,37.5300,37.7000,5910000
20151030,37.8000,37.9400,37.3700,37.5500,6503300
20151102,38.2000,38.2100,37.5500,37.8000,6024100
20151103,37.7600,38.1500,37.6700,37.9600,4939300
20151104,37.0100,37.9900,36.8800,37.9300,6064500
20151105,37.0700,37.2000,36.6900,37.1900,7525200
20151106,37.5700,37.5800,36.8700,37.0500,9655000
20151109,37.2000,37.5000,36.9300,37.3500,6826800
20151110,37.2700,37.4100,37.0300,37.1500,4597700
20151111,37.0300,37.5000,36.8200,37.4300,7531700
20151112,36.5100,37.2400,36.5000,36.9900,23727000
20151113,36.0500,36.6700,36.0000,36.4500,10345200
20151116,36.5400,36.6000,36.0200,36.0500,15024100
20151117,37.0200,37.1300,36.4200,36.6800,7165200
20151118,37.5400,37.5700,36.9500,37.0200,7738400
20151119,37.3200,37.7500,37.0700,37.5500,4862400
20151120,37.3100,37.7100,37.1500,37.4500,6591000
20151123,37.2500,37.3800,37.0300,37.2900,4246900
20151124,37.1200,37.3200,37.0200,37.0200,8125700
20151125,37.1700,37.4000,37.1100,37.1200,5036500
20151127,38.0100,38.1700,37.2400,37.3700,4311600
20151130,37.6600,38.2500,37.5100,38.0500,10115100
20151201,38.2000,38.3500,37.8500,38.0100,10858200
20151202,38.1100,38.3400,37.9000,38.2400,10442400
20151203,39.9100,40.3300,38.3600,38.7200,15217500
20151204,40.5500,40.5800,39.6800,39.9000,9627000
20151207,41.4300,41.6800,40.8400,40.8800,11458200
20151208,41.4100,41.6000,40.8000,41.2800,10734500
20151209,41.2500,41.6500,40.7100,41.1100,7321600
20151210,41.1300,41.6000,41.0600,41.3600,12588700
20151211,41.0800,41.4500,40.7200,40.7200,15768000
20151214,41.8600,41.8700,41.1100,41.2300,7609100
20151215,42.3100,42.5800,41.9200,42.0900,10409400
20151216,42.4300,42.5600,41.8500,42.4800,9160600
20151217,41.9400,42.3800,41.9300,42.3700,5612000
20151218,40.6400,41.7300,40.6400,41.5600,12849200
20151221,41.2100,41.2400,40.6400,41.0600,7827700
20151222,42.1000,42.1400,41.4100,41.4800,5900800
20151223,42.3100,42.4600,42.0300,42.2800,4511100
20151224,42.4600,42.6700,42.2700,42.3100,1718700
20151228,42.4500,42.6000,42.1500,42.3000,3138900
20151229,42.6400,42.6700,42.3300,42.5900,4015100
20151230,42.3100,42.7500,42.2600,42.6900,3417900
20151231,41.8300,42.1400,41.6700,42.0900,4331900
20160104,41.1600,41.2700,40.6700,41.1600,9929600
20160105,42.0900,42.1100,41.2600,41.2900,7329300
20160106,42.0500,42.4200,41.7500,41.7600,9802700
20160107,41.0700,41.5200,40.8800,41.3300,9434000
20160108,40.8000,41.3500,40.6500,41.2600,8231100
20160111,41.2800,41.4400,40.8600,41.0800,6406500
20160112,41.2400,41.6900,40.6700,41.5300,7319600
20160113,39.2000,41.3400,39.1400,41.2100,13204000
20160114,39.0300,39.6200,38.2400,39.5800,10458400
20160115,38.4900,38.8100,38.0600,38.1700,9029200
20160119,38.1900,38.8300,37.7900,38.6500,6815600
20160120,37.8500,38.0800,36.4400,37.6800,11294500
20160121,37.1500,37.8700,36.9200,37.8700,9592700
20160122,37.1200,37.8900,36.8300,37.5500,13226200
20160125,36.6700,37.3500,36.5800,37.2600,10866600
20160126,36.7800,36.9700,36.5000,36.6600,7348400
20160127,37.4600,37.8900,36.8100,36.8900,10231400
20160128,37.8200,37.9800,37.2700,37.5400,8502500
20160129,38.8100,38.8400,37.8900,38.0000,8222900
20160201,40.1100,40.2600,38.6100,38.7400,10922300
20160202,40.1500,40.2300,39.5200,39.7500,8112000
20160203,40.1800,40.4700,39.5600,40.2900,8518800
20160204,38.9600,39.8900,38.8500,39.7200,7303300
20160205,37.6300,39.1400,37.4700,39.0000,9774100
20160208,36.8200,37.1500,35.4200,37.0800,15707000
20160209,36.7300,37.1000,36.2600,36.2600,11550700
20160210,36.8500,37.7600,36.6600,36.7400,9110700
20160211,36.4300,36.9900,35.7800,36.4200,9589800
20160212,38.3300,38.3400,36.9100,37.1400,7527300
20160216,38.4900,39.0200,38.1300,38.6400,6807100
20160217,39.4200,39.5500,38.4000,38.5000,7748100
20160218,38.0600,39.2500,37.7000,39.0000,11531200
20160219,37.8200,38.1200,37.4200,37.7900,6938000
20160222,38.2700,38.4300,37.8500,38.1000,5549600
20160223,38.7800,38.9700,37.9300,38.1200,6021100
20160224,38.7000,38.7700,38.1000,38.4400,6925900
20160225,39.4600,39.5100,38.7500,38.8800,7634400
20160226,39.4500,39.9500,39.2000,39.5500,6372700
20160229,39.9100,40.4600,39.6000,39.7000,10805600
20160301,40.6200,40.7400,39.9100,40.3600,9003000
20160302,40.6500,40.9100,40.4500,40.6800,9606300
20160303,37.8000,38.4400,36.8900,37.8100,40664800
20160304,36.8400,37.7000,36.4600,37.6200,21043200
20160307,37.0500,37.6500,36.5400,36.5900,12433100
20160308,37.0200,37.6800,36.8500,36.9300,8964500
20160309,37.8100,38.0600,37.0900,37.1000,9266200
20160310,37.7300,37.9600,37.2500,37.8100,9143100
20160311,38.6400,38.6800,37.8800,37.9000,8846700
20160314,38.3900,38.8500,37.9800,38.4300,6315200
20160315,38.1400,38.4600,37.6600,38.0100,5596000
20160316,38.6100,38.6900,37.8200,37.8700,6227200
20160317,38.0900,38.5600,37.9800,38.4500,9693800
20160318,38.5600,38.8800,38.0000,38.1400,10017800
20160321,38.1300,38.6000,38.0900,38.3800,5980300
20160322,37.9500,38.3200,37.6900,38.1800,8055500
20160323,37.5900,38.0200,37.3500,37.9200,9195000
20160324,37.6500,37.6900,37.1000,37.2000,9526100
20160328,38.0600,38.0900,37.5300,37.6400,6759000
20160329,38.0300,38.1500,37.7400,37.8100,5780900
20160330,38.0900,38.2800,37.8100,38.0500,6974800
20160331,38.2500,38.3900,37.9700,38.0800,6888300
20160401,38.3200,38.4200,37.9100,37.9400,6622300
20160404,38.0300,38.4600,37.9100,38.3200,7242500
20160405,38.2200,38.3700,37.5900,37.7000,9840200
20160406,39.0800,39.2200,38.2200,38.2200,9143500
20160407,38.1700,39.1500,38.0300,38.8600,6941300
20160408,37.9900,38.3500,37.9300,38.2000,7832900
20160411,37.1700,38.0900,37.1300,38.0000,7051400
20160412,37.1600,37.3200,36.9000,37.2000,6000700
20160413,37.8600,37.8800,37.3000,37.3900,5486800
20160414,37.0700,37.5900,37.0100,37.4900,5995000
20160415,36.9100,37.3200,36.7100,37.1700,7510800
20160418,36.6800,36.7400,36.2500,36.6100,8881500
20160419,36.2300,36.7800,36.1000,36.7800,11313200
20160420,36.9500,37.3400,36.2700,36.3700,8870600
20160421,36.4700,37.0100,36.3300,36.9500,7719100
20160422,35.5800,36.5400,35.1300,36.3600,12971600
20160425,36.7700,36.8500,35.3900,35.4500,9599800
20160426,36.4000,37.1100,36.2900,36.7400,6247300
20160427,36.3100,36.7100,36.1800,36.4800,4874000
20160428,35.9200,36.6400,35.8000,36.1300,5912200
20160429,35.3900,35.7100,34.7800,35.6700,8253900
20160502,35.4300,35.5600,35.1600,35.5200,9010600
20160503,35.2000,35.3900,35.0900,35.1800,6469200
20160504,35.0000,35.0800,34.1900,35.0300,8048200
20160505,34.9200,34.9900,34.2200,34.4800,11364400
20160506,34.5500,34.9900,34.2300,34.8900,5042700
20160509,35.8400,35.8900,34.5600,34.8000,8410100
20160510,35.2400,35.5700,34.9700,35.4400,7819500
20160511,34.7100,35.1900,34.7000,34.9800,5619600
20160512,34.8900,35.1000,34.5100,34.7700,4972800
20160513,34.8600,35.2000,34.6900,34.7200,6262900
20160516,34.7600,35.0400,34.4200,34.7900,5932900
20160517,34.4600,34.8200,34.3100,34.6400,5443900
20160518,34.3700,34.4900,33.6200,34.3000,9784600
20160519,34.8300,34.9100,34.3000,34.4900,8330400
20160520,34.6200,34.9500,34.4700,34.9500,6173400
20160523,34.8000,34.9500,34.6200,34.6500,5933500
20160524,35.5200,35.5500,34.7900,34.8200,7771600
20160525,34.9400,35.6900,34.8300,35.5500,6992700
20160526,35.5900,35.7100,34.9500,34.9900,6599500
20160527,35.7100,35.7300,35.3700,35.7300,5271000
