20150529,65.4900,65.7700,64.9200,65.2400,2966300
20150601,64.6700,65.9400,64.6300,65.4900,2906400
20150602,65.7300,65.8700,64.8000,65.0300,3066500
20150603,65.3400,66.1800,65.3000,65.8800,2147500
20150604,64.8400,65.5400,64.3500,64.5100,1938700
20150605,63.4200,64.9600,63.3100,64.8300,3991800
20150608,62.7100,63.3100,62.6200,63.2000,2402200
20150609,62.0500,63.0400,61.9500,62.8800,2320600
20150610,62.4600,62.6200,61.7000,62.5000,2559500
20150611,62.4100,63.1000,62.3200,62.9000,1581800
20150612,62.6700,62.8700,62.0900,62.0900,1854800
20150615,62.6000,62.9900,62.1900,62.2500,2225700
20150616,62.0800,62.9700,62.0100,62.6000,2282000
20150617,62.7600,63.1900,62.3000,62.4500,2701500
20150618,63.2000,63.3500,62.7200,62.7200,1301500
20150619,63.8100,64.1500,62.9800,62.9800,3551900
20150622,63.6500,64.4700,63.6000,64.1300,1649400
20150623,63.9000,64.5900,63.7600,63.7800,2112500
20150624,63.9900,64.5600,63.6300,64.0300,1690100
20150625,63.3600,64.5000,63.3400,64.1600,1420400
20150626,63.3700,63.8500,63.1300,63.4000,1957400
20150629,62.5300,63.4500,62.4100,63.1900,2281100
20150630,62.6100,63.0100,62.4300,62.9900,1652400
20150701,62.8200,63.2200,62.0000,62.9300,2412000
20150702,63.1300,63.9500,62.9600,63.1100,1894800
20150706,62.8300,63.1600,62.4600,62.5000,2348200
20150707,64.9600,65.0500,62.9600,63.1500,3041200
20150708,64.5900,65.2000,64.2500,64.4500,2726000
20150709,62.6800,65.2000,62.1400,65.2000,4427500
20150710,63.9500,64.2500,63.5000,63.7100,1937100
20150713,64.0700,64.4400,63.7300,64.3500,1728400
20150714,64.7700,64.9300,63.7000,63.8900,2574400
20150715,64.0000,64.8500,63.5800,64.8500,2303300
20150716,63.7300,64.2600,63.6500,64.1700,2263800
20150717,62.2600,63.7300,62.2500,63.5300,3069600
20150720,62.5900,62.8300,62.2600,62.5000,1995200
20150721,62.0600,62.6900,61.9900,62.5200,2460200
20150722,62.8700,62.9700,62.1200,62.1200,1510800
20150723,61.8700,62.7900,61.7700,62.7400,2169600
20150724,61.8800,62.1200,61.6000,62.0100,1740200
20150727,61.7800,62.4100,61.3500,61.4300,1685100
20150728,61.4100,61.9700,61.2000,61.9100,1609900
20150729,61.1700,61.6000,60.5600,61.5000,3329100
20150730,61.5200,61.7100,61.0500,61.1500,1768100
20150731,61.3200,62.0000,61.1200,61.6400,1457500
20150803,60.8500,61.4700,60.6600,61.3300,1380300
20150804,61.1800,61.4600,60.8500,61.1100,1414400
20150805,61.1600,62.0200,60.7400,61.3900,2382900
20150806,60.3500,60.9900,59.5500,60.7400,4066900
20150807,60.0200,60.7700,59.1400,60.0800,2252900
20150810,61.6000,61.7300,60.3000,60.3000,2345100
20150811,61.4100,61.5900,60.7900,61.2700,1907700
20150812,61.5000,64.1800,59.0700,60.2000,5861900
20150813,56.1100,57.6600,54.5200,56.9300,16453600
20150814,55.5400,55.9500,55.1000,55.6100,6049200
20150817,55.6600,55.8000,54.7500,55.1400,3121500
20150818,55.4500,55.9000,55.2100,55.7900,2688500
20150819,54.7400,55.5600,54.4000,55.2500,3448600
20150820,53.6900,54.4100,53.5500,54.2100,5533400
20150821,52.3000,53.7900,52.1100,53.2300,4478800
20150824,50.4300,51.8900,49.2700,49.3400,6720300
20150825,49.1800,51.4000,49.1600,51.3400,8454800
20150826,50.8600,50.9000,49.0900,50.1800,2779300
20150827,51.3400,51.9000,50.4400,51.1800,3155300
20150828,51.7200,52.0700,51.1800,51.3800,2671500
20150831,51.0300,51.9100,50.7700,51.4600,2713100
20150901,50.5200,51.3200,49.8100,49.8100,3185300
20150902,50.8900,50.9900,50.0000,50.7100,2932600
20150903,51.5400,52.7300,51.0600,51.1000,4513000
20150904,50.4700,51.5200,50.2300,50.9300,2527300
20150908,51.6600,51.7000,50.7300,51.1100,2051000
20150909,50.8600,52.3300,50.7600,51.8400,2227400
20150910,50.8400,51.2600,50.3600,50.4900,1698700
20150911,50.7400,50.7600,50.0300,50.3400,2120300
20150914,50.7400,51.1200,50.5500,50.6700,2057000
20150915,50.4700,51.0000,50.3900,51.0000,2609600
20150916,51.8500,51.9500,50.3700,50.3900,3417500
20150917,50.6700,52.2200,50.5600,51.7900,3213300
20150918,49.2100,50.5700,49.0100,50.1300,6375700
20150921,49.1900,50.1100,49.0800,49.6700,3369100
20150922,48.9000,49.0500,48.3200,48.9100,1805400
20150923,48.5200,49.2300,48.1100,49.0800,2180700
20150924,47.8400,48.3200,47.6200,48.1700,2608500
20150925,47.7000,48.3400,47.5600,48.3300,2947000
20150928,46.1100,47.9300,46.0900,47.5800,2849500
20150929,46.2700,47.5300,45.6200,46.3000,5367000
20150930,46.3100,46.8100,46.0900,46.5200,3076400
20151001,45.0600,47.5200,44.7600,47.1800,4683000
20151002,45.4000,45.4000,44.0400,44.6900,4266100
20151005,46.8300,47.0800,45.7000,45.7900,3281100
20151006,46.4900,46.6300,45.6500,46.4200,3664300
20151007,46.1500,47.1400,45.7300,46.6200,2158100
20151008,46.6500,47.0000,46.0400,46.1800,2865000
20151009,47.2700,47.3800,46.4300,46.6000,3782800
20151012,46.5000,47.2500,46.3000,47.2500,1656600
20151013,45.6100,46.7800,45.5900,46.3700,1675000
20151014,45.0100,46.0900,44.5800,45.7900,3016700
20151015,45.1800,45.4200,44.6500,45.1700,3195700
20151016,45.9300,45.9700,45.0400,45.3000,2468200
20151019,45.6700,46.3000,45.2500,45.9100,2714300
20151020,46.3100,46.3400,45.4800,45.7100,2481500
20151021,45.6500,46.6300,45.6000,46.3800,1890200
20151022,45.4200,45.9900,44.9700,45.7500,2478200
20151023,44.0600,45.4800,43.4500,45.4800,3495400
20151026,45.3300,45.7200,43.6500,43.9400,3462500
20151027,45.7600,45.8700,45.0200,45.3300,5365900
20151028,45.7000,46.0100,45.1600,45.7800,2539500
20151029,44.5800,45.7300,44.0500,45.6600,2830800
20151030,46.1200,46.6200,44.7500,44.7800,3353700
20151102,46.7100,46.7800,44.5200,46.1400,3946000
20151103,47.3700,48.1600,46.7200,46.7200,3273800
20151104,46.2100,47.5900,45.8200,47.4400,2590800
20151105,46.6600,46.7600,45.8500,46.3200,2924500
20151106,46.5700,47.2000,46.2000,46.5400,4085500
20151109,43.9800,46.2000,43.6600,46.0100,6119500
20151110,45.6000,45.7500,43.5100,43.6300,6824800
20151111,43.1600,44.0400,42.1900,44.0000,9828300
20151112,45.7900,47.2400,45.0000,45.4300,19188600
20151113,42.8500,44.6700,41.8600,44.6700,9982600
20151116,43.9400,43.9900,42.5700,42.6900,4144200
20151117,44.0500,45.1700,43.4500,44.3000,4433900
20151118,45.1500,45.3100,43.7200,44.2800,4506300
20151119,45.1800,45.7700,44.9900,45.3900,2767800
20151120,47.0400,47.0900,45.5800,45.5900,5070800
20151123,47.6400,47.9700,47.2000,47.3100,3518700
20151124,48.5300,49.0600,47.3200,47.3500,3262600
20151125,48.5000,48.9300,48.1500,48.4700,2688400
20151127,48.0700,49.0000,47.6600,48.8200,1315800
20151130,47.1300,48.4400,46.5700,48.2200,4785800
20151201,47.2200,47.9100,46.9500,47.2700,3636700
20151202,46.4200,47.7200,46.1800,47.4200,3128800
20151203,47.3900,47.4200,45.9100,46.6200,5760200
20151204,48.0800,48.1200,46.8600,47.1800,4279000
20151207,47.4500,47.7700,46.6500,47.3600,4103800
20151208,47.2000,47.8500,46.7700,46.9000,2929000
20151209,47.1300,47.9900,46.6000,46.8600,2547600
20151210,48.1800,48.6700,47.3100,47.4500,4576000
20151211,46.2400,48.0500,46.0900,47.7100,4618500
20151214,46.7600,47.9000,46.3200,46.4200,4301800
20151215,46.2100,47.6400,46.0900,46.8700,3919300
20151216,45.9700,47.1600,45.3200,46.4200,4248500
20151217,44.4500,46.1900,44.0600,46.1000,4146500
20151218,44.4100,44.8800,44.0600,44.2500,7588400
20151221,45.7100,45.7900,44.3100,45.0200,4544900
20151222,47.0700,47.3600,45.6500,45.9200,2890700
20151223,47.4000,47.9400,46.9800,47.2400,1902900
20151224,47.1300,47.7100,47.1000,47.2900,1050400
20151228,47.2400,47.3700,46.5900,46.8300,2319200
20151229,48.8100,49.5300,47.6400,47.6500,3381600
20151230,48.3900,49.3300,48.2100,48.6700,2616600
20151231,47.6300,48.7700,47.6200,48.1600,1874200
20160104,49.5500,49.5600,46.3500,46.9100,5207100
20160105,49.7800,50.2300,49.3500,49.7400,5212000
20160106,50.0500,50.1800,48.9100,49.0200,4830100
20160107,50.8600,52.0600,49.2500,49.4000,7691600
20160108,47.8800,51.3000,47.5500,50.8200,6493700
20160111,50.0800,50.7500,48.4100,49.2900,9715200
20160112,50.2300,51.6300,49.4400,50.3900,4542700
20160113,49.9800,50.7100,48.9000,49.4800,3879200
20160114,49.2000,50.5500,48.7100,50.0800,4464000
20160115,48.1500,48.5600,47.2600,48.1700,3712400
20160119,46.3800,48.6600,45.9600,48.6600,4562800
20160120,45.6500,45.9500,44.1900,45.4400,3993100
20160121,46.9900,47.4800,45.4600,45.7400,2807400
20160122,48.1600,48.2200,47.1600,47.1600,2278200
20160125,47.3600,48.3700,47.2300,48.1900,1943800
20160126,48.5900,48.9800,47.3400,47.5600,2125000
20160127,48.7100,49.7100,48.4600,48.6200,2937600
20160128,47.9900,49.0900,47.1900,48.9800,2985400
20160129,49.7500,49.8800,48.0900,48.4000,2644200
20160201,49.0800,49.4000,47.4100,49.0700,4462800
20160202,50.3800,50.5600,48.8500,49.6800,5546600
20160203,51.1300,51.3900,49.2600,50.4700,3346300
20160204,41.5200,51.1300,40.9500,51.1300,22573600
20160205,42.0600,42.8800,40.9400,41.0300,6693200
20160208,42.6100,43.8000,41.4800,41.5100,5216300
20160209,41.4000,42.9900,41.1100,42.3400,3555800
20160210,40.0900,41.5300,39.4400,41.4900,4275900
20160211,39.6900,40.5000,39.2300,39.7200,2284100
20160212,40.8100,40.8800,39.4500,39.9100,1967800
20160216,42.6200,42.8200,41.1900,41.5200,2526600
20160217,43.9000,44.1300,42.6000,42.8200,3344100
20160218,44.8200,45.0300,43.2100,43.8400,3053300
20160219,44.3800,44.8600,43.3400,44.2900,2591900
20160222,44.9500,45.5000,44.4700,44.4700,2416500
20160223,44.9400,45.4900,44.7300,45.3500,2514200
20160224,45.4600,45.6500,43.9400,44.7900,3543800
20160225,46.6700,47.2100,44.2000,47.0100,5732600
20160226,46.8200,47.4000,46.1500,47.0700,3838700
20160229,46.6700,46.9000,45.8200,46.4100,3976200
20160301,46.5100,47.2500,45.7300,46.9000,2335600
20160302,46.6400,47.2300,46.2800,46.4000,3187000
20160303,46.7400,46.9800,46.0400,46.4000,3029400
20160304,47.4800,47.6400,46.1200,46.7500,3607300
20160307,48.5900,49.1800,47.0000,47.3200,3589100
20160308,48.7000,49.1100,48.1700,48.6500,3122700
20160309,49.0700,49.8200,48.7400,49.0200,3411400
20160310,49.4600,49.7500,48.7300,49.5300,2431900
20160311,49.0800,49.9600,48.7700,49.9600,2252100
20160314,49.4600,49.7500,48.8000,48.8700,1518100
20160315,47.7000,49.6800,47.3500,49.1500,3420200
20160316,47.7300,48.0200,47.4200,47.7300,2214700
20160317,48.2500,48.4600,47.5900,47.8600,2568700
20160318,48.1700,48.9500,47.8000,48.4100,3486100
20160321,47.9100,48.4900,47.9100,48.3100,1873000
20160322,47.0700,48.0800,46.3800,47.8800,2682100
20160323,46.7100,47.1200,46.4900,46.8400,1926200
20160324,45.9300,46.3100,45.5700,46.2600,2897000
20160328,46.7900,47.3100,46.0000,46.0500,1944300
20160329,46.5500,47.0200,46.1100,46.9900,2255100
20160330,46.0500,46.7600,45.7600,46.4900,2294900
20160331,46.6100,46.7000,45.3000,45.8500,2307600
20160401,45.7400,46.6900,45.4800,46.4700,2152500
20160404,45.1000,46.4100,44.9800,45.9200,1583300
20160405,44.9100,45.2200,44.4100,44.9500,1886200
20160406,44.8600,45.2200,44.1400,45.2100,2327500
20160407,43.9900,44.8600,43.6800,44.5800,2823200
20160408,43.3700,44.2900,43.0600,44.0200,2638300
20160411,42.5400,43.6900,42.5000,43.4400,3281700
20160412,42.6800,42.9900,41.7200,42.4400,2316200
20160413,43.2500,43.4500,42.5900,42.8600,2504500
20160414,42.9000,43.4000,42.5000,43.2500,2035700
20160415,43.3700,43.4000,42.6500,42.9000,2400600
20160418,44.0900,44.0900,43.0000,43.0000,2689200
20160419,44.8500,44.9200,44.1200,44.1400,3144100
20160420,46.1300,46.2600,44.9900,45.0000,3541300
20160421,45.4300,46.5000,45.2400,46.2000,2004800
20160422,45.4600,46.0500,45.2200,45.2700,1264800
20160425,44.9600,45.5400,44.4200,45.2400,1998700
20160426,45.7600,45.7700,44.6400,45.0000,1760900
20160427,45.9800,46.1900,45.1600,45.6900,1814100
20160428,45.5100,46.1800,45.4200,45.5200,1187800
20160429,44.3000,45.4600,44.0600,45.4600,2045400
20160502,45.0700,45.1300,44.2000,44.6400,1950000
20160503,43.8800,44.7800,43.7800,44.6300,2472000
20160504,42.4400,43.8100,42.2900,43.4900,3552300
20160505,41.6600,42.4400,41.1700,42.4400,3346200
20160506,41.3700,41.7700,40.7100,41.3500,3380800
20160509,42.1700,42.3100,41.2900,41.5400,5034200
20160510,41.1800,41.8800,40.9100,41.7100,4410500
20160511,38.7000,39.5800,38.5900,39.3800,8709200
20160512,35.1500,36.4600,33.8700,35.7400,20440200
20160513,35.7400,38.0000,34.5100,34.9600,12956600
20160516,36.2100,36.4200,35.1000,35.7500,5436000
20160517,35.2200,36.5500,35.1100,36.1500,4897700
20160518,34.5600,35.3200,34.4000,34.9400,3245300
20160519,34.9400,35.2800,34.3400,34.9700,4561900
20160520,35.8500,35.8900,34.8600,35.2600,3531300
20160523,35.5900,36.5900,35.5600,35.8000,2597100
20160524,35.3900,35.9200,35.3500,35.6100,3586200
20160525,35.8900,36.2400,35.3100,35.5600,4478100
20160526,35.5700,36.4300,35.5700,36.0200,2357400
20160527,36.1100,36.1600,35.4200,35.5900,2773800
