20150529,90.5000,92.2600,90.1400,92.1800,3072500
20150601,92.5200,92.6100,90.0200,90.9200,2500800
20150602,93.6700,94.4500,91.9000,92.3600,2393700
20150603,94.0800,94.5900,92.6300,93.1900,1830200
20150604,93.2300,94.2700,92.7600,93.0500,1563300
20150605,94.1600,94.4500,92.8400,92.9600,952800
20150608,93.1200,94.3700,92.8300,93.6900,2263200
20150609,93.1600,93.9300,92.7500,93.2400,1545400
20150610,92.9300,93.5400,92.8400,93.4400,1153600
20150611,94.7600,95.8800,92.8600,93.0100,2128200
20150612,94.1500,95.3300,93.5400,94.2900,1046600
20150615,93.8600,94.6500,93.4200,93.6900,1218200
20150616,93.9500,94.6300,93.4200,93.9100,885700
20150617,94.3800,94.8500,93.6900,94.0400,805200
20150618,96.1800,96.7600,94.1700,94.7600,1169400
20150619,95.2000,96.2600,94.8500,96.2000,1462400
20150622,95.7600,96.7100,95.3500,96.0400,1053900
20150623,95.6200,96.4400,95.3000,95.7700,936100
20150624,92.8100,95.5300,92.2300,95.3600,1386900
20150625,92.4200,93.5700,92.1600,93.2700,929200
20150626,92.9500,93.3200,92.1000,92.4500,2290100
20150629,91.0000,92.5600,90.7200,92.2200,1317800
20150630,91.2000,91.6500,90.3400,91.4900,1322100
20150701,92.1100,92.2400,91.0100,91.8200,1121200
20150702,92.4100,92.5100,91.6800,92.1400,641200
20150706,91.6500,92.2500,90.9200,91.6100,1030700
20150707,94.4000,94.8200,91.6500,92.6900,1999800
20150708,92.6500,94.3900,92.1700,93.3300,1338900
20150709,93.2500,94.0900,92.7100,93.7000,1338600
20150710,94.5100,94.7200,93.5700,94.2800,1290300
20150713,94.1000,95.0700,94.1000,94.7500,2633600
20150714,94.4500,95.4400,93.3400,94.2300,1484300
20150715,93.3900,95.4100,93.1600,95.4100,1702200
20150716,92.5500,93.2100,92.0900,93.2100,2151400
20150717,98.6000,100.3900,96.8000,97.5000,4755200
20150720,97.4000,99.1100,96.7800,98.7200,2752900
20150721,97.7500,98.4900,95.9500,96.2100,1743700
20150722,96.5400,98.3300,96.2900,97.6400,1082500
20150723,93.3600,96.1800,93.0900,96.0000,1377300
20150724,93.0000,93.9100,92.4000,93.3700,1300200
20150727,93.1900,94.2200,92.2300,92.8700,1646000
20150728,97.7500,98.2900,93.7100,93.7100,2325400
20150729,101.0900,101.2400,97.2900,97.6300,2308400
20150730,100.8500,101.2200,99.9100,100.4100,1046800
20150731,99.1900,101.2300,98.8200,100.8400,953900
20150803,97.4700,99.6600,96.8800,99.3500,1375300
20150804,97.9700,98.0500,96.5400,97.2600,1290500
20150805,97.4500,99.4500,97.3900,98.5600,1187600
20150806,97.2600,97.5300,96.0000,97.4500,853400
20150807,96.0000,96.9700,95.6500,96.9700,823100
20150810,99.7300,100.2900,96.7900,96.7900,1415000
20150811,98.2600,99.2500,97.9000,99.2500,1537500
20150812,97.8500,98.0500,95.8400,97.3200,1132300
20150813,97.7800,98.3500,97.2200,97.6900,811900
20150814,98.5800,99.0000,97.1900,97.4800,688600
20150817,99.2500,99.2700,97.5600,98.2300,689300
20150818,99.4400,99.9900,98.9200,99.6200,809300
20150819,98.0300,99.1600,97.7900,98.6700,1105800
20150820,95.2800,99.3100,95.2500,98.0300,2089800
20150821,92.7900,95.1200,92.6200,94.5700,1713300
20150824,89.5700,92.3100,87.9500,88.2400,3668800
20150825,86.5300,92.1900,86.3800,92.1900,2579900
20150826,89.4600,89.6200,87.6100,88.7000,1858900
20150827,93.2700,94.0800,90.4600,91.1800,2481400
20150828,94.5800,95.3300,92.8800,93.0200,1078200
20150831,92.7400,94.1200,92.5600,93.8300,956100
20150901,89.7400,91.1500,89.3200,90.5400,1167900
20150902,91.4700,91.4900,89.8000,90.7300,1033800
20150903,91.3900,92.3600,90.9500,91.9000,1258100
20150904,90.3400,91.1200,89.7800,89.9400,853600
20150908,93.1300,93.3000,92.0000,92.0800,722900
20150909,92.1300,94.0200,91.9700,93.6500,788000
20150910,93.1300,93.4100,91.7200,91.8600,961200
20150911,92.5600,93.3900,91.7700,92.6000,1036900
20150914,92.5700,93.0000,92.0600,92.4100,942200
20150915,94.3500,94.5000,91.9900,92.6900,1020700
20150916,95.2500,96.3600,94.1800,94.2900,1527000
20150917,96.6600,98.6700,95.0300,95.3400,1818400
20150918,94.5300,96.4200,94.1500,95.3200,1622600
20150921,94.8000,96.5200,94.4500,95.0000,670000
20150922,91.8000,93.6600,91.2600,93.6000,1253200
20150923,91.5100,92.1400,90.6300,91.8400,862500
20150924,90.3000,91.0400,89.6500,90.5000,1313000
20150925,91.0300,91.8000,90.2000,91.0700,2393300
20150928,88.8400,91.3500,88.4500,90.5700,2053400
20150929,88.1500,89.3500,87.6000,89.0000,1181500
20150930,90.8800,90.9500,89.2700,89.2700,1509600
20151001,93.1900,93.2200,91.2900,91.5500,1997700
20151002,94.1700,94.2300,91.2800,91.5900,1066000
20151005,95.6200,95.8600,94.3900,94.5000,1122800
20151006,95.6700,96.3200,94.9400,95.4500,708000
20151007,96.7300,97.9100,95.1500,96.3000,1482600
20151008,98.4600,98.8100,96.2900,96.5100,1136900
20151009,97.9500,100.4000,97.4900,98.7500,1769600
20151012,97.9800,98.1900,95.6900,97.6300,1510300
20151013,96.1700,97.8200,96.0800,96.7200,856700
20151014,96.3700,96.8200,94.5700,95.8000,1821700
20151015,98.0000,98.5200,96.4600,97.1600,1421800
20151016,87.3700,95.2300,86.4000,95.2300,8331800
20151019,86.6700,88.3700,85.7500,86.7500,3682000
20151020,88.6600,88.9800,85.8000,86.6600,2540300
20151021,87.4100,89.2500,87.3000,88.9500,2060700
20151022,86.1500,88.5100,85.8700,87.5100,3720700
20151023,86.1300,86.9500,84.3200,86.5400,3025900
20151026,85.9000,87.1600,85.7500,85.8200,1323500
20151027,82.1300,85.2700,81.5400,85.2100,3080300
20151028,83.6100,84.1600,82.8600,83.3400,1702300
20151029,84.1100,84.3300,83.1100,83.4800,1338400
20151030,82.7600,84.3700,82.6400,84.3100,1923100
20151102,84.6800,84.9200,82.4700,82.7700,1898900
20151103,86.5800,86.8400,84.6400,84.8300,2444600
20151104,87.0800,87.4300,85.8200,86.6600,2062100
20151105,88.5400,90.4400,86.3000,87.0700,3606900
20151106,87.6500,89.4000,87.4500,87.9900,1815300
20151109,89.8200,91.7500,86.0200,87.3900,3399500
20151110,89.5300,90.4500,88.9300,89.7500,1826000
20151111,88.8200,90.1200,88.1000,89.9300,940700
20151112,87.7200,88.8300,87.1600,88.0300,1271000
20151113,87.4500,88.2800,87.0500,87.1000,1153500
20151116,87.9700,88.6300,86.5000,87.3500,894900
20151117,88.2100,88.9500,86.0100,87.9500,1187700
20151118,92.3700,92.5100,89.4600,89.6200,3558000
20151119,93.6500,94.1200,91.8500,92.5300,2195900
20151120,93.5300,94.7700,92.7400,94.1200,1200900
20151123,91.8100,93.7400,91.7300,93.0900,1264800
20151124,91.4100,92.2700,91.3700,91.5000,1001100
20151125,91.3900,92.1100,91.0900,91.4100,1025100
20151127,92.2600,92.7200,91.1500,91.6500,320400
20151130,90.9200,92.7100,90.7400,92.4400,936900
20151201,91.6300,91.9700,90.6600,91.0200,830300
20151202,85.1200,91.1800,84.0600,91.1800,4257700
20151203,82.6900,85.4900,81.5400,84.9700,3586700
20151204,81.9800,82.4100,80.6100,81.7500,2732600
20151207,79.4700,81.9600,79.3700,81.5700,2003200
20151208,76.7100,78.3600,76.6400,78.3600,2369800
20151209,76.1100,77.3900,75.1400,76.3600,2082400
20151210,74.6900,76.8200,74.5200,76.0900,2360300
20151211,74.6300,75.6800,74.0000,74.2200,1891700
20151214,74.0800,75.3500,73.2500,74.5000,1353000
20151215,73.7200,74.9000,73.0400,74.3600,2440200
20151216,75.8400,76.0500,73.6000,73.9500,1799200
20151217,71.9200,76.4100,71.8500,75.7800,2205300
20151218,70.0100,71.5700,69.7900,71.3900,5897900
20151221,70.1300,71.0000,69.7000,70.6900,2177600
20151222,71.8900,72.3800,70.1800,70.6000,1610300
20151223,73.8800,74.1900,72.0100,72.3000,1733200
20151224,73.7700,74.3400,73.2700,73.6800,715400
20151228,73.5400,74.0400,72.9000,73.5200,1540700
20151229,74.4100,74.8600,73.3000,73.4100,1366700
20151230,74.2700,74.9000,73.3500,73.9300,1108200
20151231,74.6700,75.9900,73.5300,73.5700,1329700
20160104,73.7200,74.5800,72.8700,73.1800,2812300
20160105,73.9800,74.3600,73.1800,74.0300,1616100
20160106,70.5800,74.0000,70.3900,73.1800,2787300
20160107,69.1700,70.4400,69.0300,69.4800,2585100
20160108,69.7300,70.4100,68.8100,69.4400,1274400
20160111,69.7700,70.5400,68.6600,70.0100,1635300
20160112,71.2700,71.4300,69.5200,70.3000,1185100
20160113,68.3600,71.6200,67.7400,71.4900,1515300
20160114,68.4200,69.4400,67.3100,68.4500,1969800
20160115,67.6600,68.0600,66.3000,66.3000,1342200
20160119,65.8800,68.6300,65.3900,68.6300,1774700
20160120,64.3500,65.3700,62.2100,64.6000,3016800
20160121,64.5400,65.0300,62.2000,63.4800,3505100
20160122,67.4100,72.2100,66.0600,70.2800,4636700
20160125,65.2000,67.1800,64.6200,67.1300,1939700
20160126,67.4700,68.1100,65.4700,65.8500,1141100
20160127,67.0600,68.8000,66.6700,67.6400,842400
20160128,69.3500,69.9200,67.9600,68.2200,1708700
20160129,70.8800,71.7600,69.0800,69.6400,1128200
20160201,72.2700,72.5200,69.8600,70.0000,1666600
20160202,69.9900,71.8200,69.9400,71.4100,1550500
20160203,71.3500,71.3900,69.6000,70.7400,1115200
20160204,75.6800,76.3300,71.3200,71.3200,2661900
20160205,75.7100,76.5100,74.8600,75.5300,1682900
20160208,77.2600,77.8200,73.5000,74.6200,2221800
20160209,78.5900,79.5700,76.0200,76.4900,2860900
20160210,78.2500,79.5800,77.2700,79.0300,2267600
20160211,77.5400,78.0800,75.3700,76.8500,2730100
20160212,79.4000,79.9700,77.5000,78.7800,1480500
20160216,80.6300,81.1800,79.0200,80.3000,1172600
20160217,82.6700,82.7400,80.9800,81.1700,1718100
20160218,80.5000,82.4100,80.0100,82.3300,1683000
20160219,82.7100,82.8100,79.6100,80.1900,2048800
20160222,83.0100,84.7600,82.7000,83.5000,1685000
20160223,81.3000,82.6300,80.1500,81.7400,1607900
20160224,81.1700,81.4000,79.0700,80.3300,1758600
20160225,82.3400,82.4600,79.8800,81.4100,1458800
20160226,83.9300,85.2700,82.7000,83.6000,1475500
20160229,81.7100,83.9700,81.5400,83.7200,1510900
20160301,84.3800,84.8800,82.0400,82.5200,1366500
20160302,85.5500,85.6200,84.0300,84.4900,1428300
20160303,86.4200,86.6800,84.4900,85.4400,1500200
20160304,86.6500,88.0000,85.5900,86.2500,2579100
20160307,86.5300,86.5500,84.8100,86.0700,1726500
20160308,83.7900,87.0300,83.2900,86.1200,1549700
20160309,83.4400,85.0800,82.9900,84.4700,1285600
20160310,82.4300,85.3000,81.4300,83.7800,1936700
20160311,85.3200,85.4100,82.7400,83.1400,1097500
20160314,86.0400,86.4300,84.5900,85.0000,1593200
20160315,84.6000,85.0000,82.8100,84.9400,1339200
20160316,84.9200,85.6000,83.5600,84.5600,853100
20160317,87.3500,87.4600,84.2300,85.1400,1385700
20160318,87.5100,88.8400,87.2700,87.3700,2169200
20160321,86.5200,88.0000,86.3500,87.5100,1089400
20160322,85.4500,86.1400,85.0600,85.8500,1156900
20160323,85.3500,86.2300,84.6000,85.3100,841100
20160324,84.9400,85.3900,83.5800,84.4500,925500
20160328,83.9300,85.0500,83.1400,84.8300,1589300
20160329,85.3200,85.4100,82.8700,83.3300,1129700
20160330,85.8000,86.2700,84.5200,85.6900,1131700
20160331,85.4500,86.0200,84.3400,85.7700,1140600
20160401,85.8200,86.0300,83.0000,84.1300,1643600
20160404,85.9500,87.1100,85.3300,85.6300,1061400
20160405,86.5800,87.0400,84.6900,84.9100,1145400
20160406,85.8800,86.6500,83.8300,86.6000,1144100
20160407,85.2700,86.0400,84.0200,85.0900,1104300
20160408,87.8700,88.8200,86.1000,86.2900,1300800
20160411,87.9600,90.0000,87.2300,88.0400,1685000
20160412,87.4400,88.7400,86.7100,88.4300,1589700
20160413,90.5400,91.1000,88.1500,89.3100,2489700
20160414,91.1600,91.8100,89.6000,90.6000,1568800
20160415,91.4600,91.9500,90.7400,91.2600,1365300
20160418,91.4700,92.0500,89.9100,91.0400,1845000
20160419,96.0200,96.1400,93.1000,95.4800,2993100
20160420,96.4900,97.8000,95.3700,97.3600,2324900
20160421,96.9200,97.6000,95.7400,96.7000,1997100
20160422,98.2200,98.9900,97.2700,97.3400,2305500
20160425,96.9200,98.0100,96.1200,97.7500,1370600
20160426,97.0200,97.8300,96.0400,96.8400,1356300
20160427,97.7400,98.1600,96.1600,96.8800,1102200
20160428,96.0400,97.7500,95.6500,96.2700,852800
20160429,94.7500,97.0500,93.8200,96.0000,1393900
20160502,95.2400,95.7700,94.1600,95.5500,1793100
20160503,93.5900,94.5100,92.1900,94.5100,1700300
20160504,93.0500,93.8400,92.2600,93.3300,1193000
20160505,92.3700,94.0000,92.3000,93.1900,738900
20160506,93.1700,93.4800,91.2000,91.7400,1382800
20160509,91.5000,94.0500,91.3900,92.9100,1466500
20160510,93.1700,93.7300,91.7600,92.0800,1528700
20160511,91.7700,94.0200,91.7400,93.3400,1123800
20160512,90.1800,93.5400,89.0200,92.2600,1453300
20160513,87.9700,91.1800,87.2700,90.0800,1401200
20160516,88.7300,89.2700,87.7100,88.0600,1790400
20160517,90.1600,91.8500,88.4600,88.6600,1658300
20160518,91.4900,92.2300,89.2900,89.7200,1968100
20160519,90.5100,90.8300,88.7800,90.1300,1230500
20160520,91.0700,91.7300,90.5400,91.1400,778900
20160523,90.6000,91.5800,90.3200,91.1100,1364100
20160524,91.0100,92.0800,89.6800,90.8300,1467100
20160525,93.4900,93.6100,90.8400,91.2200,1398500
20160526,93.4200,94.5100,92.5200,93.9300,1186600
20160527,93.3700,93.5100,92.4000,93.4700,611000
