20150529,40.1200,40.3200,39.9800,40.3200,2262200
20150601,40.0100,40.3500,39.8500,40.2100,1050800
20150602,40.4300,40.6400,39.9000,39.9600,1149700
20150603,40.7300,40.9100,40.1900,40.4400,1134900
20150604,40.1400,40.6800,40.0700,40.5500,1005000
20150605,40.1300,40.4800,40.0700,40.2900,1006900
20150608,39.7200,40.2400,39.7200,40.0700,1002900
20150609,39.6600,39.9900,39.5900,39.7000,921900
20150610,40.5900,40.6900,39.7900,39.9000,1318900
20150611,40.4700,40.7100,40.3500,40.6300,813500
20150612,40.0100,40.3300,39.8700,40.3300,888600
20150615,39.5100,39.8300,39.3100,39.6400,1182300
20150616,39.5400,39.6800,39.3600,39.4200,1427800
20150617,39.4700,39.8100,39.4500,39.7600,1317600
20150618,39.6500,39.8300,39.4800,39.7000,1654300
20150619,39.2700,39.5900,39.2300,39.3700,1619100
20150622,39.6100,39.7500,39.4200,39.5800,1342000
20150623,39.5700,39.7300,39.4900,39.7000,1097700
20150624,39.1400,39.5500,39.1300,39.5000,1193100
20150625,38.7600,39.5500,38.7300,39.5500,1113500
20150626,38.9700,39.0100,38.6100,38.9100,1889100
20150629,38.1800,38.7700,38.1400,38.5000,1300100
20150630,38.5100,38.6600,38.2700,38.6200,1901000
20150701,38.8500,39.1700,38.6200,38.9400,1355300
20150702,38.6900,39.0300,38.6100,38.8600,888300
20150706,38.6000,38.7700,38.1700,38.2200,1290200
20150707,38.8600,38.9800,38.2300,38.6100,1340500
20150708,38.2100,38.6300,38.1200,38.4500,1066900
20150709,38.4000,38.7900,38.3700,38.7600,1336600
20150710,38.8300,39.0300,38.5200,39.0300,1015400
20150713,39.1700,39.2100,38.9100,39.0500,809100
20150714,38.9500,39.1500,38.8200,39.0900,1136000
20150715,38.8800,39.1300,38.7700,39.0400,1106800
20150716,38.9700,39.2000,38.7900,39.1200,856100
20150717,38.5700,38.8800,38.5500,38.8200,979800
20150720,38.4200,38.6700,38.2400,38.5800,1198700
20150721,38.3500,38.7700,38.2900,38.4400,1413900
20150722,38.1100,38.9000,37.9900,38.3100,1265500
20150723,37.7900,38.3400,37.7500,38.1700,1069700
20150724,37.8200,37.8800,37.5500,37.7300,2442400
20150727,37.7600,37.8100,37.3800,37.5200,2285800
20150728,38.1500,38.3300,37.8700,37.8700,2353300
20150729,38.3000,38.6300,38.1400,38.1700,3494800
20150730,38.3100,38.5200,38.1400,38.2400,1546900
20150731,38.1100,38.4500,38.0700,38.3100,1295200
20150803,37.0900,37.7600,36.7100,37.6500,2708800
20150804,37.5100,37.5400,37.0200,37.2100,1855100
20150805,37.7000,38.0300,37.6000,37.7100,1657700
20150806,37.9700,38.0400,37.5500,37.6900,1470200
20150807,37.9400,38.1400,37.8400,37.8600,1447100
20150810,39.0500,39.0500,38.1100,38.1500,2021700
20150811,39.0300,39.1000,38.5700,38.6100,2048200
20150812,38.8000,38.9500,38.4200,38.7700,1406800
20150813,38.8100,38.9200,38.5600,38.7100,1295200
20150814,38.9900,39.0300,38.7800,38.7800,1281500
20150817,38.8200,38.8500,38.2800,38.7600,1262600
20150818,38.7700,39.0100,38.6700,38.7300,1045900
20150819,38.4500,38.6900,38.2800,38.4300,956700
20150820,37.7900,38.2900,37.7800,38.1300,1302800
20150821,37.0800,37.7200,37.0700,37.4900,3707600
20150824,36.1100,36.9600,35.2100,35.4000,4553700
20150825,35.3600,37.1800,35.3100,37.1800,2999600
20150826,35.7900,36.2000,35.3600,36.2000,2360800
20150827,36.5200,36.5400,35.7000,36.1600,2801100
20150828,36.5300,36.7300,36.2200,36.3500,1958600
20150831,36.4500,36.5600,36.1600,36.3200,2040400
20150901,35.7200,36.1600,35.5000,35.7500,2469600
20150902,36.0600,36.1500,35.5700,35.9800,1347800
20150903,36.4800,36.8100,36.1200,36.1200,1559900
20150904,36.0900,36.2900,35.9000,36.0000,2068700
20150908,36.6100,36.6700,36.2000,36.6400,1840300
20150909,36.0900,36.9900,36.0400,36.9600,1169200
20150910,36.2400,36.5400,35.8900,36.0500,1488900
20150911,36.3100,36.3200,35.8900,36.1000,1098000
20150914,36.1000,36.3900,36.0100,36.2900,1151300
20150915,36.3700,36.4100,35.9800,36.2100,1736400
20150916,36.5600,36.6200,36.3300,36.4100,1007500
20150917,36.2700,36.8600,36.2100,36.5800,1302700
20150918,35.8100,36.1000,35.6200,35.7000,3498300
20150921,36.2300,36.2900,35.8900,35.9700,1695500
20150922,35.8800,36.0800,35.6900,35.7800,1289000
20150923,35.6900,36.8700,35.5300,35.8400,1479100
20150924,35.7200,35.9100,35.2900,35.3500,1545100
20150925,35.9700,36.2500,35.8200,36.0500,1148900
20150928,35.4000,35.8100,35.3800,35.7300,1724700
20150929,35.6500,35.7000,35.3400,35.4100,1262200
20150930,36.1400,36.2800,35.9100,35.9800,1401700
20151001,35.3700,36.2800,35.0800,36.1600,2974900
20151002,35.5500,35.6300,34.4000,34.7100,2597900
20151005,36.6400,36.7400,35.8500,35.8800,3091200
20151006,36.7400,36.9500,36.4700,36.6000,2705700
20151007,36.5500,37.1000,36.4300,36.9400,1960100
20151008,36.7800,36.7800,36.4500,36.4500,3211200
20151009,36.2900,36.8600,36.2200,36.8000,3826000
20151012,36.3300,36.4600,36.0000,36.2700,4107900
20151013,36.0300,36.3900,36.0000,36.1500,3548000
20151014,35.6400,36.1300,35.5600,36.0700,1554200
20151015,36.0100,36.1100,35.5000,35.7700,1392000
20151016,36.1800,36.2800,35.9800,36.0700,1605100
20151019,36.1100,36.2800,35.9800,36.0700,1527600
20151020,36.4300,36.5400,35.8700,36.0700,1472700
20151021,36.2500,36.6500,36.2200,36.5200,864800
20151022,36.5900,36.7100,36.4100,36.4100,1626200
20151023,36.7000,36.8700,36.5300,36.7800,1250400
20151026,36.6200,36.8200,36.5600,36.6800,969400
20151027,36.1200,36.4500,36.0300,36.3900,1039300
20151028,36.8500,36.8500,36.2000,36.2300,1089000
20151029,36.8000,36.9500,36.5200,36.7000,1184900
20151030,36.4600,37.0000,36.4500,36.8600,1382900
20151102,37.5800,37.6700,35.8200,36.0100,1914300
20151103,37.2700,37.7500,37.2000,37.4700,1256200
20151104,37.0200,37.4500,36.9700,37.2700,1097200
20151105,37.2400,37.3200,36.9000,37.0400,10926700
20151106,37.8000,37.8100,37.2100,37.3900,1157400
20151109,37.6300,37.8800,37.4700,37.8000,1386500
20151110,37.8300,37.9000,37.5000,37.5800,634500
20151111,37.5300,37.9500,37.4500,37.8500,660700
20151112,37.0300,37.4900,37.0200,37.2900,906800
20151113,36.9600,37.3500,36.9100,36.9700,943400
20151116,37.5700,37.5700,36.7900,36.7900,1036600
20151117,37.4900,37.8400,37.2300,37.6000,1137700
20151118,37.9700,38.0200,37.5700,37.5700,945900
20151119,37.8600,37.9900,37.7000,37.9500,806100
20151120,37.9100,38.1900,37.7600,37.9800,707700
20151123,37.7600,37.9900,37.7500,37.9100,491500
20151124,37.8600,37.9600,37.5600,37.6200,685300
20151125,37.7700,37.8500,37.6900,37.8500,507000
20151127,37.7200,37.9100,37.5800,37.7900,313300
20151130,37.8900,38.1400,37.5300,37.7500,1473700
20151201,38.3100,38.3400,37.5100,38.0500,1148800
20151202,38.2500,38.4000,38.1400,38.2700,1661400
20151203,37.5000,38.3400,37.3900,38.3400,1826600
20151204,38.4100,38.5400,37.4600,37.5300,1691300
20151207,38.3300,38.4600,38.1100,38.2800,1021600
20151208,38.0200,38.2700,37.8300,38.0000,1852500
20151209,37.2000,38.2900,37.0800,37.8500,1511400
20151210,37.8000,38.0300,37.1700,37.1700,2192600
20151211,36.9200,37.3600,36.8700,37.2700,1461500
20151214,36.7700,37.2600,36.6100,36.9900,1773700
20151215,37.4100,37.5600,36.9900,37.2300,1385300
20151216,37.7600,37.8300,37.2300,37.6700,1046600
20151217,36.9600,37.8500,36.9500,37.7800,1086800
20151218,36.6800,36.8800,36.2800,36.8800,2918300
20151221,37.0400,37.0600,36.6600,36.8100,1294700
20151222,37.8000,37.8700,36.8600,37.1400,1063800
20151223,38.4700,38.5500,37.9200,38.0500,1320300
20151224,38.4700,38.6100,38.1800,38.5000,410300
20151228,38.3400,38.4200,38.1900,38.2800,902600
20151229,38.8000,38.8600,38.5000,38.6400,776600
20151230,38.5100,38.8800,38.4500,38.7000,760000
20151231,38.4000,38.7300,38.1900,38.3700,1284500
20160104,37.7800,37.8200,37.1500,37.7500,1629400
20160105,37.8900,38.0100,37.7000,37.7600,1177600
20160106,37.0500,37.4100,36.7900,37.2800,1254600
20160107,36.1600,36.8200,36.1300,36.3200,1448200
20160108,35.9000,36.5300,35.8600,36.3600,1651200
20160111,35.8500,36.1900,35.5300,36.0800,1543400
20160112,35.9000,36.2600,35.5100,36.1400,1879200
20160113,35.1800,36.1800,35.0700,35.9800,1631500
20160114,35.7800,36.0100,35.1700,35.3100,1496100
20160115,35.4500,35.5400,34.9200,34.9200,1690900
20160119,35.0700,35.9200,34.7300,35.9200,1666600
20160120,34.2700,34.7600,34.0800,34.4000,3372400
20160121,34.3800,34.8100,34.2000,34.2200,1800200
20160122,35.0000,35.1500,34.5300,34.9900,1018500
20160125,34.2100,34.9500,34.1500,34.9100,1016100
20160126,34.6300,34.8600,34.2600,34.3500,994400
20160127,35.5400,35.9100,34.7500,34.8000,1823800
20160128,35.9700,36.1500,35.4900,35.9000,970800
20160129,37.0100,37.0300,36.1400,36.2100,2000100
20160201,36.9800,37.1900,36.5500,36.8000,1082100
20160202,36.2200,36.6900,36.1000,36.5800,1342500
20160203,36.3000,36.5700,35.3900,36.5100,1853600
20160204,36.5500,36.6500,36.0400,36.3000,1702700
20160205,36.2900,36.7400,36.1500,36.5000,1590400
20160208,36.3200,36.5500,33.8400,33.8700,2427500
20160209,36.3800,36.6200,35.7100,35.9000,1565200
20160210,36.2800,36.9600,36.2500,36.5400,1514900
20160211,35.5400,35.8300,35.1900,35.3800,1457300
20160212,35.8600,36.1100,35.4100,35.5800,1768000
20160216,36.5300,36.6600,36.0800,36.6600,1221600
20160217,37.3900,37.5100,36.8600,36.8600,1720700
20160218,37.2300,37.5100,37.1500,37.4100,707500
20160219,36.9200,37.1700,36.8800,37.1300,963600
20160222,37.4500,37.5100,37.2500,37.3300,988200
20160223,36.5000,37.4900,36.4200,37.2700,1050200
20160224,36.1800,36.2300,35.7900,36.0400,1291500
20160225,36.4400,36.4400,35.9900,36.1900,1491400
20160226,36.6200,37.1900,36.3200,36.6000,1278300
20160229,36.3500,36.7300,36.2600,36.5400,2878000
20160301,37.2600,37.4000,36.6000,36.7300,1142400
20160302,37.3800,37.5400,37.1300,37.3200,1409300
20160303,37.6800,37.7000,37.2700,37.3900,1064000
20160304,37.8700,38.0600,37.5200,37.7100,1122800
20160307,37.3900,37.6700,37.3100,37.5100,1273300
20160308,36.6700,37.1600,36.6500,37.0800,1232500
20160309,36.3700,36.9500,36.2300,36.9500,1365300
20160310,36.5900,36.6700,36.0500,36.5200,1738400
20160311,37.7200,37.7600,36.8300,36.9400,1434700
20160314,37.6300,37.7700,36.6300,37.5600,1059500
20160315,37.6100,37.6300,37.1200,37.1200,901800
20160316,37.7700,37.8700,37.4300,37.5700,1062600
20160317,38.7600,38.8600,37.6500,37.7500,1337400
20160318,39.3700,39.4000,38.7800,38.9200,3848400
20160321,39.3400,39.4600,39.0600,39.1900,937700
20160322,39.2500,39.6200,39.0700,39.2000,857100
20160323,38.6400,39.3200,38.6200,39.2200,1031700
20160324,38.3600,38.5300,38.1900,38.3600,744200
20160328,38.3700,38.5100,38.2600,38.3000,830300
20160329,38.2700,38.3800,37.9900,38.2800,779700
20160330,38.5500,38.8200,38.4400,38.5700,531800
20160331,38.2600,38.6000,38.0700,38.4900,1007900
20160401,38.5300,38.5800,37.9100,38.0700,657200
20160404,37.9600,38.6300,37.9100,38.6000,481800
20160405,37.6900,37.9700,37.6000,37.6900,781900
20160406,37.6900,37.8800,37.3400,37.7000,625500
20160407,37.5200,37.5400,37.2500,37.4200,1359700
20160408,37.9200,38.0400,37.7800,37.8100,1031100
20160411,38.2200,38.4700,38.0400,38.0700,999100
20160412,38.6900,38.7100,38.2000,38.3100,1023200
20160413,39.4500,39.4500,38.7600,38.8200,1038100
20160414,39.5100,39.6600,39.3000,39.4500,722500
20160415,39.3500,39.5800,39.2500,39.4800,987000
20160418,39.4400,39.5000,38.7900,39.1600,779300
20160419,39.7400,39.9700,39.4700,39.6200,968300
20160420,39.9500,40.0900,39.5500,39.7800,406900
20160421,39.1400,40.0000,39.0800,39.8400,703400
20160422,39.8600,39.8800,39.2200,39.3300,644800
20160425,39.6800,39.7100,39.3200,39.6500,555700
20160426,40.0900,40.2100,39.8700,39.8700,709300
20160427,40.2400,40.5000,40.1400,40.1400,818300
20160428,39.7500,40.1600,39.6700,39.8600,662600
20160429,39.6800,39.8400,39.3500,39.6800,1159400
20160502,40.1500,40.5700,39.7500,39.7500,1105800
20160503,39.8600,40.0400,39.6500,39.8200,855100
20160504,39.7600,39.9500,39.5200,39.6800,737700
20160505,39.7100,39.9900,39.5700,39.8600,592000
20160506,39.6600,39.8300,39.5100,39.5600,922200
20160509,39.4200,39.7600,39.4100,39.5700,926400
20160510,39.9900,40.0100,39.5000,39.5500,1174700
20160511,39.6000,40.0100,39.6000,39.9300,703000
20160512,39.6500,39.9500,39.4400,39.8100,811100
20160513,39.3700,39.9100,39.3300,39.5600,555000
20160516,39.8300,39.9500,39.2100,39.3900,934700
20160517,39.6800,40.1400,39.5300,39.8100,1142900
20160518,40.3000,40.4000,39.5700,39.5700,892200
20160519,39.8900,40.3000,39.7400,40.0100,1424000
20160520,40.1700,40.5000,40.0100,40.0600,1366700
20160523,40.0800,40.2600,40.0000,40.1600,514000
20160524,40.2500,40.5800,40.1900,40.1900,892500
20160525,40.2300,40.6700,40.2200,40.4200,1063300
20160526,40.4700,40.5800,40.1800,40.2700,787500
20160527,40.6500,40.7600,40.4400,40.4400,795500
