20150529,86.5200,87.5800,86.4600,87.0600,1303700
20150601,86.4100,86.8200,85.9800,86.5900,1304700
20150602,86.1900,86.8900,85.8600,86.3700,1172800
20150603,86.1600,86.7900,85.2800,85.7900,1504800
20150604,87.1700,88.2600,86.1700,86.1700,2007500
20150605,85.4600,87.0600,85.4400,86.9500,1659100
20150608,84.1100,85.4200,84.0000,85.3900,1888600
20150609,83.9300,84.5900,83.4200,84.0100,1521900
20150610,84.7400,84.9500,83.8300,83.9600,1744800
20150611,84.6900,85.5700,84.5700,84.9800,1109600
20150612,84.6800,85.0100,83.9100,84.3100,1466000
20150615,84.2400,84.5000,83.5000,84.0300,1300100
20150616,84.5000,84.7600,83.8700,84.3100,1174800
20150617,84.7700,85.2000,84.2900,84.5300,1318800
20150618,86.0800,86.7100,84.8100,84.9300,1394600
20150619,85.6300,86.4200,85.4400,86.0300,4845200
20150622,86.8700,87.3500,86.1700,86.1900,2021600
20150623,87.5800,87.8700,86.9900,87.0900,1782600
20150624,86.7300,87.8800,86.6300,87.4800,982200
20150625,87.0700,88.2500,87.0600,87.7400,1005100
20150626,88.0600,88.4300,87.5400,87.5500,3080300
20150629,85.0800,87.5800,84.9400,87.1200,1315900
20150630,85.7300,86.3500,85.3500,85.9200,1690000
20150701,86.1400,86.5000,85.4900,86.3400,1543400
20150702,86.3600,86.6100,85.6100,85.8900,2126400
20150706,86.1300,87.3200,85.4800,85.6100,1794900
20150707,87.0000,87.1800,85.0500,86.3300,1974700
20150708,85.9900,87.4200,85.9900,86.5800,1980400
20150709,83.9200,86.7000,83.6200,86.5100,3768700
20150710,84.4400,85.2500,84.2200,84.4200,1879900
20150713,84.9800,85.5000,84.7700,85.1800,1597800
20150714,84.0000,85.2600,83.9700,84.9800,2092200
20150715,84.1200,84.6900,83.7000,84.1100,1516900
20150716,84.5000,84.7800,84.0000,84.5400,1111500
20150717,83.1800,84.3000,82.8700,84.0200,1831600
20150720,83.6100,83.8400,82.9600,83.1800,1166500
20150721,83.7400,83.9100,83.3300,83.5800,1343700
20150722,83.8700,84.6200,83.2800,83.7200,1386500
20150723,83.6200,84.4200,83.4400,84.2000,1238800
20150724,82.9600,84.0600,82.9200,83.9600,2452800
20150727,81.0500,82.9700,80.8600,82.5100,2232300
20150728,81.3900,81.6000,80.4200,81.1300,1849200
20150729,82.7400,83.0800,81.1700,81.2700,1463500
20150730,81.3400,82.9500,81.2700,82.6200,1499700
20150731,80.7200,82.2000,80.6600,81.9100,1619600
20150803,82.1900,82.2700,80.7000,80.8200,2509000
20150804,83.2000,83.2900,81.9600,82.1300,1626700
20150805,84.4900,84.8500,83.5300,83.5300,2092500
20150806,81.8000,84.9600,80.6900,84.4600,3059900
20150807,81.6600,82.0300,80.6000,81.7200,1538100
20150810,83.3900,83.6500,82.0200,82.3300,1323900
20150811,82.4900,83.4100,82.0000,82.6200,1279000
20150812,81.1000,81.5200,78.4500,80.6600,3107300
20150813,80.7000,81.4300,80.5600,81.1300,1208900
20150814,80.9900,81.3000,80.5100,80.8000,1443800
20150817,81.5100,81.6200,80.1300,80.9000,1074100
20150818,81.3500,81.9600,81.0200,81.5000,1272000
20150819,81.1800,81.6900,80.3000,80.4500,1937600
20150820,83.9400,84.3000,79.5000,79.5200,3783400
20150821,80.2900,83.3200,79.9600,83.0300,4021200
20150824,78.0700,80.0400,75.1100,76.6300,3309100
20150825,77.8700,80.3200,77.8300,80.1600,2890100
20150826,81.3600,81.5300,78.4200,79.8200,2456200
20150827,82.8100,82.9500,81.1000,81.9800,2023900
20150828,83.6400,84.1800,82.6900,82.7600,1992300
20150831,83.9000,84.3500,83.0900,83.5100,2591600
20150901,83.8500,84.2600,81.9300,82.0800,2923400
20150902,85.7300,86.0100,83.3200,84.6800,3411000
20150903,89.2800,90.7700,87.1100,87.1100,3989900
20150904,90.3800,90.8600,88.0000,88.5500,3230200
20150908,92.7200,92.7900,90.4000,91.7600,3085500
20150909,90.6400,93.4100,90.5200,92.9700,2425500
20150910,91.5900,92.2200,90.7100,90.7600,2657100
20150911,92.3200,92.4300,90.4000,90.9700,1557400
20150914,92.1500,93.2900,91.8200,92.5500,1501300
20150915,91.7700,92.3100,91.1800,92.0200,1555700
20150916,92.7000,92.8100,91.0700,91.7600,1389900
20150917,92.0900,93.3500,91.7300,93.1500,1798100
20150918,91.9300,92.4000,90.3700,90.8400,4382300
20150921,92.2100,93.1800,91.6700,92.7200,1343200
20150922,91.7800,92.0500,90.6900,91.3600,1330400
20150923,91.9600,92.6800,91.5300,92.0400,914700
20150924,91.8400,92.0600,91.0800,91.2300,953600
20150925,91.8000,93.1100,91.1700,92.2300,992600
20150928,89.4200,91.9700,88.9300,91.2900,1247600
20150929,89.3900,89.8500,88.4800,89.7500,1048300
20150930,90.1300,91.1600,89.8200,90.4400,1770500
20151001,91.3100,91.3900,89.6400,90.1000,1915800
20151002,93.0600,93.0600,89.9000,90.3900,1571800
20151005,93.8700,93.9800,92.9600,93.2700,1834900
20151006,93.3900,94.3500,92.0900,93.8100,1103500
20151007,94.7000,95.2400,92.4200,92.4200,2038900
20151008,96.5300,97.4900,95.3100,95.9600,2808800
20151009,96.3400,96.5100,95.5600,96.5000,1455200
20151012,96.8300,97.1000,96.0700,96.2500,1685700
20151013,96.5400,97.2600,96.2900,96.7000,895900
20151014,95.4100,96.7700,94.9900,96.3500,742100
20151015,96.0400,96.2300,94.8500,95.8800,1034600
20151016,96.8200,97.1000,95.5700,96.4600,754900
20151019,97.1800,97.4100,96.3100,96.6700,1089400
20151020,96.3800,97.5300,96.3200,96.8000,1332800
20151021,96.5200,97.7000,95.7100,97.0000,1079800
20151022,96.7600,97.1800,96.4100,96.9600,1467400
20151023,93.8800,97.9300,92.7400,97.7800,2407300
20151026,95.9200,96.2900,93.7600,94.0600,1404400
20151027,94.6600,96.1100,94.4800,95.7200,1448900
20151028,95.6500,95.7700,93.9100,94.2300,819000
20151029,94.7200,95.5300,93.5400,95.3600,1075900
20151030,95.9800,96.6500,94.0200,94.5600,1439800
20151102,96.4500,96.8400,94.4500,95.7700,1869900
20151103,99.3800,100.0800,98.0000,98.5000,2301600
20151104,100.2200,101.1100,99.6800,101.1100,2209500
20151105,99.1200,100.6700,98.4500,100.4200,2109700
20151106,96.8800,99.5900,96.5400,98.7700,1988100
20151109,93.6900,95.6500,92.1200,95.5000,4272800
20151110,95.1500,95.2600,93.5300,93.6800,1544400
20151111,92.8000,94.9500,92.2600,94.9300,1567700
20151112,93.0200,93.7100,91.8100,92.1300,1788000
20151113,90.5900,92.0300,89.9300,91.4800,2933400
20151116,91.4700,91.5200,89.4500,90.2900,1876100
20151117,90.8200,92.6500,89.7500,91.7000,2145600
20151118,92.2300,92.4200,89.8300,90.4500,2649500
20151119,92.1300,93.8400,90.0400,91.2300,2800300
20151120,93.9400,94.7100,92.8300,92.8300,1702700
20151123,95.0600,95.6500,93.9400,93.9400,1641500
20151124,96.8800,97.2100,94.2300,94.2300,1537900
20151125,96.8200,97.7700,96.2000,97.2200,1107700
20151127,96.6800,97.4300,95.7900,97.0600,566600
20151130,95.4100,97.5800,94.9000,97.0100,1978200
20151201,96.0300,96.4000,95.1500,95.8400,1321800
20151202,96.1000,96.7000,95.5000,96.3200,1383700
20151203,95.8700,97.6700,94.9300,96.5200,1437200
20151204,99.4700,99.5900,96.0400,96.0400,1692700
20151207,98.2500,99.4900,97.7100,99.4100,1809800
20151208,98.2600,98.7200,97.1000,97.5700,1539500
20151209,97.6400,99.8300,96.9300,98.0000,1709800
20151210,97.8600,99.2700,97.6900,97.9900,1387400
20151211,96.5600,97.9700,96.1500,97.1000,973200
20151214,97.2100,97.8000,95.8100,96.8300,958200
20151215,96.9700,98.9800,96.9700,98.0000,1169900
20151216,98.3500,98.7200,96.9800,97.7300,831500
20151217,96.5800,98.6700,96.5500,98.3500,1153600
20151218,95.7700,97.1900,95.5700,96.5800,1625100
20151221,94.9500,96.5000,94.3500,96.1300,1206200
20151222,96.5300,96.9300,94.9000,95.3500,959800
20151223,97.5900,97.9300,96.1600,96.7900,630500
20151224,96.8200,97.4700,96.4900,97.3200,257200
20151228,96.6600,97.1000,95.9400,96.5300,458100
20151229,97.8800,98.7100,97.1000,97.4600,660400
20151230,96.6700,98.0600,96.6000,97.9700,595700
20151231,95.8200,96.9500,95.8000,96.5200,1023600
20160104,94.0000,94.7200,93.3100,94.6000,2068000
20160105,96.4900,96.8700,94.0500,94.4300,2132300
20160106,94.6400,96.3200,93.7000,95.3400,2568700
20160107,96.5200,97.3300,93.9000,94.0000,3865900
20160108,93.2300,97.3900,92.8400,96.9500,2554600
20160111,93.0200,94.6200,92.3000,93.6400,1567400
20160112,95.1200,96.8000,93.9500,94.2300,1942900
20160113,92.2500,95.7900,92.0600,95.3200,1771000
20160114,94.2000,94.7900,90.6700,92.1800,2001800
20160115,92.3400,93.6500,90.9000,92.3900,2635200
20160119,93.1500,94.2700,92.1900,93.1800,2063000
20160120,90.7800,92.5400,88.6600,91.8100,2230500
20160121,93.3800,93.7100,90.3900,90.9500,1974800
20160122,95.9200,96.0100,93.6400,94.3200,2703300
20160125,95.2700,96.3900,94.9300,95.8100,1752700
20160126,95.6600,96.7800,94.8500,95.3400,1121400
20160127,93.9700,95.7700,93.2900,95.6300,1385600
20160128,94.4800,95.4000,93.3700,94.9600,1378800
20160129,96.1500,96.8000,95.0400,95.4500,1724900
20160201,96.5600,97.1400,95.3400,95.7200,2853000
20160202,95.2000,97.3500,94.4900,96.2000,1933900
20160203,95.1700,95.9400,93.5300,95.7400,1751200
20160204,88.5700,93.0000,88.5300,91.4000,4862000
20160205,85.0600,88.1300,84.5900,88.1300,4229800
20160208,81.1100,84.7700,79.9300,84.6100,4976700
20160209,82.3100,83.5700,80.8200,80.8300,3890200
20160210,84.0300,84.6400,82.5000,82.6600,2985400
20160211,84.0000,85.0500,82.8100,82.8100,2939500
20160212,81.8700,85.6000,79.3500,84.0000,6179400
20160216,83.3100,83.3200,81.5500,82.8400,3183400
20160217,81.8500,82.6600,81.2800,81.3400,3447000
20160218,83.7000,83.8300,80.7100,81.2200,2796100
20160219,83.9400,84.0700,82.2800,83.2200,2334300
20160222,83.9500,84.4800,83.0400,83.9400,3326600
20160223,83.9200,84.7600,83.2700,83.9100,2254600
20160224,83.1900,83.8500,81.8700,83.7000,2878900
20160225,85.6700,85.9300,81.0400,81.1500,4408600
20160226,84.3800,86.2300,84.2400,85.5200,1876900
20160229,84.7900,85.9000,83.5900,84.4000,1963300
20160301,86.9300,86.9300,84.6300,85.3900,2984700
20160302,87.1700,87.4900,86.0100,86.3900,1630800
20160303,86.6800,87.2500,85.1500,87.2100,2423500
20160304,87.5000,87.9300,86.7900,87.0100,1701900
20160307,85.8900,88.1400,85.3700,87.1400,2749900
20160308,85.9400,86.6200,85.4500,85.7100,2138500
20160309,85.7200,86.3400,85.2000,86.1900,1119200
20160310,86.3300,87.0300,85.3500,86.3200,964000
20160311,86.3200,87.1400,85.7600,87.0000,1058700
20160314,86.5600,86.7900,85.8400,85.9600,1246800
20160315,87.0000,87.8200,86.2800,86.3800,1306100
20160316,87.0900,87.4500,86.3100,86.7700,1239100
20160317,86.7700,87.0300,85.5100,85.9200,1410900
20160318,87.8200,88.7700,86.8700,87.0700,2568100
20160321,86.7700,87.8500,86.6100,87.8000,1214100
20160322,85.7300,86.6600,85.4300,86.5500,2845500
20160323,85.3000,85.7600,85.0000,85.7500,3721400
20160324,85.7900,86.4700,85.1000,85.1900,1177300
20160328,86.7800,87.6400,86.0300,86.2700,1147700
20160329,86.9600,87.1000,86.1000,86.5800,1052500
20160330,88.3700,88.5500,87.2600,87.2700,1420000
20160331,87.8100,88.7600,87.5800,88.2900,1395200
20160401,88.0800,88.7400,87.4700,87.7000,1110700
20160404,86.7000,88.3700,86.2300,88.1000,1344500
20160405,85.6300,86.3200,85.4600,86.1500,1278300
20160406,86.1000,86.6800,85.0100,85.4800,1405300
20160407,84.1500,87.1600,83.7500,86.0100,3089000
20160408,80.5000,83.5500,79.8700,82.9900,5276100
20160411,79.2800,81.2800,79.1800,80.8400,3640000
20160412,79.0700,79.4700,75.9100,77.3000,9301400
20160413,79.8100,80.1400,79.0400,79.4300,1970300
20160414,80.8700,81.0700,79.0900,79.5700,2742100
20160415,82.2600,82.3100,80.6300,81.0000,3172900
20160418,81.3700,82.1500,80.6200,81.9200,2315600
20160419,79.3300,81.9000,79.2000,81.6200,2719500
20160420,78.1600,79.2000,77.3100,78.8300,5924000
20160421,77.2100,78.6800,77.0200,77.8800,2051200
20160422,76.7600,77.5100,76.4500,77.4300,2132000
20160425,77.8900,78.4700,76.7600,77.3800,2633300
20160426,78.4500,78.7200,77.7100,78.2600,1432300
20160427,78.8100,78.9500,78.2700,78.6100,1530000
20160428,79.5000,80.0800,78.7600,79.2400,2754600
20160429,78.2900,79.1500,77.5000,79.1000,2028600
20160502,79.5400,80.0400,78.3700,78.5800,2093900
20160503,79.1600,79.5400,78.2000,79.5400,1695400
20160504,80.1800,80.2000,78.3200,78.7300,2347800
20160505,70.5300,73.3700,70.1400,72.5200,17167200
20160506,69.5900,70.6300,69.0000,70.6300,6166300
20160509,70.0300,70.8600,69.2400,69.3000,3877800
20160510,69.1600,70.0300,68.7500,69.5300,2858200
20160511,67.4400,68.9400,67.4200,68.3600,2831200
20160512,67.4200,67.8600,66.9900,67.3600,2287300
20160513,66.7400,68.0300,66.6200,67.2400,3803400
20160516,66.3700,67.2400,66.3700,66.6000,4506600
20160517,65.3700,67.6600,65.0000,66.9000,4705600
20160518,63.7800,64.9000,62.9900,64.7200,6061500
20160519,60.6200,63.3200,60.0000,60.0000,10323100
20160520,63.5400,64.0900,61.0800,61.2800,5801200
20160523,63.2800,64.0000,62.7600,63.6600,3580800
20160524,64.2600,64.6100,63.8700,64.3500,5229900
20160525,66.1500,66.4700,64.2500,64.2500,4274500
20160526,66.4500,66.5900,66.0100,66.4700,4146900
20160527,67.9200,67.9300,66.3000,66.4000,3939600
