20150529,47.8500,48.2900,47.7700,47.9000,2078600
20150601,47.7600,48.2700,47.4500,48.1300,1701100
20150602,47.2900,47.6800,47.0600,47.4700,3167600
20150603,46.9100,47.5400,46.7300,47.4400,1871700
20150604,46.6100,46.9000,46.3900,46.6500,1628500
20150605,46.6300,46.7400,46.1700,46.5400,1081000
20150608,45.9200,46.5500,45.7900,46.5200,1291000
20150609,46.0000,46.1800,45.6000,45.9100,1578300
20150610,46.6600,46.7600,46.1100,46.1800,959100
20150611,46.4800,46.7600,46.4300,46.7500,1070400
20150612,45.7900,46.1800,45.6400,46.1800,1456900
20150615,45.8700,46.0100,45.2000,45.2700,1325200
20150616,46.0000,46.1200,45.6700,45.7400,945300
20150617,46.2400,46.4800,45.9700,46.0000,1044800
20150618,47.0300,47.2000,46.4200,46.4500,1524700
20150619,47.2700,47.3700,46.3700,47.0700,3748500
20150622,47.1500,47.5200,46.9500,47.5000,1954200
20150623,46.5600,47.4300,46.4500,47.3000,1521800
20150624,46.2300,46.6800,46.0400,46.5000,1624600
20150625,46.1900,46.5100,46.1600,46.4600,1048200
20150626,45.3700,46.2200,45.1800,46.1400,2279900
20150629,44.3500,45.3900,44.3100,45.0200,2694700
20150630,44.2300,44.7700,44.1800,44.7700,2816400
20150701,44.2600,44.6300,44.0400,44.5400,2474800
20150702,44.4500,44.6300,44.0100,44.5400,2158800
20150706,43.6500,44.4300,43.4800,44.0700,2605500
20150707,43.7600,43.9700,42.5400,43.4400,3463800
20150708,42.8300,43.3700,42.6300,43.3000,2312800
20150709,42.4800,43.9900,42.4600,43.7100,2173200
20150710,43.0400,43.2800,42.4500,42.8900,1402000
20150713,43.3500,43.4400,42.9100,43.2600,1506700
20150714,43.5400,43.6000,43.3200,43.5000,1285800
20150715,43.2700,43.6600,43.0400,43.4700,2137200
20150716,43.5800,43.7200,42.7200,43.2000,3857300
20150717,43.5700,43.6300,43.2600,43.5700,2581800
20150720,43.0000,43.7200,42.9200,43.5500,2080500
20150721,43.1200,43.5700,42.8500,42.9300,3137300
20150722,40.4100,40.6600,39.4300,40.0000,9666000
20150723,40.9800,41.9100,40.2100,40.3700,6955200
20150724,40.2100,41.1600,39.9200,41.0200,4158300
20150727,40.2700,40.4600,39.6500,39.9300,3216000
20150728,40.7300,40.9400,40.0300,40.6600,2616100
20150729,40.7800,40.8500,40.2300,40.6400,2267200
20150730,40.9900,41.1500,40.1900,40.4100,1853600
20150731,41.0000,41.0700,40.6100,40.9300,3525700
20150803,41.3300,41.4100,40.4500,40.9700,3380200
20150804,41.0500,41.4900,40.8500,41.4500,4102600
20150805,41.5200,41.9900,41.1600,41.2900,2416200
20150806,41.6800,41.9200,41.0000,41.3700,3464800
20150807,41.9100,41.9400,41.3600,41.5300,2273900
20150810,43.0000,43.0500,42.1000,42.1400,2312900
20150811,42.0500,42.8200,42.0200,42.7000,2519100
20150812,41.6500,41.8200,40.6700,41.2000,2556000
20150813,41.1300,41.9400,41.1100,41.7600,1851000
20150814,41.2400,41.3600,40.9700,41.2400,2103700
20150817,41.3000,41.4000,40.7800,40.7900,1756000
20150818,40.5300,41.5000,40.3500,41.3500,2178200
20150819,40.3300,41.1600,40.2500,40.9000,3523600
20150820,39.4400,40.1800,39.4000,39.8700,4559500
20150821,38.5500,39.3500,38.4400,39.2100,5033300
20150824,38.4300,39.6100,36.4100,36.7100,6967900
20150825,37.4100,39.6300,37.3800,39.4400,8322900
20150826,39.7100,39.7300,37.8600,38.2000,4946500
20150827,40.6900,40.8500,39.9200,40.2000,3717300
20150828,40.8100,41.2100,40.2200,40.6100,3276300
20150831,40.2800,40.8300,40.1900,40.6800,2943200
20150901,38.4600,39.7600,38.2500,39.1200,5100600
20150902,39.6600,39.6600,38.6000,39.1900,3887500
20150903,39.8800,40.2200,39.6200,39.6200,2267500
20150904,39.1200,39.5700,38.9300,39.2800,2109400
20150908,41.0900,41.1400,39.8900,39.8900,2353100
20150909,40.3500,41.7700,40.2600,41.3700,2130900
20150910,40.2600,40.7300,39.7800,40.1600,2100500
20150911,40.5700,40.6000,39.6200,39.9500,1921900
20150914,40.5900,40.8700,40.4400,40.6000,1440100
20150915,40.9400,41.3600,40.6900,40.8000,3259700
20150916,41.0100,41.1300,40.5600,40.9400,2537200
20150917,40.6400,41.2900,40.5900,41.0500,2299800
20150918,39.9300,40.6700,39.8100,40.1100,4316400
20150921,39.7400,40.2700,39.4200,40.1700,2005000
20150922,38.8300,39.2700,38.6500,39.1300,2957900
20150923,38.8300,39.9900,38.3300,38.9000,3131600
20150924,38.8900,38.9700,37.7500,38.5800,3222500
20150925,39.0200,39.5200,38.6200,39.2200,2326800
20150928,38.3100,39.1600,38.3100,38.8800,2542200
20150929,38.7300,38.8600,38.0600,38.2700,1879400
20150930,40.3500,40.4500,38.2100,39.2300,3423000
20151001,39.9600,40.8400,39.3000,40.5200,3515200
20151002,40.1500,40.2200,38.8900,39.1400,4398200
20151005,41.8000,41.9300,40.4100,40.4400,3273200
20151006,41.8500,42.0400,41.3700,41.9500,2586900
20151007,42.5400,42.5900,41.7200,42.1700,3016700
20151008,41.7900,41.9600,40.4900,41.7800,8971700
20151009,41.2100,41.8300,41.0200,41.8200,4026300
20151012,41.2400,41.4400,40.8300,41.1900,2647800
20151013,41.1600,41.3000,40.1600,40.9800,4214100
20151014,43.7200,44.2400,41.6300,42.8900,10011800
20151015,44.2900,44.6400,43.6600,44.0900,4162600
20151016,44.0000,44.2500,43.5900,44.1800,3439500
20151019,43.8000,44.2000,43.5000,43.7700,2161900
20151020,43.2900,43.7300,43.1600,43.5900,3766100
20151021,43.4000,44.4100,43.3700,43.5500,3487800
20151022,45.9300,45.9800,44.1000,44.1000,6097600
20151023,46.0200,46.3000,45.4900,46.0900,3702800
20151026,45.3400,46.0000,45.2100,46.0000,1878800
20151027,45.0700,45.4800,44.8400,44.9300,1687400
20151028,45.7200,45.8500,44.9500,45.2800,2743000
20151029,44.2000,45.1300,44.0200,45.1200,3821700
20151030,44.4200,44.6800,44.1700,44.3600,2850800
20151102,44.7600,44.8400,44.3700,44.4200,1858100
20151103,44.6200,44.8300,44.4000,44.5900,1141200
20151104,44.7300,44.7700,44.2800,44.7100,1505400
20151105,44.3200,44.8400,44.2300,44.7000,1631700
20151106,44.9800,45.0000,44.1500,44.3000,1677600
20151109,44.7400,44.9000,44.4400,44.6900,1951200
20151110,44.1300,44.6400,43.9300,44.3000,1906700
20151111,44.4500,44.7400,44.1900,44.2200,1769000
20151112,44.1400,44.8400,44.0300,44.3000,3016600
20151113,43.5600,44.3900,43.4800,44.0800,2813200
20151116,44.2300,44.2400,43.4600,43.5600,2218900
20151117,44.4100,44.7200,43.9500,44.1400,1764600
20151118,45.3700,45.4100,44.3900,44.4500,2039500
20151119,45.6100,45.8500,45.0800,45.3300,1971300
20151120,45.9300,46.1000,45.4900,45.9500,2432800
20151123,45.1100,45.9400,44.9600,45.8800,2185200
20151124,45.3700,45.5200,44.7200,44.9700,2086600
20151125,45.2300,46.0000,45.0100,45.1200,1308900
20151127,45.4700,45.5700,45.0100,45.3400,571000
20151130,45.7200,45.9000,45.3400,45.6600,1735400
20151201,45.9000,46.0800,45.5500,45.9900,1886400
20151202,45.4100,46.2000,45.3400,45.7000,1789000
20151203,44.6900,45.8100,44.3400,45.7000,2805100
20151204,45.6900,45.7100,44.5300,44.7100,2433700
20151207,45.0200,45.6800,44.8700,45.5200,2239500
20151208,44.4000,44.8000,44.1200,44.5300,3003600
20151209,43.7400,44.9100,43.4500,44.2600,2362300
20151210,43.9400,44.2400,43.5600,43.7100,1334000
20151211,43.3200,43.7100,43.2400,43.4700,1882300
20151214,43.5300,43.6400,43.1100,43.4800,1963000
20151215,44.0800,44.4300,43.6900,43.9500,2290200
20151216,44.2600,44.4700,43.7500,44.2800,1935100
20151217,43.3000,44.5100,43.2800,44.4700,2391100
20151218,42.4200,43.0900,42.2700,43.0200,3396100
20151221,43.0100,43.0400,42.4000,42.6000,1696500
20151222,43.1300,43.3300,42.8300,43.1600,1122400
20151223,43.4000,43.4700,43.1900,43.2300,1256700
20151224,43.5900,43.7600,43.3500,43.4500,543600
20151228,43.3900,43.5500,42.9400,43.4500,1437500
20151229,43.9100,44.1700,43.4400,43.6300,1054900
20151230,43.3500,43.9000,43.2200,43.7900,881000
20151231,42.4700,43.7500,42.4700,43.3200,1347100
20160104,42.0100,42.0200,41.5000,41.7300,2962900
20160105,41.9200,42.4100,41.8000,42.2100,2782900
20160106,40.5500,41.4900,40.3000,41.1800,2706400
20160107,39.1900,40.0100,39.0300,39.6900,3607400
20160108,38.7100,39.5000,38.6600,39.3300,2952100
20160111,39.0600,39.2800,38.5200,39.0000,2704800
20160112,39.5100,39.6100,39.0400,39.4700,1930200
20160113,38.8900,39.9900,38.8500,39.4200,3869800
20160114,39.5300,40.3100,38.7700,39.0300,2985600
20160115,38.9500,39.1300,37.3300,37.6200,6775500
20160119,39.5700,40.1000,39.1500,39.5500,4338200
20160120,41.1300,42.3000,39.2900,41.2800,8007400
20160121,42.0100,42.3500,41.3900,41.8900,6304400
20160122,41.7300,42.8500,41.1000,42.7000,3401000
20160125,40.8400,41.6900,40.7800,41.6200,4285600
20160126,41.0800,41.5600,40.6200,40.9800,4338100
20160127,41.2200,41.6400,40.0800,41.1000,3146700
20160128,41.2900,41.8400,40.9100,41.7600,3141200
20160129,42.7300,42.7700,41.5000,41.5200,3816100
20160201,42.5600,42.8600,42.1700,42.3200,2247400
20160202,41.7700,42.3300,41.6600,42.0800,4922700
20160203,41.5400,42.2300,41.0100,42.0600,4092100
20160204,42.0000,42.1200,41.0100,41.6300,2673500
20160205,41.0700,41.9800,40.8900,41.9300,3305400
20160208,40.8700,41.0400,40.3300,40.7200,3388900
20160209,40.9100,41.3100,40.3000,40.4600,2406100
20160210,40.2800,41.3500,40.2300,41.0400,2384100
20160211,41.2100,41.5800,39.6800,39.7500,4296000
20160212,41.6500,42.0000,40.7000,41.9800,2908700
20160216,42.7300,42.9700,41.6700,41.7900,2838900
20160217,43.6500,43.8200,42.6600,42.9300,2688800
20160218,43.0500,43.9600,43.0300,43.8000,2772600
20160219,43.1700,43.5400,42.8400,43.0200,2280200
20160222,43.5400,43.8600,43.1900,43.6400,1515000
20160223,43.0800,43.5600,42.9900,43.1600,1408700
20160224,43.3400,43.4300,42.1300,42.1600,1713900
20160225,43.8100,43.8100,42.9500,43.5200,1258900
20160226,43.8800,44.1300,43.6400,44.1300,1124800
20160229,43.6200,44.1900,43.6100,44.0100,1538900
20160301,42.4400,42.7700,41.8800,41.9900,10493200
20160302,42.3000,42.8300,42.0200,42.0700,14006500
20160303,42.5000,42.7300,41.7700,42.1700,4634600
20160304,42.4200,42.7800,42.1700,42.5400,3865600
20160307,43.4700,43.5500,42.1400,42.2200,3832200
20160308,42.8100,43.5100,42.6100,43.0600,2354300
20160309,43.2000,43.3400,42.6500,42.8600,2048100
20160310,43.2600,43.7000,42.6800,43.3000,1273900
20160311,44.2300,44.2900,43.0400,43.5700,2397500
20160314,43.7100,44.2000,43.5600,44.0500,1667300
20160315,43.7400,43.8000,43.3800,43.5300,1965500
20160316,43.7600,43.8500,43.3300,43.6400,2439300
20160317,43.9900,44.1500,43.5000,43.7000,2879100
20160318,44.5600,44.6600,43.5800,44.1600,3387400
20160321,44.3400,44.4800,43.9600,44.4000,1390100
20160322,44.4000,44.5200,43.8700,44.1100,1135900
20160323,44.1200,44.3900,44.1100,44.3900,832200
20160324,44.2600,44.2700,43.7900,44.0200,968600
20160328,44.1300,44.4900,44.0200,44.3400,787200
20160329,44.5700,44.6900,43.7500,44.0600,1028200
20160330,44.7800,45.0500,44.6000,44.8400,1357500
20160331,44.5600,44.8100,44.4000,44.7000,1747600
20160401,45.0000,45.0500,44.2600,44.4700,1528000
20160404,44.4200,45.1000,44.3600,45.0700,1811800
20160405,44.4600,44.9500,44.3300,44.6400,1737600
20160406,44.9500,45.0200,43.9600,44.2800,1628300
20160407,43.9900,44.9600,43.8900,44.7500,1446100
20160408,44.2900,44.5700,44.0300,44.2700,943000
20160411,44.3500,44.7700,44.3100,44.3900,1252300
20160412,44.7500,44.8700,43.9900,44.3800,1797900
20160413,45.1800,45.2000,44.5000,44.8500,2390600
20160414,45.1200,45.1700,44.5500,45.0900,1158600
20160415,44.9400,45.2000,44.8200,45.1300,2206000
20160418,44.7900,44.9900,44.7100,44.7500,1601600
20160419,44.3500,44.9700,44.2400,44.8800,2748700
20160420,46.1000,46.6900,44.3600,45.3900,4838200
20160421,46.3300,46.8200,46.0200,46.1700,2633100
20160422,46.3800,46.8100,46.0600,46.3100,2481400
20160425,45.9400,46.4700,45.7500,46.3400,2132700
20160426,45.9600,46.6300,45.7500,46.1400,2182400
20160427,46.3700,46.4900,45.3500,45.6500,1938200
20160428,45.6000,46.7200,45.5000,46.0600,2332900
20160429,44.4800,45.4100,44.1800,45.1500,3140300
20160502,44.8600,44.9200,44.2800,44.4600,2087500
20160503,44.1900,44.5000,43.8900,44.3600,2313400
20160504,43.9300,44.1700,43.5200,43.8900,1980600
20160505,43.8800,44.3200,43.6900,44.0900,1798900
20160506,44.2800,44.3200,43.4800,43.5700,1925600
20160509,44.2100,44.5400,43.8800,44.3800,1321300
20160510,44.6200,44.6800,44.0200,44.3100,1414400
20160511,44.2400,44.6600,44.2000,44.2000,1558300
20160512,43.9400,44.5700,43.3600,44.3800,2438500
20160513,43.9300,44.3300,43.8800,43.8900,1371200
20160516,44.8000,45.2300,43.9600,44.0400,2443400
20160517,44.3100,44.9600,44.0900,44.3900,2067400
20160518,44.8600,45.1900,44.0500,44.1100,2252200
20160519,44.5400,44.8200,44.1500,44.6800,1134700
20160520,45.5300,45.7800,44.6700,44.8400,2437600
20160523,45.5100,45.9000,45.4300,45.5700,1278900
20160524,46.9900,47.0000,45.7200,45.7600,2523200
20160525,46.8000,47.2300,46.7300,46.9800,1807300
20160526,47.0600,47.0700,46.7300,46.8700,1377500
20160527,47.1700,47.2500,46.9400,47.1600,1213500
