20150529,78.9000,79.5500,76.0200,76.1500,11917000
20150601,79.0000,79.8500,78.7800,78.9200,4866500
20150602,77.9500,78.7600,77.5100,78.7600,4467700
20150603,77.8300,78.1700,77.2800,78.0000,3270800
20150604,77.6800,78.6000,77.3300,77.3400,3786500
20150605,78.1200,78.2600,76.9900,77.5600,2788900
20150608,78.5200,78.8500,77.8300,77.9800,6065900
20150609,82.7700,82.8900,78.0100,78.3700,10109100
20150610,83.1800,83.4900,81.3100,81.9900,13169400
20150611,86.5900,87.2400,83.0800,83.1100,16740800
20150612,84.2100,86.0000,83.0900,85.8900,12630500
20150615,84.0800,84.6100,83.0900,83.5700,5462700
20150616,84.7800,85.3200,83.6300,83.9100,5694500
20150617,83.5300,84.6800,83.0100,84.6800,5968200
20150618,83.0400,84.3700,82.7500,83.8900,7251500
20150619,82.6300,83.2100,82.3200,82.4700,6907000
20150622,82.9200,83.4400,82.8500,83.3000,3537100
20150623,82.6700,83.7500,82.4500,83.7500,3643500
20150624,82.2600,83.0800,82.2600,82.5000,4212100
20150625,84.8000,86.9000,84.0800,84.1600,9630100
20150626,85.8500,85.9300,84.5800,85.1900,14369800
20150629,83.7800,85.5800,83.7300,85.3500,4441900
20150630,83.4900,84.5700,83.3900,84.5000,4261200
20150701,84.8500,84.9600,83.6000,83.8000,3629100
20150702,86.1400,86.2400,84.6900,85.2100,5128100
20150706,86.3500,86.4400,85.2500,85.3100,5062900
20150707,88.7300,88.7800,86.0600,86.6400,6912300
20150708,87.2500,88.5000,87.1700,88.2700,5330000
20150709,87.4800,88.3100,86.9000,88.0000,4767600
20150710,88.2900,88.4600,87.7000,88.3000,4471200
20150713,88.8200,90.1800,88.6700,89.1400,5940500
20150714,88.7600,89.1000,87.8500,89.0500,6028700
20150715,86.3800,88.1700,86.1000,87.7900,6615900
20150716,87.1700,87.4600,86.5800,86.8000,5578000
20150717,87.3700,87.4400,86.6200,87.0000,4430100
20150720,87.8700,87.9200,87.2700,87.7000,4311000
20150721,85.5700,87.6900,85.5200,87.5800,8065300
20150722,86.3800,86.8000,81.5000,83.3200,12677800
20150723,86.7600,89.8700,85.6200,89.0600,5258500
20150724,84.7200,86.2100,84.1600,86.0000,3460300
20150727,84.1500,84.6100,83.3400,84.5000,5420600
20150728,85.6800,85.7000,84.5000,84.7100,3027800
20150729,85.0900,85.9900,84.7100,85.9100,2711800
20150730,84.5400,84.9700,83.9800,84.2600,3867800
20150731,84.5100,85.2600,84.3800,84.8800,4113600
20150803,84.1400,85.0000,83.5300,84.8100,4815500
20150804,84.0500,84.9900,83.8500,84.4900,2848200
20150805,84.7300,85.0800,83.9700,84.6800,3776800
20150806,82.7000,85.1400,81.2400,85.1400,3866500
20150807,82.2700,82.6900,80.6500,82.5000,4545300
20150810,83.5100,83.7700,82.4400,82.8200,3211600
20150811,83.5400,83.7500,82.7300,82.8100,3205600
20150812,83.3800,83.5000,81.6400,82.7100,2826900
20150813,83.0300,83.7500,82.8900,83.2000,2253900
20150814,83.9100,83.9500,82.7900,82.9100,2280200
20150817,83.4700,83.7800,82.9300,83.2600,2814700
20150818,83.3900,83.9900,83.2300,83.8300,2241400
20150819,83.7700,84.5300,82.5700,83.1400,2651300
20150820,87.3300,88.9500,85.8100,86.8600,10887700
20150821,84.5300,87.7000,84.5300,86.9800,8320000
20150824,80.7300,82.9600,79.5000,81.6000,8620700
20150825,78.2600,82.6000,77.8600,82.1900,6439000
20150826,81.1000,81.3000,77.7700,79.8800,7217800
20150827,83.7400,84.0400,81.7100,81.7900,4703400
20150828,83.1900,84.0000,82.7700,83.7400,4860800
20150831,82.3500,84.4200,82.0500,83.4100,3445300
20150901,79.8000,81.2500,79.4000,80.2500,4300500
20150902,81.8100,81.8300,80.3000,80.7100,3257900
20150903,81.6000,82.8600,81.3400,82.0500,3227700
20150904,80.3200,81.1100,79.6800,80.6400,3416400
20150908,82.8800,82.9800,81.2600,81.4600,2643600
20150909,81.0900,83.5000,80.8900,83.4500,2839600
20150910,80.8400,81.6700,80.5000,81.1200,3667700
20150911,81.8000,81.8500,78.7400,80.6500,3645900
20150914,81.8900,82.2800,81.2800,81.9200,3197200
20150915,82.9600,83.3600,82.1100,82.4300,3532600
20150916,84.4500,84.5300,82.6100,84.1000,3845000
20150917,89.9800,92.8500,84.2800,84.4700,16918100
20150918,88.4900,91.4500,88.3800,90.7000,11578000
20150921,87.5900,89.8100,87.1100,89.1000,6644100
20150922,87.8000,87.9800,86.6200,86.8200,5059500
20150923,86.6900,88.4200,86.5800,88.0000,4863300
20150924,85.3500,86.5400,85.0800,86.4500,5693500
20150925,84.0600,86.4300,83.2300,86.2400,5794900
20150928,79.7400,83.8600,78.5000,83.6800,8295100
20150929,80.2800,82.2000,79.1900,80.3700,7315200
20150930,83.6900,83.7700,81.5000,81.5300,6780700
20151001,85.1800,85.3200,83.4000,83.6000,5350400
20151002,87.5200,87.5500,83.5900,84.1600,5616600
20151005,86.5700,88.4800,85.6000,88.0800,5297400
20151006,84.1700,86.5100,82.0800,86.3900,5521200
20151007,83.9900,84.8500,82.4000,84.3000,5128000
20151008,83.7700,83.9900,81.7900,83.1500,4595400
20151009,86.1400,86.5700,85.0000,85.3300,5115100
20151012,79.4400,80.7500,78.3000,78.5800,26477400
20151013,79.6200,81.2500,79.5400,79.7900,10104700
20151014,79.2500,82.0000,79.0500,80.9700,9495500
20151015,79.8600,80.0800,78.8100,79.3400,6408600
20151016,81.5100,81.5300,79.9600,80.5800,5488100
20151019,80.2500,81.3000,79.4700,81.1300,5869900
20151020,77.7900,80.3400,77.6300,80.1500,7458000
20151021,77.0100,78.3800,75.9200,78.2300,8955200
20151022,76.9800,77.8400,75.1600,77.2200,10075500
20151023,78.3100,79.0800,77.2700,77.5500,5679200
20151026,79.1100,79.8600,77.7700,78.3100,4755200
20151027,80.9100,80.9500,79.5000,79.5000,4771600
20151028,83.0700,83.1000,80.3900,81.2000,5710300
20151029,82.0000,83.5700,81.2900,82.3000,5158600
20151030,81.5700,82.5500,81.5700,82.0800,4044300
20151102,82.0400,82.1800,80.8100,81.1400,3473900
20151103,81.6700,82.5400,81.1300,82.2300,4826100
20151104,81.0500,82.1500,80.9300,82.1500,3401900
20151105,80.6100,81.4000,79.6600,81.0000,3787200
20151106,80.4600,80.5900,78.4400,80.3000,6082600
20151109,79.3600,80.2900,78.5800,80.0300,4160200
20151110,80.0600,80.3200,78.7100,78.7100,3302600
20151111,80.7000,81.2800,79.9700,80.1000,3323400
20151112,79.8600,80.7600,79.8000,80.5500,3647800
20151113,79.5500,80.2700,79.1800,79.6600,3638600
20151116,81.2300,81.2600,79.9800,80.0000,3318900
20151117,81.3000,82.4300,80.6300,80.9300,3012100
20151118,83.6500,83.7600,81.3900,81.4900,3916600
20151119,83.7200,83.8800,82.7300,83.2000,3156100
20151120,84.4700,85.5000,84.1100,84.3000,4251500
20151123,84.7400,84.9200,84.1200,84.5000,4033100
20151124,83.8800,84.3200,83.0500,83.5600,3431100
20151125,83.7400,84.4200,83.5500,83.8800,2529400
20151127,83.6500,84.2500,83.6000,83.7700,1253800
20151130,82.0400,84.0300,82.0400,83.7600,6563300
20151201,86.5000,86.5300,83.3400,84.2100,7368900
20151202,84.5600,86.7300,84.4200,86.2600,4444800
20151203,83.0600,84.8400,82.5600,84.6500,3669800
20151204,86.6200,87.2800,83.4300,83.4700,6987600
20151207,86.3800,88.1600,85.8900,87.4500,4379000
20151208,86.4100,87.6700,85.5700,85.6200,4761000
20151209,83.8600,86.3200,83.5700,86.0200,5479500
20151210,84.9100,85.5100,83.3600,84.2300,3667200
20151211,83.2900,84.3800,83.1200,83.8000,3738200
20151214,84.6800,84.7100,82.9700,83.3600,5208700
20151215,85.5200,85.9800,85.0200,85.1800,3966600
20151216,86.2900,86.5800,84.0500,86.0000,2983600
20151217,86.2200,87.2100,86.2000,86.7500,3928200
20151218,84.7700,85.9800,84.7700,85.5700,5821300
20151221,86.0400,86.4500,85.1500,85.7200,3742400
20151222,85.9100,86.4700,85.2700,86.2700,2446100
20151223,86.2000,86.8700,86.1300,86.3600,2804200
20151224,85.8500,86.1500,85.4700,85.9800,1486900
20151228,85.4900,85.7000,84.8900,85.5800,2031100
20151229,86.2500,86.8700,85.6000,85.8400,2097700
20151230,86.2000,87.1000,86.1400,86.4500,1969400
20151231,84.2600,85.7500,84.0800,85.7200,3178500
20160104,82.8700,83.6000,81.7900,83.4000,6907300
20160105,84.1100,85.4000,82.8700,82.9000,7475300
20160106,83.5800,84.8800,82.5000,82.6900,6628400
20160107,81.4100,82.8100,80.8300,81.6300,5833200
20160108,81.2500,82.4900,81.0400,81.6700,5880200
20160111,80.2700,81.9200,78.8300,81.3000,4889300
20160112,80.4000,81.0000,79.5200,80.6100,4329300
20160113,79.3000,80.8200,79.0900,80.7400,4628400
20160114,82.5400,82.7300,78.6200,79.2800,8253700
20160115,81.2400,81.5800,80.0800,80.6900,6674300
20160119,83.2300,84.8000,81.9600,82.3100,9162300
20160120,82.6200,83.4700,80.4100,81.8500,8354400
20160121,81.4000,82.6200,80.5900,82.5600,4930800
20160122,82.4800,83.1600,81.9100,82.4000,3456300
20160125,81.7100,83.2000,81.6200,82.5000,2632800
20160126,81.9600,82.1700,80.9100,81.7500,4583400
20160127,81.7600,83.2500,80.9600,81.6100,4341900
20160128,76.8100,82.4900,76.5400,81.8700,10128700
20160129,79.1000,79.4200,77.2300,77.3600,7042500
20160201,78.4000,79.1600,77.2800,78.2100,4056000
20160202,76.3000,78.3000,76.0900,77.6600,4804200
20160203,76.0900,77.5500,74.1800,76.4600,6966400
20160204,74.2800,76.5300,73.4400,75.9500,6339500
20160205,74.3200,75.8200,73.5500,74.1600,6312800
20160208,74.1900,74.5800,72.8300,73.5500,4348800
20160209,73.7400,74.9600,72.7200,73.4300,5160000
20160210,73.0700,74.8700,72.9800,73.7300,4748700
20160211,71.4200,72.6300,70.8300,72.2000,5425400
20160212,71.2700,71.7300,70.4300,71.5700,6332600
20160216,73.3300,73.4200,71.9300,71.9500,4811300
20160217,74.6800,74.9200,73.0900,74.0100,4000300
20160218,73.4700,74.5500,73.1600,73.4200,5620000
20160219,72.6100,73.0700,72.2000,72.6900,6650800
20160222,73.0100,73.6400,72.1000,72.9100,5672600
20160223,73.4700,74.5000,73.0600,73.1000,4411200
20160224,74.1000,74.2800,72.6400,73.3300,3636100
20160225,74.8200,74.8900,73.7700,74.2700,4306800
20160226,73.6000,75.7900,73.4100,75.4200,4807700
20160229,72.0000,73.3700,71.9800,73.3700,5730200
20160301,72.7400,72.8100,71.8600,72.6300,4541700
20160302,74.0200,74.0500,72.4400,72.7300,6738800
20160303,73.2500,73.8900,72.5800,73.8000,4526500
20160304,73.6000,74.0600,72.9000,73.3700,3481600
20160307,73.4000,73.9600,72.8000,73.1700,3443100
20160308,73.0000,74.5500,72.8900,72.9400,3278900
20160309,73.5400,73.9400,73.0000,73.5100,2372000
20160310,73.0200,74.2100,72.4300,74.0000,4419200
20160311,74.6500,74.9500,73.1900,73.4700,3527200
20160314,73.9100,74.6000,73.7900,74.2600,3201800
20160315,71.2400,72.0000,69.6000,71.6500,13748200
20160316,72.4800,72.9000,71.1700,71.2900,5287400
20160317,69.0600,72.3500,67.8800,72.2300,15421600
20160318,70.9500,71.0500,69.0600,69.2000,10131700
20160321,70.2500,71.0500,69.8400,70.8000,5900100
20160322,71.9200,72.2400,70.1600,70.2100,7655400
20160323,71.1700,72.2300,70.9100,72.1700,3884400
20160324,71.1200,71.4400,70.2000,70.6500,2892900
20160328,70.6200,71.4700,70.3800,71.3500,2661900
20160329,71.7000,71.9400,70.6600,70.7400,3814800
20160330,71.7800,72.3300,71.0700,71.9800,3081000
20160331,72.0100,72.3300,71.1000,71.7700,3680000
20160401,73.4200,73.7000,71.5300,71.6000,4083600
20160404,73.1800,73.7900,72.8900,73.5600,2796300
20160405,73.0400,73.6500,72.4800,72.7800,3591800
20160406,74.7600,75.0600,72.8000,72.8000,5669100
20160407,74.5900,75.1600,73.8500,74.5100,3724100
20160408,74.3900,75.2800,73.8600,75.2800,3224900
20160411,73.9500,74.7400,73.8000,74.4800,3351100
20160412,74.5700,75.2900,73.5300,73.7800,2849800
20160413,75.1600,75.2400,74.0800,74.7300,2341600
20160414,75.6300,75.8300,74.8000,75.3000,3022100
20160415,75.5300,76.2500,75.0900,75.6200,3007500
20160418,77.2200,77.2600,75.1900,75.5800,4088400
20160419,77.2500,78.5000,76.6400,77.5800,3819600
20160420,77.0800,77.7700,76.5800,77.2800,4049400
20160421,77.3700,78.1000,76.9100,77.1700,3286600
20160422,77.8300,77.9400,76.9300,77.1000,2697200
20160425,77.9400,78.0000,77.1500,77.4600,3767100
20160426,76.2700,78.3000,76.0900,76.6200,5347300
20160427,76.5100,77.1600,75.8200,76.5200,3690900
20160428,76.4600,76.6600,75.6700,76.1200,4383000
20160429,75.5300,76.5100,75.1000,76.5100,3386600
20160502,76.7500,77.0800,75.8100,75.9500,3571900
20160503,76.2500,76.6500,75.5900,76.3400,3270700
20160504,74.8700,75.6200,74.6300,75.1700,4176800
20160505,75.2700,75.3900,74.5500,74.7200,3446400
20160506,74.6000,74.9500,73.3400,74.7200,4196900
20160509,75.5900,75.9000,74.7600,74.7800,2963200
20160510,76.8800,77.1300,76.0500,76.2900,4366000
20160511,76.3100,77.0600,75.8400,75.9700,3716300
20160512,75.9600,76.9400,75.3600,76.7200,4081900
20160513,76.3300,77.0500,75.5700,75.8200,3629700
20160516,78.2900,78.4700,75.8400,75.9800,4580100
20160517,76.3900,78.7100,75.5200,78.2100,7153300
20160518,76.3300,76.8500,75.6100,76.4000,4664900
20160519,74.3100,75.2300,73.7400,75.1200,4848800
20160520,74.8100,75.5400,74.6800,74.7900,4686500
20160523,74.0800,75.1400,73.9200,75.0000,4440500
20160524,74.9900,75.2000,74.3600,74.5500,3711800
20160525,74.5400,75.5000,74.4500,75.4900,4621700
20160526,75.5200,75.6000,74.2700,74.6000,2624900
20160527,74.9900,75.7200,74.6700,75.5200,3232900
