20150529,57.0100,57.6900,56.5200,57.5500,1615600
20150601,56.9100,57.2800,56.5400,57.1100,1240900
20150602,57.3700,57.7900,56.6400,56.9400,1151800
20150603,58.4800,58.6600,57.7300,57.7600,1508900
20150604,58.0700,58.4900,57.8000,58.0200,1634300
20150605,59.4300,59.6900,58.4600,59.2100,2713500
20150608,59.3200,60.0400,59.0300,59.3100,1916700
20150609,59.7900,60.2200,59.2400,59.4000,1786100
20150610,61.1500,61.3900,60.0700,60.2200,2832900
20150611,61.5900,62.0800,60.9700,61.1400,2504600
20150612,61.2200,61.6600,60.9000,61.3300,1337400
20150615,60.6300,61.0500,60.2100,60.5600,1201000
20150616,60.8100,61.1300,60.3500,60.4700,1138100
20150617,60.2700,61.3700,60.1700,61.1000,1816100
20150618,60.5300,60.8600,60.0800,60.5400,2154900
20150619,59.9600,60.6500,59.8300,60.0600,2035000
20150622,61.0100,61.0600,60.5300,60.6700,1618700
20150623,61.6500,61.8000,61.1600,61.3500,1659200
20150624,60.8700,61.7400,60.8400,61.3700,1246300
20150625,60.3600,61.2100,60.3600,61.1800,683800
20150626,60.9200,61.0100,60.5000,60.8000,1393100
20150629,58.6500,60.1300,58.6200,59.3100,1835000
20150630,59.2200,59.9700,58.6900,59.5800,2008900
20150701,59.7300,61.2000,59.5800,60.3800,1483700
20150702,59.1400,59.8600,58.8200,59.6100,948500
20150706,58.5400,59.0200,58.1100,58.3800,1125800
20150707,58.4100,58.7300,56.9800,58.5200,2297500
20150708,56.2300,57.5900,55.9900,57.1700,2064600
20150709,57.0000,57.6700,56.6400,57.4100,1988400
20150710,58.4300,58.5400,57.7200,57.7200,1394200
20150713,58.9300,59.3900,58.7400,58.7400,1849600
20150714,58.5400,58.9000,58.5000,58.6200,2261600
20150715,58.5200,58.7800,58.0000,58.0400,2745600
20150716,59.1000,59.5100,58.8900,59.0800,1539700
20150717,58.4000,59.1200,58.3200,58.8800,1810700
20150720,58.2000,58.8600,58.1300,58.5100,1907500
20150721,58.6400,59.0500,58.0100,58.3400,1773600
20150722,58.6700,58.8100,58.3500,58.5900,1605300
20150723,58.0000,58.9700,57.8300,58.7700,1606000
20150724,57.9500,58.7100,57.7700,57.9700,1422300
20150727,57.1000,57.3000,56.7500,57.2500,1407400
20150728,57.4100,58.2400,56.8400,58.0100,1510600
20150729,58.6500,58.7000,57.2500,57.4400,2285900
20150730,57.2700,57.4500,56.6000,56.9800,2266900
20150731,56.3200,57.2300,56.1600,57.0400,2436400
20150803,56.1800,56.8500,56.0300,56.4900,2017200
20150804,56.2400,56.7400,55.9300,56.2300,1759500
20150805,56.3500,57.3000,56.2500,57.3000,2009600
20150806,56.2000,56.7700,56.0200,56.5200,1573900
20150807,55.7500,56.5100,55.3000,56.0100,1546800
20150810,57.4400,57.5300,56.4700,56.4700,1456900
20150811,56.0700,56.9400,55.8200,56.4400,1703500
20150812,55.0300,55.4100,54.0900,55.4100,2469000
20150813,56.1800,56.6800,55.4500,56.1600,2330100
20150814,56.5000,56.7800,55.9900,56.2900,1253900
20150817,56.3700,56.4700,55.5900,56.0600,1053300
20150818,56.4100,56.6700,56.0600,56.3300,1580200
20150819,55.3600,56.4600,54.5600,56.1000,1950400
20150820,53.1600,54.7200,53.1500,54.7200,2209500
20150821,50.6800,52.6100,50.6500,52.5200,3846700
20150824,48.1400,49.2200,45.7700,47.3200,4099400
20150825,47.2700,49.9900,47.2100,49.9300,4390100
20150826,49.4800,49.5900,47.8400,48.5900,3672400
20150827,51.4600,51.4900,49.8600,50.1400,3100400
20150828,51.1300,51.2900,50.6400,50.6900,1678400
20150831,50.7900,51.1200,50.3300,50.5400,1737000
20150901,48.3000,49.6100,47.9800,49.2200,2481900
20150902,49.1500,49.5500,48.3200,49.5500,1787000
20150903,49.4100,50.1000,49.2200,49.2500,1572800
20150904,48.4000,49.0300,47.9700,49.0300,1598500
20150908,49.5200,49.5700,48.7300,49.3200,1436900
20150909,49.1800,50.8800,49.0700,50.3600,2112800
20150910,49.7400,50.2500,49.0100,49.4200,2159800
20150911,49.9300,49.9500,48.9900,49.3600,1432200
20150914,49.5500,49.9800,49.3300,49.7200,1287000
20150915,50.4900,50.7100,49.8100,49.9300,1832900
20150916,50.7400,50.8900,50.1800,50.4900,1454300
20150917,49.3300,50.9200,49.1000,50.7100,2247800
20150918,47.6000,48.4700,47.3000,48.2600,4394500
20150921,48.2800,48.7100,47.6900,47.8000,1883300
20150922,47.5000,47.8400,47.1200,47.3800,1253400
20150923,47.4300,48.0200,47.2500,47.6200,1664700
20150924,47.1700,47.3000,46.4100,46.7700,2596100
20150925,47.9900,48.5800,47.6300,48.5800,1677300
20150928,46.0700,47.5000,45.9200,47.3700,1988500
20150929,46.9200,46.9900,45.8900,46.6400,2881900
20150930,47.4600,47.8300,46.9800,47.6600,1800300
20151001,47.5300,47.9000,46.9400,47.4100,1609400
20151002,47.1900,47.1900,45.5600,46.0200,2282500
20151005,48.6600,48.9100,47.4000,47.6600,2182100
20151006,48.7400,48.9700,48.3300,48.5200,1745900
20151007,49.2400,49.5500,48.6000,49.0100,2365400
20151008,49.6700,49.8000,48.7000,48.8700,2056900
20151009,49.4700,50.0900,49.2100,49.6700,1813800
20151012,49.4500,49.7500,49.2200,49.4200,1001700
20151013,48.8000,49.5200,48.7700,48.9600,1223400
20151014,48.4900,49.0000,48.0400,48.6600,1980700
20151015,49.6700,49.6800,48.6100,48.9700,1481600
20151016,50.0900,50.1300,49.4200,49.8700,1770100
20151019,50.2500,50.4500,49.6400,49.7900,1828400
20151020,50.6800,50.9300,50.1300,50.1800,1752900
20151021,50.4500,51.2300,50.4000,50.7800,1721900
20151022,51.3900,51.6300,50.7600,50.8100,2042100
20151023,52.3400,52.3500,51.3500,51.6500,1823900
20151026,52.0700,52.3300,51.7400,52.1200,1317000
20151027,51.2800,51.7500,50.9500,51.3800,1958100
20151028,53.2100,53.3400,51.3900,52.8300,2568400
20151029,53.8500,55.2400,53.4600,53.5600,2849900
20151030,53.5100,54.1100,53.3300,53.8900,2293800
20151102,54.6500,54.8000,53.4000,53.8000,1753100
20151103,54.7900,55.1500,54.3500,54.3600,2178000
20151104,54.8700,55.2100,54.5000,54.9600,2336200
20151105,55.1100,55.2600,54.4800,54.7700,1691900
20151106,56.9500,57.5400,56.3800,56.4600,2154900
20151109,55.8200,57.2200,55.5100,57.2200,1856800
20151110,55.8600,56.0700,55.3800,55.5800,1169400
20151111,55.6400,56.2600,55.5400,56.0400,913800
20151112,54.3200,55.3600,54.3000,55.2600,1994300
20151113,54.3300,54.8100,53.9200,54.1000,1607300
20151116,55.2100,55.2200,53.9700,54.3900,1445900
20151117,54.9800,55.8700,54.3900,54.3900,1365400
20151118,55.8500,55.9500,54.5600,55.0300,1421500
20151119,55.5900,55.9900,55.4000,55.6600,1041600
20151120,55.4100,56.0500,55.3300,55.7800,1883200
20151123,54.7600,55.5600,54.7300,55.4500,2005400
20151124,54.7500,54.9200,53.6800,53.7500,2182100
20151125,54.7500,55.0000,54.4100,54.8300,1323600
20151127,54.9300,54.9900,54.4500,54.8500,646800
20151130,54.9900,55.2600,54.5700,55.0900,1802000
20151201,55.5000,55.7300,55.0600,55.4000,1946700
20151202,54.9300,55.8300,54.8300,55.7200,1761200
20151203,54.4900,55.6100,54.2900,55.3700,2635100
20151204,55.8000,55.9200,54.3200,54.6700,1990900
20151207,54.5700,55.6900,54.3600,55.6600,1841100
20151208,53.3700,54.0200,53.1000,53.7800,2355700
20151209,52.2200,53.9500,51.9000,53.2600,2161100
20151210,52.7300,53.3200,52.0900,52.2000,2178000
20151211,50.6200,51.9200,50.2700,51.6500,2674300
20151214,50.3700,51.3200,49.8600,50.6600,2725900
20151215,51.3000,51.5300,50.5200,51.0700,3298600
20151216,51.9400,52.1300,50.9600,51.9300,1831800
20151217,50.2400,52.0300,50.2400,52.0200,1673700
20151218,48.6700,49.8100,48.5200,49.6300,3395800
20151221,49.0000,49.3300,48.4900,48.9900,1413400
20151222,49.8000,50.0300,48.9000,49.5200,1311500
20151223,50.7300,50.7900,49.4400,50.1900,1082600
20151224,50.6500,50.9100,50.5300,50.7200,547400
20151228,50.6000,50.7100,50.0900,50.4800,912900
20151229,51.1100,51.2700,50.4800,51.2000,1096300
20151230,50.8300,51.2300,50.8000,51.1400,1244500
20151231,50.2600,50.9100,50.2100,50.3800,837100
20160104,49.1000,49.1700,47.9700,49.1700,1959000
20160105,49.1400,49.5100,48.4900,49.3000,2012900
20160106,46.9200,48.2400,46.5900,48.0200,2168400
20160107,45.3600,45.9500,45.1300,45.5400,3420800
20160108,44.2400,46.3400,44.1200,45.8600,3202600
20160111,43.2000,44.7000,42.4300,44.5300,4932400
20160112,43.5000,44.1300,42.7200,43.7800,2697500
20160113,41.7800,43.9200,41.5200,43.5000,2665800
20160114,41.5100,42.1400,40.9000,41.9700,3287000
20160115,40.4200,40.6200,39.4900,39.9000,3154900
20160119,39.6900,41.1700,39.4000,41.0000,2269500
20160120,38.2000,38.6500,36.7300,38.3400,4430600
20160121,38.5700,39.3900,37.6600,38.1900,2437600
20160122,39.5900,40.3600,39.3800,39.6500,2814400
20160125,38.5300,39.6200,38.4000,39.4000,2698200
20160126,39.1300,39.5900,38.6700,38.8700,1839800
20160127,38.8800,40.1800,38.6000,39.0800,2201400
20160128,38.5700,39.6300,38.3100,39.4200,2164200
20160129,39.4600,39.4900,38.4100,38.8500,2300100
20160201,39.2300,39.4200,38.7800,39.1300,2326600
20160202,37.5100,38.4500,37.3000,38.4500,3308100
20160203,37.5100,38.1900,36.2300,38.0000,3807300
20160204,35.9100,37.6300,35.2200,37.0600,4308100
20160205,35.7800,36.8500,35.5200,35.9000,3626900
20160208,33.4000,34.9600,33.0300,34.9000,3933500
20160209,33.8000,33.9700,32.4700,32.6100,4549200
20160210,34.2800,35.0300,34.0400,34.1400,3435200
20160211,30.7800,33.0400,30.3900,33.0100,5278900
20160212,32.6500,32.9900,31.5000,31.6200,2882900
20160216,33.9200,34.2400,32.8900,33.3800,3664700
20160217,35.8800,36.1000,34.3800,34.4000,4814000
20160218,35.9200,36.0900,35.5600,35.8400,3835600
20160219,35.9600,35.9900,35.2900,35.5700,2430200
20160222,36.7200,38.1500,36.5100,36.7200,2769900
20160223,35.8700,36.7300,35.3300,36.4700,2775300
20160224,35.5000,35.6400,34.1600,35.0200,2479300
20160225,36.4000,36.4000,35.2700,35.3300,2007000
20160226,37.5100,38.0900,36.7600,36.7600,3454400
20160229,36.5300,37.5000,36.5300,37.3800,2350800
20160301,38.8900,38.9500,36.9100,36.9100,3042900
20160302,39.2400,39.8300,38.6400,38.8800,3015500
20160303,39.8000,40.0000,39.0100,39.1700,1879700
20160304,39.5300,40.4700,39.0500,40.1200,3370500
20160307,39.4400,39.8400,39.0300,39.2400,2488900
20160308,38.0500,39.1800,37.4200,38.5800,2900200
20160309,38.1100,38.7400,37.6300,38.4900,2676100
20160310,38.1300,39.0600,37.5800,38.4700,2274700
20160311,40.0600,40.1100,38.8000,38.8800,3181800
20160314,40.3900,40.6700,39.6600,39.7600,2800200
20160315,39.9400,40.0300,39.3700,39.8400,2005500
20160316,40.2900,40.9000,39.6800,39.8700,2861200
20160317,40.8500,41.1600,39.7400,40.0200,1911400
20160318,41.6700,41.9600,40.9300,41.0500,4422600
20160321,41.4700,42.0600,41.0000,41.4400,2024200
20160322,41.1400,41.4100,40.6900,40.9200,1776800
20160323,40.3200,41.1700,40.2200,41.0400,1866200
20160324,39.2700,39.6200,38.5800,39.1700,2997200
20160328,39.8700,40.0500,39.2800,39.5600,1568000
20160329,39.5900,39.7100,38.9200,39.5000,1676300
20160330,39.9700,41.2300,39.5600,39.9800,2721200
20160331,39.2000,40.1300,38.9400,39.8900,2977800
20160401,39.8100,39.8600,38.3800,39.0500,2555700
20160404,39.4700,40.0600,39.3400,39.7500,1882900
20160405,38.5800,39.0900,38.4900,38.9700,2178100
20160406,38.6500,39.5800,38.3300,39.0000,3553200
20160407,37.3700,38.6700,37.1200,38.2200,2977600
20160408,37.5200,38.2200,37.3700,37.9800,2207500
20160411,38.2600,38.7900,37.7900,37.8200,2054100
20160412,39.2700,39.3400,38.2800,38.4900,2260100
20160413,40.9900,41.1100,39.7600,39.8800,2057000
20160414,40.9900,41.4500,40.4900,40.8900,2436400
20160415,40.7000,40.9300,40.3900,40.9300,1352300
20160418,41.0200,41.0500,40.2500,40.4800,1155100
20160419,41.7800,41.8500,41.1200,41.1300,1423800
20160420,43.2100,43.3900,41.8200,42.0200,2210300
20160421,43.5400,43.8100,43.2700,43.3000,2851800
20160422,44.3400,44.7200,43.5800,43.7600,2134000
20160425,43.7900,44.1900,43.1600,44.0000,1686500
20160426,44.5000,44.5100,43.8700,44.0500,1317800
20160427,44.6300,44.8000,44.0800,44.2100,1990600
20160428,43.7300,44.4200,43.6000,43.9500,1705300
20160429,43.4500,44.1400,43.0100,43.5300,2977600
20160502,44.1300,44.2100,43.0400,43.5600,1659700
20160503,43.1600,43.2200,42.2700,43.1600,2179800
20160504,42.6400,42.8000,41.9500,42.1500,2404900
20160505,40.8700,41.7900,40.1600,40.6500,5402300
20160506,41.4200,41.7400,40.3000,40.4500,3622600
20160509,41.6000,41.8800,41.2300,41.4300,2706100
20160510,42.9900,43.3000,41.8400,41.9400,2832400
20160511,42.9500,43.9600,42.7800,42.8900,3208500
20160512,43.0400,43.8900,42.4400,43.5200,3063600
20160513,42.5900,43.8000,42.5100,42.9100,3234000
20160516,43.1400,43.5700,42.5500,42.7200,1909000
20160517,43.2800,43.9700,42.9000,43.0200,1940600
20160518,45.0700,45.5700,43.3100,43.3100,2924100
20160519,44.3800,45.2800,43.9200,44.7700,2498100
20160520,44.5900,45.5000,44.4800,44.7400,2325700
20160523,44.2600,44.7400,44.1200,44.4100,2637300
20160524,45.0100,45.3400,44.4700,44.6900,3871500
20160525,45.8400,46.4300,45.3700,45.3700,2303900
20160526,45.2700,45.9100,45.1100,45.8200,2061700
20160527,46.1600,46.1600,44.8100,45.5200,1517900
