20150529,82.2500,83.1500,81.9000,82.3800,1968700
20150601,83.3900,83.7700,82.2900,82.7700,2973400
20150602,83.2800,84.0200,82.3000,82.9300,2132000
20150603,83.5200,83.9200,82.9300,83.5000,2174200
20150604,82.9700,83.4600,82.3100,82.8900,1452100
20150605,83.4400,83.7000,82.2000,83.0700,1086300
20150608,82.2500,84.0100,81.9700,84.0000,1418900
20150609,81.9800,82.6300,80.6900,82.0400,1946000
20150610,82.6400,82.8400,82.0200,82.5500,1172400
20150611,82.5400,83.3800,82.2200,83.0000,1032600
20150612,81.4600,82.3000,81.2200,82.0300,1044200
20150615,81.2600,81.2900,79.5300,80.9100,2447400
20150616,82.5500,82.5900,80.9700,81.1600,1418300
20150617,82.2500,82.9600,81.9300,82.0600,1882400
20150618,83.8700,84.1500,82.5200,82.6200,1511400
20150619,83.2300,84.3900,83.1900,83.9900,1809100
20150622,83.6700,84.2300,82.7900,83.7700,1120500
20150623,83.7800,84.2400,83.3400,83.6300,1204000
20150624,83.2100,83.8900,82.9700,83.5900,1089900
20150625,83.7300,84.3400,83.2000,83.6100,1457900
20150626,82.8600,84.2600,82.3700,83.2400,3109600
20150629,80.2000,82.0700,79.9600,81.8300,1688600
20150630,81.3500,82.1200,80.8400,81.2000,1707600
20150701,82.2700,84.1300,81.8200,82.9200,1843600
20150702,83.2300,83.3000,81.9400,82.4500,1520300
20150706,81.1400,83.4800,80.8800,82.2200,3065200
20150707,80.1600,80.9600,77.7300,80.8900,2864300
20150708,77.9500,79.9800,77.7400,79.5600,2307200
20150709,77.6300,80.3700,77.5900,79.8500,1849300
20150710,78.5300,78.8900,77.6700,78.2300,1825800
20150713,79.2700,79.7800,77.9600,79.0000,2220000
20150714,79.8500,80.7300,78.1000,79.5000,3867000
20150715,79.4900,80.2500,78.7500,79.8800,2004700
20150716,77.3500,79.5900,75.5100,79.3400,3876800
20150717,77.2600,77.5400,76.9000,77.5100,1661400
20150720,77.0800,78.2300,76.9800,77.9300,970200
20150721,77.3700,78.2300,76.8400,77.0000,1267400
20150722,76.4800,76.8800,75.0600,76.5600,1419800
20150723,77.0200,78.1000,76.4200,76.7000,1239700
20150724,75.4500,77.1300,74.8800,76.9300,1705300
20150727,75.4500,75.9100,73.8100,74.8200,1553300
20150728,77.7500,78.2900,74.7800,75.7000,2323200
20150729,77.6700,78.1200,75.9700,78.1200,2977800
20150730,78.5700,80.8700,78.3400,78.4400,3393900
20150731,76.8700,79.7800,76.5100,78.9600,2513800
20150803,75.7400,76.8800,75.3300,76.7100,2646800
20150804,73.0900,75.8700,72.8800,74.4400,3507400
20150805,74.0500,74.5800,73.2900,73.4400,2213800
20150806,72.5200,74.4200,72.2900,74.4200,1951800
20150807,72.4200,72.4300,71.3700,72.1500,1765600
20150810,74.8700,75.1800,72.9300,73.3400,2071700
20150811,73.0000,74.4400,72.8800,74.2500,2035800
20150812,72.6100,73.0600,70.8100,71.9500,2495300
20150813,72.0100,73.4000,71.9300,72.7500,1908600
20150814,72.7100,73.5500,70.8100,71.8900,3861900
20150817,74.3900,74.5300,72.2000,72.6100,1981600
20150818,72.2700,74.7200,72.0400,74.5700,1971300
20150819,72.4100,73.3900,71.4600,72.2500,1907800
20150820,71.0200,71.9300,70.8300,71.7300,2586700
20150821,69.7500,71.8800,69.7000,70.2500,2915700
20150824,67.3200,70.6700,62.8500,66.3400,3211400
20150825,67.4000,70.9300,67.4000,70.2500,3503800
20150826,70.7500,70.9000,67.8200,69.7700,2756400
20150827,73.1100,73.5800,71.2000,71.5600,3066400
20150828,72.9200,73.9700,72.2900,72.7400,1604600
20150831,72.7700,73.4100,71.8900,72.6000,1182100
20150901,69.5600,72.0200,69.1600,70.8300,1988100
20150902,71.1000,71.1300,69.6300,70.9700,1208900
20150903,71.7500,72.7700,71.2800,72.0100,1582400
20150904,69.7500,70.9900,69.6000,70.2600,1880600
20150908,72.6300,72.9300,71.1900,71.1900,1830800
20150909,70.5900,73.7200,70.4400,73.0400,1914200
20150910,71.9000,72.9300,70.4300,70.5500,1790300
20150911,71.8300,71.9000,70.3000,70.9200,1523700
20150914,72.5000,72.6900,71.8600,72.1700,1814500
20150915,74.0200,74.3100,72.1700,72.9400,1464200
20150916,74.7600,74.9200,73.6000,73.9900,1137100
20150917,72.6400,74.1400,72.4400,74.1400,1740300
20150918,71.2200,72.4600,70.9300,71.5900,1975500
20150921,68.0700,71.5300,67.4300,71.5300,3602000
20150922,65.6400,67.0300,65.1700,66.8100,4047100
20150923,63.6900,65.8200,63.6200,65.5400,3315300
20150924,63.3900,63.9000,61.2000,63.0900,4357000
20150925,63.0800,65.1800,62.5600,64.6900,3346900
20150928,61.7700,63.1800,61.7700,62.7300,2413100
20150929,62.8600,63.5100,61.6500,62.0500,3133500
20150930,65.3300,65.5100,63.6200,63.6300,2578300
20151001,64.4400,66.6300,63.2200,65.2800,3178900
20151002,65.6800,65.7100,63.2200,63.3400,2312400
20151005,65.4200,66.0300,64.2100,64.3300,2591400
20151006,65.2500,65.5400,64.2600,65.0200,2169100
20151007,66.5600,67.1100,65.1000,65.9900,2519800
20151008,67.3100,67.3600,65.4300,65.9100,1397900
20151009,66.4700,67.4900,66.2900,66.9000,1180900
20151012,66.4800,67.0800,66.1000,66.4500,788200
20151013,64.6300,66.3800,64.5800,65.7900,1698500
20151014,67.2900,68.2700,64.1100,64.5800,3614500
20151015,67.4600,68.4000,66.0200,67.7500,2429400
20151016,68.2800,68.3700,66.5500,67.4900,2188700
20151019,67.6400,69.0300,67.1200,67.8300,1510900
20151020,70.0300,71.9900,66.5000,66.5800,5484800
20151021,70.7900,77.3600,70.5000,72.5000,18705400
20151022,72.6100,74.4200,71.0100,71.5900,7181400
20151023,74.5700,74.9600,72.8200,74.0600,5522900
20151026,75.0700,75.0900,73.4400,74.1100,3519400
20151027,75.1000,75.5000,74.6200,74.7700,3166500
20151028,75.7400,76.1900,74.2100,75.6800,3743000
20151029,75.8400,75.9900,74.6800,75.0100,2386800
20151030,76.5900,76.8000,75.2400,75.8400,2250400
20151102,76.6000,77.0700,75.9200,76.8200,2688400
20151103,76.3400,76.6800,75.5100,76.6100,2830600
20151104,77.0100,77.0100,75.8000,76.8300,2643000
20151105,77.0700,77.9900,75.8300,77.2300,3177200
20151106,76.9000,77.4600,75.8100,77.0700,2362300
20151109,77.0000,77.1900,76.0300,76.6300,2472300
20151110,76.4200,77.4200,76.0100,76.7000,2171000
20151111,76.8200,77.5600,75.9300,76.5700,1437200
20151112,75.4400,76.5000,75.0100,76.0700,1958200
20151113,75.5700,76.5300,75.4900,75.8300,2949400
20151116,77.4100,77.5000,75.0100,75.3200,2052800
20151117,77.7600,78.6700,76.9800,77.4100,1974400
20151118,78.4300,78.5400,77.1800,77.5300,1522200
20151119,77.9200,78.6700,77.5200,78.3800,2125300
20151120,78.3800,79.0400,77.9200,78.4500,1607800
20151123,76.9900,78.5300,76.8100,78.3000,1759500
20151124,77.2900,77.6900,76.4800,76.9400,1452300
20151125,77.2800,77.7100,76.7600,77.2600,1091700
20151127,77.6300,77.9800,77.0600,77.4500,462100
20151130,78.2000,78.5100,77.2800,78.1000,1573300
20151201,79.5900,79.6100,78.2100,78.3000,2082900
20151202,78.6500,79.9100,78.5500,79.2400,2061500
20151203,76.4400,79.7300,76.1500,79.3800,2313400
20151204,77.6800,78.0500,76.4100,76.6700,2278800
20151207,77.8900,78.5000,76.9400,77.5700,1771200
20151208,80.4000,80.7000,77.3500,79.0400,4503300
20151209,78.3200,80.4000,77.8100,80.2200,2393000
20151210,80.0300,80.6800,78.0900,78.7300,2325100
20151211,78.8900,79.6700,78.5300,79.0400,2177200
20151214,77.5600,79.3800,76.6700,79.0800,1949400
20151215,79.9300,80.6500,78.5000,78.9400,2349700
20151216,80.2500,80.8200,78.2800,80.4800,1828800
20151217,78.7000,80.7900,78.6600,80.4900,1536700
20151218,77.0400,78.3400,76.8900,78.0200,3409600
20151221,78.7500,78.8100,77.1500,77.9600,1626600
20151222,80.1900,80.2500,78.2400,79.4900,1485500
20151223,80.4200,80.8500,80.0600,80.5600,1040600
20151224,80.3900,80.7800,80.1500,80.2100,428400
20151228,80.0300,80.1700,78.9300,80.1700,1085400
20151229,80.7500,81.2900,79.7700,80.5100,1338600
20151230,80.1700,81.2300,79.7700,80.7500,864400
20151231,79.4200,80.4900,79.2500,80.1100,1078000
20160104,77.7300,78.2100,76.8300,77.7700,2639100
20160105,78.1500,78.5500,77.0500,78.1600,1911800
20160106,73.5600,77.1000,72.5200,76.5000,4604700
20160107,71.7100,73.5200,71.4600,72.1000,3449900
20160108,70.4800,72.5600,69.4300,72.3800,4736000
20160111,70.9500,71.3700,69.6700,71.1300,2984300
20160112,71.4400,72.9500,70.3200,72.5200,2509500
20160113,69.0800,72.3000,68.8100,71.6100,3126900
20160114,71.9500,72.8400,68.8800,69.7800,4609000
20160115,67.9600,69.2500,66.1400,69.2500,6103700
20160119,67.4600,69.7000,66.9600,69.0700,2911900
20160120,69.5700,70.3600,67.0200,67.4100,4448200
20160121,68.1200,70.0400,67.5800,69.9500,3935700
20160122,68.7200,70.4600,68.1700,69.5500,2286000
20160125,68.0000,69.1700,67.8300,69.1700,2588600
20160126,68.7400,68.9200,67.4500,68.0600,1793800
20160127,67.5000,69.1900,67.2400,68.8000,2358700
20160128,69.4500,71.0000,68.1400,68.5100,4235200
20160129,71.7900,72.4500,70.0300,70.0300,3917100
20160201,72.6200,73.3100,71.0600,71.2000,2722100
20160202,70.5500,72.2400,70.1200,71.6000,3460200
20160203,71.4100,71.8000,69.3300,71.3300,3320100
20160204,71.4700,72.0700,70.5600,71.3600,2206100
20160205,68.9700,71.1800,68.0400,70.8600,2978200
20160208,66.0800,68.3600,65.0000,67.9900,2505500
20160209,65.5800,66.4000,64.1900,65.0800,2953400
20160210,65.4800,66.6800,65.1000,66.0000,3311100
20160211,64.2100,65.3500,63.1000,64.4200,3975300
20160212,66.0500,66.6200,64.2500,64.9100,2049100
20160216,67.5800,68.4700,66.6600,66.8100,2805500
20160217,69.2500,69.3200,67.7900,68.1200,3234700
20160218,67.7700,69.5600,67.7300,69.5600,2609200
20160219,69.7700,71.4300,69.3800,69.5200,4112500
20160222,70.3400,71.4600,69.4900,70.1900,3659000
20160223,69.2300,70.3500,68.9500,69.7200,1952800
20160224,70.4800,70.5300,68.1900,68.7600,1988000
20160225,72.4300,72.4600,70.1400,70.5200,2937500
20160226,73.8100,74.1600,72.4900,72.8600,2989900
20160229,73.3000,74.6200,73.0900,73.3900,2550100
20160301,75.5700,75.9400,73.0800,73.5000,2937600
20160302,74.5500,75.9000,73.8300,75.3400,2421000
20160303,74.8700,75.0000,73.9000,74.5500,1401500
20160304,74.3300,75.2500,73.8200,75.2200,1624200
20160307,75.0400,75.0800,73.5900,73.7700,2236200
20160308,73.3400,75.0900,73.2700,74.7400,3281900
20160309,73.8100,74.4000,73.0600,73.5500,1640700
20160310,75.2300,75.9600,73.8300,74.1300,2965200
20160311,76.1700,76.5000,75.2200,75.6900,2137900
20160314,76.9200,77.0000,75.5600,75.6600,1562300
20160315,77.1600,77.4800,76.5300,77.0600,2347300
20160316,77.8100,77.8600,76.5000,77.1000,2343600
20160317,79.2600,79.5000,77.4800,78.5700,2660000
20160318,79.4200,80.0100,78.8300,79.5700,2668500
20160321,79.7600,79.8000,78.9500,79.1900,1552000
20160322,80.1800,80.4300,79.1100,80.0500,1493600
20160323,79.3600,80.0100,79.3200,79.8500,2002300
20160324,78.8800,78.9000,77.4900,78.7400,2154600
20160328,79.1300,79.5900,78.8900,79.4700,1390000
20160329,81.9400,82.0500,78.7500,79.1300,3298200
20160330,82.1900,83.5100,81.8600,82.5600,2653700
20160331,82.6000,83.0600,80.9400,81.8100,3853000
20160401,82.9300,83.1400,81.6900,82.2800,2906900
20160404,82.7600,82.9800,81.8300,82.9800,2048300
20160405,81.6900,82.7300,81.5600,81.8200,1880600
20160406,82.6200,82.7000,81.2600,81.5400,2183400
20160407,81.2200,82.5000,80.4500,82.0700,2455300
20160408,81.1200,82.4500,80.6900,82.0400,1711700
20160411,81.3800,82.3000,81.2900,82.2900,1628800
20160412,81.4000,82.0000,80.2900,81.7000,2399000
20160413,82.8100,82.8200,81.6400,82.1800,2561500
20160414,81.6100,82.3000,80.7200,81.6500,2762800
20160415,81.6400,81.8900,80.3500,81.0200,2877800
20160418,82.0600,82.4200,81.1100,81.6700,2707000
20160419,82.7700,83.0700,81.7900,82.5000,2893100
20160420,82.6700,83.0000,80.7900,82.3600,4076600
20160421,80.8200,83.8300,80.2100,82.7100,3995300
20160422,80.6500,81.8100,80.0900,80.7600,2220000
20160425,80.2200,80.9200,79.5300,80.7200,2225500
20160426,80.2500,81.4000,79.7500,80.5800,2708000
20160427,80.9700,81.1600,79.7000,80.3500,3759000
20160428,78.1600,80.3800,77.9600,79.9400,3234200
20160429,76.4000,77.9500,75.6800,77.8300,4540000
20160502,76.5900,77.1800,75.7800,76.4000,3716800
20160503,75.7300,76.2900,75.3600,75.7300,3321900
20160504,74.9000,76.2400,74.6200,75.4200,3397500
20160505,75.0500,75.8300,74.8000,75.0400,2870300
20160506,74.9400,75.3000,74.2300,74.8400,2351600
20160509,74.6400,75.4000,74.3200,75.0000,2438300
20160510,75.9500,75.9800,74.5500,74.9400,2751000
20160511,75.6100,76.0900,75.3100,75.4200,1908200
20160512,74.9000,76.0300,74.0900,75.8300,2328300
20160513,74.3400,74.9800,74.2100,74.7300,2147600
20160516,73.4600,73.9100,72.0000,72.1900,4111600
20160517,73.1400,73.9100,72.9200,73.6500,3354600
20160518,73.9700,74.7600,72.9600,73.2500,2333500
20160519,73.3200,74.0500,72.9900,73.6600,1817300
20160520,76.6800,77.0000,75.0200,75.2700,3495100
20160523,76.8200,77.3500,76.1500,76.6500,3228500
20160524,79.2700,79.5800,77.5200,77.6100,3579400
20160525,80.6200,80.8100,79.2000,79.6000,2949600
20160526,81.0200,81.1900,80.2800,80.4400,1853500
20160527,82.9700,83.3900,81.1800,81.2000,3736100
