20150529,101.1000,102.3700,100.7400,101.1200,4396700
20150601,101.4300,102.4100,100.6400,101.7900,2130800
20150602,102.3200,103.3300,101.3600,101.3600,3617500
20150603,102.7800,104.3500,102.6100,103.0300,4929600
20150604,99.4800,101.1900,99.4000,100.8400,5154400
20150605,99.6800,100.6200,98.6200,99.2700,3291900
20150608,99.4800,100.3800,99.3400,99.7800,2726600
20150609,101.8300,102.7000,100.2400,100.3000,3013700
20150610,104.0600,104.9100,102.6700,103.0000,3442400
20150611,104.3200,104.7900,103.8100,104.2600,1907800
20150612,104.2800,104.5800,103.5000,103.9500,2091900
20150615,103.8700,104.3100,102.4900,103.0600,1649800
20150616,104.6700,104.7700,102.7200,103.3900,1764000
20150617,103.6400,105.7200,102.5600,105.2200,4748200
20150618,104.8200,105.3800,103.7600,104.5100,3366200
20150619,103.9400,105.0500,103.9300,104.5200,3179800
20150622,104.9600,105.4800,104.0100,104.9700,2012100
20150623,104.4500,105.3300,103.7100,105.0000,3171600
20150624,104.8100,105.1000,103.7600,104.6500,2980500
20150625,106.1300,106.5000,104.8900,105.1700,2883300
20150626,104.6300,106.3600,104.3200,105.7300,2860200
20150629,101.6200,103.6200,101.5500,102.6400,2936800
20150630,103.5200,104.9500,102.2500,102.3700,3005900
20150701,101.0600,104.6600,100.5000,104.1500,4304700
20150702,101.6500,102.0300,101.0300,101.5000,2396000
20150706,98.7500,101.5600,98.6300,100.0000,3860400
20150707,97.6200,99.0000,94.2900,98.8000,9028200
20150708,95.0700,96.8400,94.4600,96.4500,3426200
20150709,97.3100,98.9300,96.6800,96.8200,3585400
20150710,98.3800,99.0600,97.5900,98.5200,2130400
20150713,99.4500,99.9600,98.8800,99.1300,2078700
20150714,101.1200,101.4000,99.0300,99.3400,3021700
20150715,100.3000,101.3700,99.5000,100.9800,2225400
20150716,100.7500,101.4900,99.9100,100.7500,1975700
20150717,97.5000,100.4300,96.9100,100.4300,3825200
20150720,96.2300,97.5000,95.3200,97.0500,3873500
20150721,96.0600,97.5600,95.1900,96.3700,3223800
20150722,95.7100,96.2800,95.1000,95.9500,2980000
20150723,93.8000,96.1100,93.7800,96.0900,4504800
20150724,90.3700,93.9900,88.5100,93.9900,6388500
20150727,89.8500,90.7000,88.7600,89.0400,4871200
20150728,92.4600,93.3600,88.7000,93.2400,6223800
20150729,93.7600,94.9900,91.2700,92.9500,5471600
20150730,94.1500,94.2000,92.6600,93.8000,2351400
20150731,93.8300,95.7500,93.5000,94.9400,3303000
20150803,90.0700,93.5300,89.0600,93.3500,6221200
20150804,91.5600,91.9300,90.4400,90.5300,3098800
20150805,91.6400,93.4600,90.8900,92.4500,3867900
20150806,90.1800,92.1000,90.0100,91.4000,3443100
20150807,86.9900,90.5200,86.8700,89.8000,4421800
20150810,91.4200,91.5000,86.3600,87.5000,4384200
20150811,89.3600,89.5500,88.1500,89.2700,3525400
20150812,89.3800,89.8200,87.3000,87.9300,3899300
20150813,89.2800,89.8800,88.4900,89.4900,3137300
20150814,87.1100,90.1000,86.5500,89.0900,4581000
20150817,87.3200,87.7000,85.5000,86.7600,3411200
20150818,86.1800,87.6900,85.9200,87.1900,3215300
20150819,84.9300,85.6900,82.8000,85.3100,5802000
20150820,83.9100,85.7600,83.7900,84.4800,4695800
20150821,80.2500,83.4700,80.1500,82.8600,6246500
20150824,77.2500,80.6900,72.7600,75.0000,7916800
20150825,77.7200,82.2300,77.6500,81.7500,7428200
20150826,80.9000,81.5800,79.7400,80.7700,7122200
20150827,85.2600,85.9400,82.6100,83.0000,6441000
20150828,85.4300,86.3500,84.0200,84.0200,4249100
20150831,85.3800,86.1700,82.5000,83.2400,3472500
20150901,81.5500,84.8200,81.1100,82.3100,4562700
20150902,82.7600,82.9800,80.9400,82.9800,3565800
20150903,82.6900,84.1300,82.1500,83.3400,3706800
20150904,80.2500,81.7600,79.7800,80.8200,4031700
20150908,83.1700,83.5000,81.7000,81.8900,3429000
20150909,83.1200,86.0800,82.6600,85.0100,5653900
20150910,84.1100,85.0300,82.7800,82.8800,3701000
20150911,83.7700,83.9700,82.6200,83.4900,3845200
20150914,82.3900,83.7300,81.6500,83.6800,3496100
20150915,83.7800,84.4100,82.6500,82.8000,3989700
20150916,87.3000,87.4200,83.6700,84.3000,3935700
20150917,86.2000,87.6200,85.8600,86.2700,4302200
20150918,85.6900,85.7700,84.0100,84.5300,6854800
20150921,86.7600,87.5100,85.7400,86.2200,3102100
20150922,84.9300,85.6900,84.0200,85.0200,3770900
20150923,83.2000,85.8600,83.0900,84.9300,3066200
20150924,83.8500,84.3000,80.8200,82.1600,4057700
20150925,84.5100,85.2300,83.6700,85.0500,2758900
20150928,80.6000,83.6600,80.2200,83.4900,3504700
20150929,80.9600,81.9000,80.1400,80.8400,3733000
20150930,83.3600,84.0600,81.9600,82.3300,3580500
20151001,85.9800,87.0400,84.1300,84.7200,5318500
20151002,88.4300,88.4700,83.8400,83.9300,2967800
20151005,90.5500,91.2900,89.3700,89.4900,4334000
20151006,93.6300,94.5700,90.5300,90.8800,4996400
20151007,95.5900,96.6300,92.7700,95.2300,5468700
20151008,97.5000,97.5100,95.1600,95.5700,3712300
20151009,95.4500,98.2500,94.7300,98.1500,5172600
20151012,92.6800,94.7900,91.9600,94.7100,4156200
20151013,92.2800,94.4400,91.7400,92.1300,4469500
20151014,94.1500,94.5300,92.0000,92.5000,2982000
20151015,93.4000,94.1500,91.4900,93.7500,4289700
20151016,94.1600,95.2400,92.5300,94.6600,3310700
20151019,93.3600,93.7100,92.4000,93.4500,3647900
20151020,93.3400,95.4000,92.7400,93.3300,3158600
20151021,91.2500,94.0000,90.8400,93.9300,4963400
20151022,94.5100,94.6100,92.9200,93.2700,5116200
20151023,94.1600,95.5000,90.7500,95.1600,5286700
20151026,92.4100,94.5400,92.4000,93.8400,3254700
20151027,90.4300,92.3900,89.6500,91.3900,5199200
20151028,92.1500,92.9800,90.2400,90.9100,5376500
20151029,92.0000,92.4700,91.5600,91.5800,3095500
20151030,92.9100,93.5700,91.6300,92.2800,5478900
20151102,93.6200,94.2900,92.2600,92.6900,3314700
20151103,95.3100,96.2000,93.5000,93.5900,4619900
20151104,95.4200,96.5000,94.9700,95.5800,4021000
20151105,94.9900,95.8200,93.8800,94.8300,3028900
20151106,96.1800,96.2200,94.2000,94.5500,3653000
20151109,94.4900,96.7800,94.2300,95.7800,2484700
20151110,93.4700,94.7200,92.1300,94.3300,2729800
20151111,92.5300,94.4300,92.3400,93.7800,2149900
20151112,90.0500,91.0000,88.7700,90.7500,4101900
20151113,91.7800,92.2800,90.0800,90.1000,3130500
20151116,94.4200,94.5200,91.6300,91.8500,2861700
20151117,93.9900,95.3700,93.0000,94.0000,2828000
20151118,95.0700,95.1200,93.9900,94.3800,2870300
20151119,93.1200,95.1000,92.9000,94.8500,2332300
20151120,93.2900,94.9300,93.1400,93.4500,2252500
20151123,94.4200,95.0900,93.6000,93.6200,2672200
20151124,96.3200,96.8200,93.9300,94.2700,3666000
20151125,95.9500,96.8700,95.2700,96.0200,2031800
20151127,95.1600,95.8900,94.4800,94.4800,1115100
20151130,95.8200,96.8000,95.4100,95.6100,2828400
20151201,97.0800,97.2000,95.7100,96.0000,3352500
20151202,95.0800,96.8200,94.5000,96.3700,2541500
20151203,95.1700,96.3000,94.2800,95.6600,3879900
20151204,96.3300,96.6400,93.8900,94.9400,3582900
20151207,90.4900,95.6300,89.5700,95.5000,5429100
20151208,87.3700,89.3700,85.8200,88.7000,7115000
20151209,88.8300,90.9700,87.4100,88.2500,6489800
20151210,87.5000,88.9500,87.1400,88.3000,2526100
20151211,85.5800,87.2300,85.2000,86.0000,4169100
20151214,85.7200,85.8100,83.2200,85.3400,4247300
20151215,88.0500,89.3100,86.8100,86.9600,4147100
20151216,88.9300,90.1300,87.5600,88.6100,3632400
20151217,87.6900,89.3600,87.3600,89.3000,2498600
20151218,87.5300,89.5900,87.0600,87.4400,6437700
20151221,86.9800,88.6300,86.3100,87.9700,3024700
20151222,87.0900,88.0600,86.6300,88.0600,2816800
20151223,89.7500,89.8000,87.7200,88.1700,2862600
20151224,88.1700,89.8900,88.1700,89.4500,1314900
20151228,86.9200,87.8700,86.7700,87.7100,2168900
20151229,88.6600,89.0000,87.7700,87.7700,2085100
20151230,87.7600,88.7900,87.5500,88.0700,1240100
20151231,86.9000,87.9000,86.8800,87.0000,1804400
20160104,87.1800,87.2700,85.5500,86.2800,2657300
20160105,87.6400,88.3400,86.2500,87.8200,2333600
20160106,83.5100,85.5700,82.6600,85.1100,3824000
20160107,80.0900,82.5700,79.6200,82.3800,5271000
20160108,79.5900,81.5300,79.1500,80.5200,4011900
20160111,76.3300,78.9800,75.5300,78.8300,6074900
20160112,78.1500,78.2700,75.8400,77.4400,4539500
20160113,74.9400,79.7500,74.8200,79.7500,5040500
20160114,76.3700,77.6700,73.9400,74.9100,4797900
20160115,74.9800,75.9300,74.1400,74.7200,4970400
20160119,73.9800,75.9700,72.1800,75.0200,5176100
20160120,72.3400,73.4100,69.1000,71.7400,5215700
20160121,74.5900,74.7900,71.5500,72.4300,4437500
20160122,78.4900,80.0000,77.1300,77.4300,6191400
20160125,75.8400,78.5800,75.8000,78.5000,4050100
20160126,77.6200,77.6700,75.5500,76.4400,3629700
20160127,76.7100,78.6200,76.0200,77.2100,2994100
20160128,77.3900,80.1900,77.1600,78.7500,3831900
20160129,77.9700,78.5100,76.0800,77.5100,5172200
20160201,77.2500,77.9600,76.0000,77.5900,5507600
20160202,75.2000,76.2800,73.8200,75.2300,5035900
20160203,75.4800,76.4500,71.5000,75.3900,6170100
20160204,79.6600,80.4600,75.8200,75.8200,5640500
20160205,79.7500,81.3500,78.6300,78.8400,5351900
20160208,75.7200,78.3400,73.1400,78.3100,5161600
20160209,75.7200,76.4700,74.0700,75.0000,3909400
20160210,75.0200,77.6100,74.5500,75.5900,2236800
20160211,73.4300,74.7400,72.1500,73.3000,4018800
20160212,76.4600,76.5300,73.4400,74.8700,3533100
20160216,77.9300,78.3900,76.9000,77.6100,3706600
20160217,79.1000,81.0400,78.5500,79.0000,3789400
20160218,80.2000,80.2500,78.7200,79.5000,3711600
20160219,78.1400,80.0000,77.9300,79.6600,3250100
20160222,80.5600,81.3900,78.1400,78.1400,2729500
20160223,77.0000,80.3100,76.5900,80.0900,2662100
20160224,78.2500,78.4100,75.0400,76.0000,3358200
20160225,78.1800,78.5600,76.3300,77.4600,2567100
20160226,80.1700,81.1600,79.4700,80.6400,3526800
20160229,80.2100,82.0100,79.9400,80.5200,4193300
20160301,80.8900,81.6100,79.7500,81.0900,3816800
20160302,80.4300,81.5700,79.3900,81.3600,3638600
20160303,79.9000,80.9000,79.7200,80.1700,3608300
20160304,82.0000,83.2400,79.7500,80.3900,5472400
20160307,84.2400,84.2600,81.9300,82.1200,3567300
20160308,80.5800,84.0800,80.5400,83.1900,6366400
20160309,82.5900,82.9200,80.8900,81.9500,7156100
20160310,84.9800,85.0400,82.3600,82.6800,4738600
20160311,87.4800,87.8300,86.2500,86.4900,4436600
20160314,84.7500,87.4500,84.6400,86.8100,4337400
20160315,84.2200,84.6500,82.5200,83.7000,4304400
20160316,86.3300,86.4200,83.3000,83.3000,3289100
20160317,88.6000,89.1800,86.5400,86.5500,4898200
20160318,87.6200,89.9900,86.7900,89.7200,9606400
20160321,86.2000,88.1600,85.5300,87.6200,3486000
20160322,86.0700,86.7000,84.8500,85.7900,2974800
20160323,84.7100,85.9200,84.2600,85.8500,3714200
20160324,85.3700,85.4000,83.2900,83.6100,2736400
20160328,85.1100,85.5800,84.6600,85.5300,1805400
20160329,85.1900,85.3100,83.6500,84.3800,2963100
20160330,85.9000,86.9100,85.3900,85.9000,2704600
20160331,85.5800,87.2300,85.4000,86.0700,2413200
20160401,86.8300,86.9100,83.5800,84.5000,2740600
20160404,86.1600,87.6800,85.9700,86.7400,2082000
20160405,84.8700,85.2900,84.2400,84.8700,2559400
20160406,86.2300,86.3400,84.0300,85.1100,2850600
20160407,84.3900,86.1000,84.1100,85.3900,2166500
20160408,83.8700,86.7700,82.2400,85.7700,6172900
20160411,85.1900,86.6500,84.4700,84.6900,2582200
20160412,87.8800,88.1600,85.4500,85.8200,3389800
20160413,88.4000,89.6700,87.6100,88.6900,3205200
20160414,88.4000,89.3700,87.9000,89.3700,1838000
20160415,88.1500,89.3100,88.0700,88.7500,2541100
20160418,88.4800,88.7900,85.3300,88.1500,2151500
20160419,91.1000,91.2400,89.1300,89.1300,3483400
20160420,90.4400,91.4100,90.1300,90.8100,2584300
20160421,90.6900,93.7500,90.4900,90.8900,4673300
20160422,90.2000,93.1500,88.3100,93.1500,5242000
20160425,88.2500,90.0000,87.9500,89.1700,3272300
20160426,89.6400,90.0700,88.5800,88.8500,2597900
20160427,89.1600,90.2800,88.0100,89.5500,3680800
20160428,86.3600,89.0000,86.1100,88.3600,3555700
20160429,82.6700,86.0600,81.6000,85.6600,6077700
20160502,83.8200,84.1800,82.0000,83.0000,3874400
20160503,82.9700,83.3400,81.1500,82.6100,3860200
20160504,81.4000,82.9800,81.1800,82.1000,3237400
20160505,81.6200,82.9300,81.3000,81.9200,2786500
20160506,82.1000,82.5000,81.2100,81.4400,1922000
20160509,81.1600,82.5000,80.0500,81.5400,2623400
20160510,82.3200,82.6300,81.0000,81.3600,2940900
20160511,81.8700,83.0000,81.2600,82.3300,2386900
20160512,81.2500,83.5000,81.0800,83.2300,2590700
20160513,80.7200,82.3500,80.3900,81.0300,2549300
20160516,83.2700,83.7900,80.8000,81.0500,3504300
20160517,83.8900,85.0000,83.0000,83.0600,3539900
20160518,81.6200,83.7700,81.2100,83.1500,2727100
20160519,80.8300,81.6600,80.0100,81.5700,3164500
20160520,80.4400,81.5900,80.0700,80.7000,2224200
20160523,80.1000,81.0200,79.8400,80.1200,2187700
20160524,80.4500,80.5800,79.8000,80.3900,3095300
20160525,82.7100,82.9900,81.1000,81.2100,3050300
20160526,81.3700,83.7000,81.3400,82.9900,1774200
20160527,81.4000,81.9700,80.7000,81.1200,1913800
