20150529,92.2600,92.9200,92.1500,92.8100,3561400
20150601,92.5600,92.9400,91.6100,92.4000,2635400
20150602,93.1700,93.5200,91.4400,92.1400,2795500
20150603,93.5000,94.0600,92.9000,93.3000,3638000
20150604,92.5700,93.6600,92.3200,92.9500,3320300
20150605,92.6200,92.8400,91.7000,92.4400,2655000
20150608,91.9000,92.6100,91.7700,92.3900,2561500
20150609,92.0900,92.3100,91.3000,91.7300,2375100
20150610,94.1700,94.3600,92.4000,92.5000,3727600
20150611,94.5000,95.1300,93.9800,94.3500,3403600
20150612,93.7700,94.2700,93.2100,94.0500,2777500
20150615,93.3000,93.5400,92.1500,92.9300,3229000
20150616,94.1500,94.4200,93.0800,93.3300,2446100
20150617,94.4500,94.9700,93.9000,94.3500,2962100
20150618,96.0500,96.3100,94.5400,94.5700,4208000
20150619,94.8100,95.9600,94.7200,95.8200,5011200
20150622,95.4200,96.1300,95.2600,95.5900,3290100
20150623,95.7000,95.9800,95.3500,95.6700,4195400
20150624,95.5100,96.1500,95.2900,95.3800,3682500
20150625,94.4600,95.8700,94.2800,95.8700,3214900
20150626,94.5100,94.8300,93.9000,94.8000,3201100
20150629,92.5200,94.1200,92.4100,93.6800,4426500
20150630,93.4800,94.0400,92.7400,93.2000,4750400
20150701,94.5000,94.9500,94.0000,94.4700,3737000
20150702,94.2400,94.7600,93.9000,94.4900,3034700
20150706,94.5200,94.6800,93.2300,93.4000,3042000
20150707,93.8900,94.5400,92.2900,94.5400,4859200
20150708,92.4900,93.2700,92.1300,92.9700,4367200
20150709,93.0400,94.1400,92.9900,93.7300,2986000
20150710,94.6200,95.0000,94.0800,94.4500,2721800
20150713,95.5000,95.7000,95.1100,95.3700,3454400
20150714,95.2700,95.9000,95.1500,95.7000,3148400
20150715,95.2500,95.6000,94.6500,95.5100,3969400
20150716,95.8200,95.9700,95.4600,95.7500,3100400
20150717,96.0800,96.2600,94.4600,95.5600,2726300
20150720,97.2600,97.7600,96.4100,96.5600,4621700
20150721,96.7100,97.4000,96.3200,97.2000,3836200
20150722,96.8800,97.3600,96.1500,96.3000,3809900
20150723,95.1600,96.9700,94.8700,96.9000,4896900
20150724,95.8300,97.4900,95.5200,97.3000,6798800
20150727,94.3900,95.8300,94.3000,95.4700,4538900
20150728,95.1600,95.4700,94.7100,95.0700,6528700
20150729,96.7300,97.9500,93.0000,94.4000,11420600
20150730,98.4100,98.8200,96.1100,96.6400,4407300
20150731,97.4000,98.7800,97.2700,98.6500,3956700
20150803,97.4400,97.8800,96.3100,97.7400,2989800
20150804,97.3000,98.3000,97.1400,97.4500,2976200
20150805,98.2700,98.7300,97.7900,98.0800,3306100
20150806,97.1600,98.6100,96.9200,98.5600,4109900
20150807,97.7700,97.7900,96.5600,97.0900,3114900
20150810,98.0800,99.1800,97.8000,98.3700,3445500
20150811,97.2000,97.7700,96.7000,97.2000,4178100
20150812,97.0400,97.3400,95.2700,96.5600,3924200
20150813,97.2300,97.9000,96.5800,97.2900,2440200
20150814,97.8900,98.0700,96.8600,97.2300,1849200
20150817,97.8600,97.9500,96.8000,97.5600,2423900
20150818,97.6000,98.1100,97.5000,97.6800,2215000
20150819,96.6000,97.4800,96.1700,97.1500,3737000
20150820,94.5600,96.1200,94.5200,95.9700,4884000
20150821,90.6800,93.9300,90.6400,93.5300,7992200
20150824,87.8300,90.5500,74.6100,85.5000,11374700
20150825,86.8200,90.8900,86.6600,90.8300,6600600
20150826,91.7100,91.8700,87.9500,88.9100,6591600
20150827,94.0500,94.2100,92.0500,93.1500,5435400
20150828,94.0800,94.1700,93.0600,93.6900,3136600
20150831,92.3700,93.6400,92.0000,93.4200,4963100
20150901,89.0500,91.0400,88.5400,90.0600,6341900
20150902,90.4300,90.5700,88.9900,90.1600,5175400
20150903,91.6500,92.3500,90.9400,90.9900,3617900
20150904,90.5300,90.9300,89.8900,90.7500,3595400
20150908,92.9000,93.1300,91.5800,92.2100,4176300
20150909,89.9700,93.5500,89.7700,91.2000,8118200
20150910,89.6800,90.6900,89.5500,89.8000,7370000
20150911,91.3500,91.4200,89.4600,89.5100,4572400
20150914,90.9400,91.4500,90.5500,91.2800,3740400
20150915,92.1100,92.6000,90.1800,91.2800,4670200
20150916,92.7300,92.7700,91.8700,92.3200,4128600
20150917,93.2100,94.8400,92.6300,92.6500,4627000
20150918,92.1500,93.3200,91.8400,92.0500,8342900
20150921,93.0500,94.0700,92.5900,92.8700,3998800
20150922,92.0700,92.3100,91.4100,91.7300,3457100
20150923,92.1400,92.7400,91.8100,91.9100,2557000
20150924,91.1200,91.5700,90.1100,91.4100,3513900
20150925,91.3000,92.1000,90.7000,92.0900,3880800
20150928,88.3500,91.1000,88.1500,90.9700,4966800
20150929,88.7600,89.5500,88.0200,88.6700,4501200
20150930,90.1200,90.2900,88.9500,90.2000,4550800
20151001,90.7300,90.8800,89.4000,90.5700,4496000
20151002,92.0700,92.1200,88.9200,89.2700,3543600
20151005,94.3300,94.3700,92.5500,92.7900,3837600
20151006,93.9200,94.8500,93.7700,94.0000,3641700
20151007,95.1800,95.2700,94.2000,94.5100,3754300
20151008,95.8700,96.0000,94.6500,94.7000,2970500
20151009,95.8200,96.1900,95.1100,95.6300,4733200
20151012,96.6400,96.8200,95.8200,95.8300,2577900
20151013,95.9300,96.6700,95.8800,96.3200,2415100
20151014,95.0300,96.1900,94.7900,95.7100,2832500
20151015,97.1600,97.1600,95.5200,95.9600,2896900
20151016,97.6400,97.6900,96.6600,97.3700,3385600
20151019,97.7400,97.9900,97.0100,97.2100,4024100
20151020,97.6700,97.8300,97.0700,97.4800,2451600
20151021,96.6000,98.3600,96.4800,98.1100,2899600
20151022,98.0200,98.7400,97.1600,97.4400,4033400
20151023,99.7900,99.8600,98.1800,99.2500,5240400
20151026,99.6300,99.9300,98.5000,98.5000,3652000
20151027,98.4300,99.4700,97.8400,99.3500,3789300
20151028,100.0900,100.1300,98.3600,98.7300,4583800
20151029,100.5900,101.6500,99.0000,99.8800,4940600
20151030,98.9900,101.0000,98.7200,100.7700,5539000
20151102,99.3800,99.6700,98.6900,98.9000,5480700
20151103,100.1200,100.5500,99.0100,99.4500,4497500
20151104,100.5200,100.6900,99.5100,100.1000,3292200
20151105,100.6900,101.2000,99.8100,100.0000,3032300
20151106,101.5000,101.5100,100.2700,100.8000,4333200
20151109,100.4700,101.1700,99.8000,101.0400,3722700
20151110,100.6500,100.7700,99.8200,99.9700,2991700
20151111,100.8800,101.7600,100.7600,101.2900,4663300
20151112,98.2800,100.8100,98.2600,100.8100,5274800
20151113,96.8600,98.5000,96.6900,98.0900,4363900
20151116,98.3000,98.3600,96.5000,96.5700,3979900
20151117,98.0700,99.0200,97.8100,98.5600,3767500
20151118,99.1600,99.2200,98.1300,98.4300,4502400
20151119,98.9300,99.2600,98.3500,99.0100,3620800
20151120,99.5000,100.1500,99.2700,99.4200,3319700
20151123,99.3700,99.9600,99.0600,99.9600,2115900
20151124,98.5000,98.9200,97.5600,98.7300,2588400
20151125,98.1600,98.8400,98.0600,98.5400,2196200
20151127,98.6700,98.9500,98.2700,98.2800,1502600
20151130,97.9200,98.8900,97.9200,98.8000,3847500
20151201,97.9300,98.6700,97.1700,98.2100,4891600
20151202,97.1000,98.0000,96.9100,97.7400,3584400
20151203,95.9600,97.9500,95.7000,97.3300,3479200
20151204,98.7000,98.7000,96.2400,96.4300,3868100
20151207,97.8200,98.6900,97.4300,98.3000,2855600
20151208,98.1800,98.5700,96.7600,97.1800,3664000
20151209,97.8200,99.9300,97.4900,98.6100,5111300
20151210,97.6100,98.6600,97.4500,98.1200,2907900
20151211,94.8300,97.6100,94.5000,97.6100,4558700
20151214,96.3000,96.3100,94.7000,95.0800,3930200
20151215,98.4300,98.8600,97.2800,97.4000,4576200
20151216,100.0400,100.2900,98.8900,99.6500,4493600
20151217,99.3300,100.8000,99.2600,100.5400,4581200
20151218,96.2900,98.9300,96.2100,98.6400,6039600
20151221,97.0400,97.7400,96.2300,96.9100,2748400
20151222,97.5400,97.7900,96.7800,97.5100,3341900
20151223,98.7300,98.8800,97.7100,97.9400,2054200
20151224,98.5900,99.1100,98.3100,98.7800,932700
20151228,98.5300,98.6200,97.8600,98.1500,1673400
20151229,99.7200,99.9900,99.2300,99.2300,2362300
20151230,98.8700,99.9700,98.7300,99.6700,1856700
20151231,97.3600,98.8600,97.3600,98.2500,3219200
20160104,94.8100,95.5900,93.7200,95.3700,6378700
20160105,94.9900,95.8300,94.4100,95.3800,4352500
20160106,93.3500,94.3900,92.9800,93.4900,4370000
20160107,91.6400,92.3700,90.6800,91.5600,6600000
20160108,89.8900,92.2400,89.7200,91.9700,5912100
20160111,90.5800,91.1000,89.2900,90.2500,5845600
20160112,91.4400,91.8700,90.1200,91.6100,4441800
20160113,89.1900,92.1500,88.7500,92.0700,4895000
20160114,90.7100,91.6900,89.1600,89.4000,6235800
20160115,88.7100,89.2800,87.8200,88.0900,6459800
20160119,86.2200,89.7400,85.4900,89.5600,10175200
20160120,85.1300,85.9600,83.5200,84.7100,11672100
20160121,86.1200,87.5300,84.5600,85.2300,5989700
20160122,88.0000,88.8300,87.4000,87.7300,4912500
20160125,86.7700,88.1900,86.6500,88.0300,5110500
20160126,87.0000,87.5000,86.4000,87.0000,4872500
20160127,84.8100,87.0500,84.3400,86.8900,6750900
20160128,83.4300,85.6500,83.3500,85.3400,9169600
20160129,89.0300,89.2500,81.0000,81.4500,16410500
20160201,88.6300,89.2000,87.2300,88.5200,5956400
20160202,85.9300,87.7400,85.3700,87.6800,7096900
20160203,86.4700,86.7600,84.4600,86.5600,5253600
20160204,86.3300,86.8700,85.7400,86.2400,4490600
20160205,82.7600,86.3200,82.1800,86.0400,8474000
20160208,80.6500,81.7400,79.8700,81.4400,9213800
20160209,81.9700,83.2300,78.5200,78.8700,7802700
20160210,83.3100,84.8400,82.9300,83.0600,4858900
20160211,82.1100,82.7900,79.9800,80.1500,6285400
20160212,84.8900,85.2700,83.3100,83.6200,5213300
20160216,86.1800,86.5900,85.3600,86.1200,4908000
20160217,87.2100,87.6000,86.5900,86.9300,4143400
20160218,86.0400,87.4500,85.8300,86.5800,3551500
20160219,86.7900,86.8600,85.2200,85.6500,3490500
20160222,87.8200,88.2300,86.7900,86.7900,3010800
20160223,86.2100,87.8500,85.9300,87.2600,4236900
20160224,86.4200,86.7600,84.5900,85.1400,3361300
20160225,87.4200,87.4300,85.5200,86.5500,3280500
20160226,87.5700,88.5900,87.4900,88.1100,3294900
20160229,86.9200,88.8300,86.9000,87.3000,4302900
20160301,90.1000,90.1300,87.7200,87.7700,4967500
20160302,89.8900,90.0900,88.9900,89.7600,3898300
20160303,89.7400,90.1400,88.9200,89.7300,4202500
20160304,90.0500,90.5600,89.5000,90.0000,3181300
20160307,88.3000,89.7500,87.4400,89.6900,4939800
20160308,86.8500,87.7600,86.8100,87.4600,4251700
20160309,87.1800,87.6000,86.7000,87.2100,3477800
20160310,86.8900,88.2000,85.9300,87.6600,3239100
20160311,88.5800,89.1600,87.7800,87.9100,4003200
20160314,88.8700,89.1300,88.0200,88.5300,4407400
20160315,89.3600,89.7000,88.2000,88.3600,4468800
20160316,90.0100,90.3200,89.0200,89.2200,3005000
20160317,91.4100,91.6600,89.6600,89.9200,4568900
20160318,92.3100,92.4400,91.4500,92.0100,5972900
20160321,92.3500,92.6300,91.5600,91.8600,3176900
20160322,91.7600,92.2100,91.5400,91.6800,3541300
20160323,92.1300,92.6500,91.6400,91.8800,2816100
20160324,91.9100,91.9700,91.3000,91.3000,2618700
20160328,91.2400,92.3000,91.1800,92.1800,2304300
20160329,92.7800,93.0400,91.1000,91.2200,3326300
20160330,93.8100,94.1700,93.3000,93.5500,3477900
20160331,94.5000,94.9400,93.5200,93.6800,5647100
20160401,95.8700,96.1100,93.5000,93.6500,5276900
20160404,95.0500,96.1000,94.4600,96.0100,4449900
20160405,94.3500,95.4100,93.8900,94.1000,5378300
20160406,94.7500,94.8400,93.8400,94.2000,3334200
20160407,93.5100,94.2600,93.0400,94.1700,3046500
20160408,93.7900,94.6600,93.4200,94.0900,2564000
20160411,93.4700,94.6800,93.3900,93.9200,3858200
20160412,93.8600,93.9900,93.1400,93.7600,2673700
20160413,95.7500,95.7500,94.3900,94.5000,3698600
20160414,96.1700,96.7700,95.4100,95.7200,3292200
20160415,96.6800,97.3100,96.1400,96.2500,4127600
20160418,97.6700,97.7900,96.6000,96.6400,3079700
20160419,97.2400,98.1600,96.3500,98.0000,3635900
20160420,97.9000,98.4000,97.0500,97.6600,3627300
20160421,97.5400,98.0900,97.3500,97.9500,2913600
20160422,97.4500,98.4900,96.3900,96.3900,7176300
20160425,96.9800,97.3200,96.5400,96.7900,3276100
20160426,97.2700,97.6100,96.7300,97.1600,2928200
20160427,98.3800,98.6100,96.5500,97.2400,5204600
20160428,97.1800,100.0000,96.7300,97.9400,6242300
20160429,96.9900,97.6600,96.0800,96.8300,5319200
20160502,97.7700,97.9400,96.4900,97.1500,3810500
20160503,96.4500,97.5400,95.9200,97.0100,3352600
20160504,96.2500,96.3900,95.2300,95.7200,3173300
20160505,96.1900,96.8300,95.9600,96.3400,2848600
20160506,96.6800,96.7600,95.6500,95.8000,2042700
20160509,96.7200,97.2500,96.5000,96.8100,1970000
20160510,97.6400,97.7000,96.6900,96.7800,1902200
20160511,96.4100,97.8400,96.3600,97.6400,2532600
20160512,95.8500,96.8200,95.2400,96.7400,4216800
20160513,95.3600,96.2800,95.1400,95.5900,3353600
20160516,96.1500,96.5200,95.4500,95.6000,2261500
20160517,95.6000,96.2900,95.2600,95.9800,3452200
20160518,95.6300,96.1700,94.8700,95.3300,2469900
20160519,94.7000,95.5000,94.0800,95.1400,2264600
20160520,95.4700,95.8900,95.0300,95.1700,2445700
20160523,95.0800,95.7300,94.9900,95.5100,2230700
20160524,96.4800,96.7400,95.3300,95.5300,2446500
20160525,96.4500,96.9000,96.1400,96.7800,2689500
20160526,96.3800,96.7300,96.0700,96.5400,1737100
20160527,97.1800,97.1800,96.3800,96.5300,2720600
