20150529,23.7873,24.2267,23.7786,24.1652,3476600
20150601,24.0422,24.3322,23.7258,23.9104,3622800
20150602,24.1388,24.2794,23.7873,23.9631,2031200
20150603,24.3849,24.4728,24.0685,24.2091,3204600
20150604,24.0246,24.2619,23.9367,24.2091,2315900
20150605,24.0949,24.1652,23.8576,24.0422,2020700
20150608,23.7786,24.1476,23.7698,24.0070,2311700
20150609,23.9719,24.0422,23.7170,23.7786,2305900
20150610,24.4991,24.6221,23.9982,24.0598,3539700
20150611,24.5343,24.9385,24.4728,24.6221,3397200
20150612,24.3849,24.6749,24.3761,24.4464,2834200
20150615,24.1037,24.3937,24.0510,24.2531,2780400
20150616,24.0598,24.2004,23.9367,24.0246,3306900
20150617,24.1213,24.2267,23.8752,24.0598,3395600
20150618,24.3673,24.4464,24.1828,24.1828,4658500
20150619,24.3497,24.5870,24.2970,24.3761,4252800
20150622,24.2707,24.5255,24.1564,24.5079,3432700
20150623,24.1828,24.3761,24.0598,24.2707,3862300
20150624,24.0158,24.3761,23.9719,24.3146,2627000
20150625,24.0861,24.2355,23.9895,24.0334,3224500
20150626,23.9895,24.2707,23.9104,24.1037,3285200
20150629,23.2337,23.9719,23.2162,23.8225,4091100
20150630,23.4359,23.6380,23.3216,23.3919,4961500
20150701,23.7700,24.1100,23.5400,23.8100,5291800
20150702,23.6000,23.8700,23.4700,23.8200,3243000
20150706,23.5000,23.7700,23.3300,23.4000,2871300
20150707,23.6200,23.6500,22.9900,23.5200,6215100
20150708,23.0300,23.4500,22.8800,23.4300,4062500
20150709,23.0500,23.3300,23.0400,23.3000,3634100
20150710,23.4800,23.5500,23.2100,23.2600,3162900
20150713,23.5200,23.7500,23.4000,23.6400,4043100
20150714,23.6400,23.6700,23.4200,23.4500,4163500
20150715,23.4000,23.7100,23.3900,23.6700,3895800
20150716,23.2700,23.7200,23.2300,23.5800,5570500
20150717,22.8600,23.2600,22.8400,23.2100,2591800
20150720,23.0100,23.1200,22.8700,22.8900,3580100
20150721,22.6300,23.0300,22.5200,22.9000,5949500
20150722,23.0800,23.1600,22.5800,22.5900,7639100
20150723,23.8000,24.2500,23.2500,23.3900,9118700
20150724,23.3700,23.9400,23.1500,23.8000,5728300
20150727,23.1600,23.3900,23.0200,23.2000,5525300
20150728,25.6300,25.9200,24.1400,24.2000,12562300
20150729,26.4100,26.5400,25.7800,25.7800,7496000
20150730,26.4000,26.6900,26.0700,26.3500,6269200
20150731,26.3900,26.7900,26.3100,26.5100,6419300
20150803,26.4400,26.5300,26.2000,26.3600,6074100
20150804,26.4600,26.7000,26.3200,26.4900,4198800
20150805,26.2000,26.7100,26.0600,26.6700,4826300
20150806,26.4400,26.8700,26.2800,26.3500,7649600
20150807,26.8300,26.8500,26.3600,26.4600,4958600
20150810,26.9400,27.3300,26.9100,27.0000,3655600
20150811,27.1000,27.1200,26.5200,26.6700,4121000
20150812,27.0900,27.2500,26.4600,26.8500,3667500
20150813,27.0400,27.2600,26.9400,27.0900,2733000
20150814,27.2200,27.3600,27.0100,27.0400,3039800
20150817,27.6200,27.6200,27.0900,27.2000,2082500
20150818,28.3500,28.5900,27.6500,27.6900,8066200
20150819,28.0900,28.3400,27.9300,28.0800,3393000
20150820,27.2500,27.9600,27.2400,27.8500,4056500
20150821,26.5300,27.2000,26.5300,26.9900,5988400
20150824,25.2900,26.1800,24.8900,24.9600,10774600
20150825,24.8900,26.1300,24.8800,26.1100,8173300
20150826,25.7500,25.8600,24.8100,25.6100,7597300
20150827,26.2900,26.3800,25.7900,26.0300,5540800
20150828,26.2900,26.5200,26.0600,26.1800,3696100
20150831,26.2300,26.5600,25.8800,26.1200,3617500
20150901,25.6400,26.0200,25.4900,25.7500,5380400
20150902,26.2000,26.2100,25.5500,25.9600,4311400
20150903,26.5900,26.9000,26.3400,26.3400,4938400
20150904,26.2300,26.4000,26.0100,26.1500,4963300
20150908,26.7600,26.7700,26.3900,26.7100,4637000
20150909,26.6000,27.1700,26.5600,27.0000,3643300
20150910,26.8500,26.9600,26.4900,26.6100,3611100
20150911,27.1100,27.1100,26.6500,26.7300,2801700
20150914,27.1000,27.2600,26.9400,27.1100,3829700
20150915,27.5000,27.6000,26.9700,27.2100,3265100
20150916,27.5500,27.6300,27.3000,27.4700,3399400
20150917,27.5500,28.0700,27.3000,27.5300,5112000
20150918,27.2600,27.4900,26.9900,27.1800,6393800
20150921,27.2900,27.6700,27.1000,27.4400,3747100
20150922,26.6900,26.9900,26.3900,26.9900,5796800
20150923,26.5500,26.7800,26.3400,26.7500,3931400
20150924,26.3000,26.4100,25.9300,26.3200,4759500
20150925,26.1900,26.6900,26.0400,26.6100,3162100
20150928,25.6200,26.1900,25.4900,26.1200,6658100
20150929,24.5800,25.8100,24.2800,25.6700,7977700
20150930,25.1800,25.2900,24.5600,24.8000,7329100
20151001,25.6700,25.7200,25.0900,25.3500,6766700
20151002,25.9000,25.9000,24.8900,25.2600,6016700
20151005,26.4600,26.5000,25.8200,26.1500,5221000
20151006,26.5300,27.3200,26.5000,26.8100,10038500
20151007,26.7800,27.2100,26.5300,26.6200,17149600
20151008,26.7800,27.0400,26.6800,26.7800,15233800
20151009,27.0100,27.0700,26.5900,26.8600,8669800
20151012,27.1100,27.1600,26.7000,27.0500,3852300
20151013,26.6300,27.3200,26.5900,26.9700,5460700
20151014,26.1500,26.9100,26.1200,26.6100,5928100
20151015,26.3800,26.4500,25.7500,26.3100,7075900
20151016,26.4200,26.5000,25.9300,26.3900,6896100
20151019,26.5500,26.6700,26.2700,26.3700,4213500
20151020,26.6700,27.2300,26.4900,26.5400,4487500
20151021,26.8500,27.1800,26.8200,26.9100,5326700
20151022,27.6300,27.7100,26.6000,26.9200,5773400
20151023,27.5700,27.9800,27.3800,27.8900,5573400
20151026,27.6000,27.6900,27.2400,27.6000,7169100
20151027,28.3600,28.3800,26.7700,26.8100,12026500
20151028,29.2500,29.2600,28.6600,28.7100,8403600
20151029,28.6800,29.3100,28.5000,29.2300,6544800
20151030,29.0000,29.2000,28.6000,28.6600,4279400
20151102,29.3500,29.4100,29.0000,29.0500,3121200
20151103,29.4000,29.5300,28.9200,29.2800,5206000
20151104,29.0200,29.5500,28.9800,29.4000,5394900
20151105,29.2500,29.3100,28.7500,29.0100,3250200
20151106,28.6000,29.2400,28.5700,29.1200,6761500
20151109,28.4100,28.5900,28.0800,28.5500,4667200
20151110,28.8000,28.8400,28.2800,28.3700,3508100
20151111,29.1600,29.3300,28.7900,28.9400,3043200
20151112,28.6700,29.0700,28.6400,28.8900,3596500
20151113,28.3000,28.7300,28.2300,28.6000,3361400
20151116,28.7800,28.8600,28.1300,28.3800,3871300
20151117,29.3200,29.5100,28.3800,28.3800,5344100
20151118,29.8400,29.8900,29.3100,29.3600,3697800
20151119,29.9500,30.0900,29.7500,29.8400,3942800
20151120,30.1900,30.3400,30.0000,30.0100,3052100
20151123,30.1600,30.6100,29.9700,30.2000,4154500
20151124,30.1900,30.3600,29.9800,30.0300,2573900
20151125,30.5000,30.5200,30.1900,30.1900,2107500
20151127,30.2500,30.5500,30.1500,30.4500,1597600
20151130,29.9100,30.4000,29.8300,30.2900,3496300
20151201,30.4200,30.4600,29.8000,30.0200,3572800
20151202,30.1700,30.4900,30.1200,30.3300,3280300
20151203,29.5100,30.2600,29.3100,30.2000,3158000
20151204,30.0200,30.0900,29.4800,29.6300,3232600
20151207,29.9400,30.0200,29.7300,29.8800,2228700
20151208,29.7500,29.9900,29.4900,29.5900,2853200
20151209,29.3000,29.9900,29.1400,29.6200,3259600
20151210,29.2500,29.4800,28.9000,29.2200,3663200
20151211,28.9600,29.3200,28.8300,29.0000,2998100
20151214,29.2200,29.2400,28.6500,29.0800,3602100
20151215,28.8100,29.5900,28.7600,29.4000,4885100
20151216,29.4300,29.6500,28.9900,29.1000,4871600
20151217,28.3700,29.5200,28.3700,29.4500,4451400
20151218,27.8800,28.2400,27.6800,28.2400,8325800
20151221,28.0400,28.2200,27.8100,28.0500,3342700
20151222,28.3100,28.3600,27.8800,28.1500,2892300
20151223,28.3800,28.6300,28.3100,28.5000,3356200
20151224,28.4400,28.5600,28.2600,28.3400,1535900
20151228,28.5100,28.5400,28.1700,28.2500,1500400
20151229,28.5400,28.7500,28.4300,28.7300,1796700
20151230,28.4100,28.7100,28.3700,28.4900,1545600
20151231,28.3000,28.6500,28.0000,28.3100,2096700
20160104,27.8000,27.8800,27.4800,27.8300,3374000
20160105,27.6900,28.1600,27.5600,27.8900,2511600
20160106,27.3800,27.7000,26.8200,27.2300,6287000
20160107,26.1300,27.0800,25.9200,26.7800,5723000
20160108,25.5300,26.4300,25.4700,26.2600,8750400
20160111,25.1500,25.8200,24.8700,25.5700,7066500
20160112,25.5200,25.6700,25.0600,25.4400,7857800
20160113,24.5400,25.8000,24.5100,25.6000,5757600
20160114,24.9500,25.1000,24.1000,24.5800,7536900
20160115,24.8200,25.3300,24.3000,24.4100,7463600
20160119,24.7100,25.4200,24.4500,25.0700,6824700
20160120,24.2600,24.5700,23.7600,24.2800,6957100
20160121,24.9100,25.3700,24.1300,24.3200,8733300
20160122,25.5700,26.1900,25.4100,25.5500,5461000
20160125,25.3700,25.7200,25.3100,25.6900,5516300
20160126,25.6700,25.7200,24.9600,25.3600,3507100
20160127,25.7700,26.1500,25.4700,25.5700,5728600
20160128,25.4200,26.0700,25.2300,25.9100,4416700
20160129,26.3900,26.4200,25.2900,25.6700,4719200
20160201,26.2700,26.3900,26.0000,26.2300,3795900
20160202,25.0700,26.0100,25.0300,25.9400,6471400
20160203,25.2600,25.5100,24.2600,25.3600,6906600
20160204,25.3900,26.0400,25.1400,25.1400,4689500
20160205,24.3000,25.4700,24.1900,25.3400,6235300
20160208,23.4600,23.9900,23.1000,23.9200,10549400
20160209,25.3900,25.6300,23.6000,24.6200,11542300
20160210,25.5100,26.4000,25.3600,25.6800,7124500
20160211,24.9700,25.6200,24.6200,25.0600,6618700
20160212,25.8200,25.8600,25.2300,25.3200,5417100
20160216,26.4300,26.4400,25.6100,26.3100,7757800
20160217,27.2300,27.4400,26.6000,26.6100,6053000
20160218,27.0300,27.3800,26.9300,27.2700,4252100
20160219,27.6200,27.7000,26.8300,26.9500,5082200
20160222,27.7900,28.0100,27.5700,27.8600,4107000
20160223,28.3600,28.4000,27.6200,27.7700,5456100
20160224,28.6800,28.7700,27.8100,28.0700,5552300
20160225,28.9100,29.0500,28.2300,28.7000,4004300
20160226,28.7400,29.1300,28.6700,29.0300,4413000
20160229,28.2000,29.0600,28.2000,28.8100,4239500
20160301,29.2000,29.2000,28.3600,28.4400,4372900
20160302,29.0700,29.2700,28.7100,29.1200,3933600
20160303,28.9700,29.2300,28.5600,29.1400,5425700
20160304,28.9900,29.3400,28.7400,28.9800,4589100
20160307,28.9600,29.1400,28.6100,28.8100,3414500
20160308,29.1400,29.2600,28.5600,28.7800,5309000
20160309,29.2300,29.3200,28.6600,29.2200,4956500
20160310,29.1200,29.5800,28.7600,29.3000,3335000
20160311,29.4900,29.5600,29.1200,29.4800,3436000
20160314,29.5100,29.5500,29.0400,29.3200,3243400
20160315,29.8200,29.8300,29.1500,29.2200,3806500
20160316,29.9800,30.1500,29.5700,29.6600,4409200
20160317,30.5600,30.7000,29.8500,29.9100,3142100
20160318,30.7700,30.9500,30.5700,30.6800,4729600
20160321,30.8600,30.9900,30.5900,30.7700,2974200
20160322,31.0700,31.2300,30.5300,30.6000,2933700
20160323,30.9400,31.3700,30.8200,30.8400,3334100
20160324,30.8900,30.9200,30.6700,30.8400,1924300
20160328,31.2000,31.4100,30.8800,30.9500,2401300
20160329,31.4300,31.4800,31.0800,31.1800,2049300
20160330,31.6000,31.7100,31.2800,31.5400,2200600
20160331,31.4500,31.6100,31.2200,31.5000,6966200
20160401,32.0400,32.1000,31.2300,31.3400,4525500
20160404,31.6800,32.0800,31.4700,32.0000,3516000
20160405,31.5000,31.6800,31.1600,31.3700,3076800
20160406,31.7200,31.7300,31.3600,31.3800,2234800
20160407,31.4000,32.0000,31.1900,31.6100,2909600
20160408,31.7300,31.8800,31.5700,31.6900,1851800
20160411,31.4700,32.0100,31.4400,31.7700,2577800
20160412,31.7800,31.8600,31.4500,31.4500,2332400
20160413,32.2100,32.2600,31.9200,32.0000,2001000
20160414,32.1600,32.3700,32.0100,32.2900,1860900
20160415,32.2800,32.3200,32.0600,32.2400,1788400
20160418,32.4000,32.5000,32.1200,32.2300,2143300
20160419,32.4000,32.6900,32.1200,32.4000,2154300
20160420,32.7200,32.9200,32.2100,32.4000,2838900
20160421,32.3000,32.8400,32.2200,32.7800,3148000
20160422,32.4700,32.5600,32.2900,32.3500,2958900
20160425,32.2400,32.4700,32.0100,32.4400,3926900
20160426,31.5800,32.4000,30.6500,32.4000,7092000
20160427,31.6900,31.8300,31.1900,31.7900,5421100
20160428,31.1600,31.8000,31.0700,31.5400,4086500
20160429,30.7100,31.0700,30.4500,31.0400,4372900
20160502,31.3800,31.4100,30.7100,30.7600,2678400
20160503,30.7200,31.2700,30.6600,31.2400,4190500
20160504,30.6800,30.7600,30.3900,30.5600,2663600
20160505,30.9900,31.0600,30.7100,30.7900,3540300
20160506,31.7000,31.7100,31.0200,31.0300,3919800
20160509,31.7200,31.8500,31.5300,31.6800,3199100
20160510,32.2000,32.2100,31.7400,31.9100,2598600
20160511,31.5900,32.2900,31.5900,32.1600,2735100
20160512,31.3500,31.8400,31.1400,31.6900,2901900
20160513,31.1800,31.5700,31.0700,31.2900,1891000
20160516,31.5000,31.6800,31.0700,31.2000,2544100
20160517,31.3400,31.6800,31.1700,31.4500,4193800
20160518,31.2400,31.5400,30.9800,31.1800,2782300
20160519,31.3500,31.4000,30.9800,31.0700,3134200
20160520,31.7800,32.0900,31.6600,31.6600,2791600
20160523,31.3700,31.8000,31.2300,31.7800,2403300
20160524,32.3900,32.6100,31.4100,31.5900,4348400
20160525,32.5700,32.7500,32.4300,32.4800,2630800
20160526,32.3700,32.6900,32.3500,32.6000,2443300
20160527,32.6200,32.7400,32.3800,32.4000,1637900
