20150529,95.9300,97.7700,95.8400,97.5900,6439100
20150601,96.2200,96.9100,95.8400,95.8400,4919200
20150602,96.2900,96.9700,95.8100,96.3000,4430300
20150603,96.5200,97.0700,95.9700,96.3800,4165700
20150604,96.3100,96.9700,96.0100,96.3000,4702800
20150605,95.5400,96.0900,95.4700,95.9300,3959300
20150608,95.3200,96.0400,95.2500,96.0000,4594600
20150609,94.7300,95.5600,94.4900,95.5200,7770900
20150610,95.3000,95.6300,94.8100,95.0200,4828600
20150611,95.5900,96.3300,95.5000,95.5000,4203900
20150612,95.0600,95.5500,95.0000,95.4200,3702400
20150615,94.3000,95.0000,94.0200,94.7400,5861800
20150616,94.6300,94.6700,94.1000,94.2500,3094800
20150617,95.2200,95.5200,94.5400,94.5400,3941000
20150618,96.1700,96.6300,95.2800,95.6900,5101000
20150619,96.0800,97.1400,95.9800,96.3900,8279300
20150622,96.8700,97.0300,96.1400,96.3100,3893300
20150623,97.1800,97.9600,97.1200,97.5900,4541700
20150624,96.6400,97.4500,96.6400,96.7500,3927100
20150625,95.7900,96.9100,95.7800,96.7000,4322300
20150626,97.2900,97.3500,95.9300,96.1300,6039500
20150629,95.4400,97.2300,95.4200,96.6200,8412800
20150630,95.0700,96.3000,94.5400,95.9300,6656000
20150701,95.7600,95.8200,94.7300,95.1000,4446200
20150702,96.1700,96.6000,95.5800,96.1300,3250900
20150706,95.6500,96.2800,95.2500,95.8900,3852500
20150707,96.6800,96.7800,95.2400,95.9300,4794400
20150708,95.8400,96.5900,95.6500,95.6500,4914300
20150709,96.4900,97.2700,96.4400,96.6400,5482500
20150710,97.6500,97.7800,96.9500,97.2500,5179200
20150713,98.4300,98.5100,97.7000,98.0000,4578700
20150714,98.7800,99.0500,97.9600,98.1200,5746100
20150715,99.0700,99.6300,97.8500,98.1500,7572500
20150716,97.8600,99.1100,97.2100,99.1100,7696200
20150717,97.5000,98.2200,97.0000,97.7000,6429800
20150720,97.4900,98.2100,97.4000,97.7800,4947000
20150721,97.3200,97.7200,96.9600,97.6000,4206700
20150722,97.5800,98.2500,97.4300,97.7100,5392600
20150723,97.0900,99.0000,96.1500,98.9000,10380700
20150724,96.1000,97.4100,96.0900,97.4100,5554600
20150727,96.0400,96.7500,95.7000,96.0000,5818600
20150728,97.3300,97.4200,96.3200,96.4800,4863000
20150729,98.2100,98.3900,97.0000,97.4800,6006500
20150730,99.1700,99.3400,97.5900,97.5900,5372500
20150731,99.8600,101.1000,99.3000,99.6500,7647000
20150803,99.4200,100.1800,99.0200,100.0000,4427300
20150804,99.1400,99.5200,98.7700,99.4700,2842100
20150805,99.8000,100.1400,99.2600,99.8300,3560600
20150806,99.3500,100.1800,99.2100,99.7200,6740200
20150807,98.9200,99.4200,98.4500,99.2900,3463700
20150810,99.3900,99.9500,98.8700,99.4900,3994500
20150811,98.8100,99.1600,98.4000,98.6900,3585000
20150812,98.2800,98.4300,97.2300,98.2700,4167100
20150813,99.3700,99.8200,97.9900,98.0700,4636400
20150814,99.2700,99.5600,98.7200,99.0500,3185600
20150817,100.6600,100.9100,98.9200,99.0000,5204100
20150818,100.7600,101.4400,100.0000,100.0000,4257300
20150819,101.1000,101.8800,100.1900,100.4500,5989000
20150820,99.7600,101.0000,99.7400,100.7300,6668000
20150821,97.1300,99.3900,97.1300,99.3800,10980000
20150824,92.8700,95.8800,87.5000,91.5800,15074800
20150825,91.2100,95.4800,91.0300,95.4700,11468800
20150826,95.1500,95.2000,91.4700,92.9300,16439800
20150827,97.3300,97.3700,95.5700,95.8800,10187100
20150828,96.2500,96.6600,95.7900,96.0500,5606000
20150831,95.0200,95.8800,94.8500,95.7700,5086600
20150901,93.4700,94.2800,92.6000,92.7700,7308400
20150902,96.0400,96.1200,94.5500,95.6300,6908100
20150903,96.0100,97.4300,95.5800,96.8000,6313900
20150904,94.8500,95.5800,94.3100,95.0500,4429100
20150908,96.7800,96.8800,95.4900,96.3100,5771100
20150909,95.4300,97.3900,95.2200,97.2900,5129400
20150910,95.2500,95.8500,94.7500,94.9600,6210800
20150911,97.4100,97.4200,95.2600,95.4700,6656300
20150914,96.9700,97.6600,96.6300,97.3600,4557200
20150915,98.1900,98.5900,96.7400,97.2900,5142600
20150916,98.6900,98.7400,97.5300,98.6500,5198700
20150917,97.8400,98.9700,97.3900,98.5700,7955000
20150918,97.0500,97.7000,96.2500,96.8200,10492700
20150921,97.9000,98.1700,97.0100,97.4800,4543500
20150922,97.2000,98.0800,96.7100,97.1200,6254500
20150923,97.3800,97.8500,97.0100,97.2400,3035300
20150924,97.2900,97.4300,96.3000,96.8300,4138800
20150925,97.5900,98.7000,97.4600,97.8900,4825800
20150928,95.9600,97.7400,95.7800,97.0000,6609800
20150929,97.4800,97.7900,96.8100,97.4600,6944800
20150930,98.5300,98.7000,97.7600,98.2100,5517600
20151001,98.7800,99.0000,97.6700,98.5000,4456600
20151002,99.7900,99.8100,97.1300,97.3300,4400800
20151005,101.1700,101.6400,100.2000,100.2700,6501600
20151006,101.9000,102.3000,101.1600,101.2600,7252400
20151007,101.7700,101.9000,100.3400,100.7500,6497100
20151008,102.9500,103.4700,101.7700,101.8500,8218900
20151009,102.7600,103.4400,102.2700,103.0000,5756600
20151012,103.2400,103.3100,102.5100,102.6800,3448200
20151013,103.3800,103.5100,102.6300,102.8500,4697300
20151014,102.8200,104.9300,102.4300,104.1500,9093000
20151015,103.6600,105.2000,101.6000,102.5700,10168300
20151016,104.8200,105.0100,103.4100,104.7200,6717800
20151019,104.4900,105.1500,104.1500,104.2400,7064300
20151020,103.8400,104.3500,103.4200,104.0500,4872200
20151021,102.5400,104.2500,102.0800,103.9800,7979600
20151022,110.8700,111.0000,108.3800,110.4000,25286600
20151023,112.5900,112.8700,111.1000,111.1800,11677300
20151026,112.1800,113.9600,111.8200,112.2300,11478600
20151027,111.6400,112.3500,110.5900,112.2700,10013300
20151028,112.9400,112.9500,111.4000,111.6900,4390300
20151029,112.6200,112.9500,111.8900,112.6600,3752600
20151030,112.2500,113.2900,112.2500,112.8800,6409500
20151102,112.1100,112.8400,111.2300,112.4600,5663000
20151103,112.0800,112.3100,111.2700,111.9200,4584900
20151104,112.4000,112.5300,111.3100,112.1900,6797100
20151105,112.8500,113.4500,112.1500,112.6000,5059100
20151106,113.3100,113.4400,112.1600,112.4000,4615600
20151109,112.9300,113.4800,112.4000,113.4500,8423800
20151110,113.2200,114.9900,110.7500,112.7700,12716500
20151111,113.8500,114.4300,113.5400,113.6700,8387800
20151112,112.1100,113.7400,112.0600,113.5000,5893800
20151113,109.9700,112.3600,109.9100,111.8500,8602400
20151116,111.0600,111.0600,109.6000,109.8500,6731800
20151117,110.9400,111.8200,110.4600,111.0400,6027600
20151118,112.5300,112.5900,110.8400,111.3000,5194500
20151119,113.3000,113.7100,112.3000,112.5300,5323500
20151120,113.9100,114.1700,113.1900,113.3600,6659400
20151123,114.4700,114.9000,113.9100,114.0100,4968400
20151124,114.2800,114.5600,113.3600,113.9000,6047700
20151125,114.4000,114.9200,113.9500,114.2700,7477200
20151127,114.2300,114.3900,113.5300,113.7100,2763700
20151130,114.1600,114.4900,113.5600,114.3800,7872000
20151201,114.4500,114.9300,113.7900,114.5200,5321900
20151202,113.7200,114.2700,113.4500,114.1000,5692200
20151203,113.3900,114.4400,112.9100,113.6100,6558600
20151204,116.2000,116.3900,113.4200,113.7500,7778200
20151207,116.4200,116.5100,115.7500,115.8100,4810700
20151208,116.5300,116.8600,115.2600,115.9500,4814200
20151209,116.5800,117.3000,115.9000,116.2100,7604700
20151210,117.2000,117.5100,116.2000,116.6100,5299900
20151211,116.0800,116.6100,115.6200,115.8600,5736400
20151214,116.2600,117.0700,114.6500,116.1700,7660700
20151215,116.9300,118.2400,116.8400,117.5000,6104700
20151216,117.8400,118.7500,116.4900,117.4900,6306300
20151217,117.5000,118.9000,117.4900,118.3400,5275900
20151218,116.6600,117.2800,115.8900,116.7400,11238900
20151221,117.6900,117.7400,116.6100,116.9600,3344600
20151222,117.7200,118.0400,116.6400,117.9600,4092000
20151223,118.8000,118.8500,117.7500,118.0200,3641900
20151224,118.5700,118.9900,118.5000,118.7500,1659300
20151228,118.7500,118.9000,118.0500,118.1000,2777200
20151229,120.0700,120.2300,118.8200,119.0000,3213900
20151230,119.4300,119.9900,119.2300,119.6400,2400800
20151231,118.1400,119.1800,117.9400,118.8200,3723200
20160104,117.5800,117.7300,115.8700,117.2500,9995000
20160105,119.2000,119.2300,117.2900,117.4100,6314000
20160106,118.4000,119.2700,117.8100,118.0000,6543800
20160107,115.6600,117.9700,115.5900,117.4400,7477900
20160108,115.4800,117.4700,115.2600,115.7500,6103400
20160111,116.6900,117.0600,115.5800,115.6500,6392400
20160112,117.4400,117.7400,116.1700,117.0300,5639700
20160113,115.1200,117.8700,115.0800,117.6900,6986000
20160114,116.6200,117.1300,113.0000,115.5900,9204500
20160115,115.1800,116.4500,114.2100,114.2600,10201900
20160119,117.5000,117.7100,115.9600,116.6300,9195300
20160120,115.7800,118.0000,114.3800,116.9700,11905200
20160121,117.8400,118.4400,115.7900,116.5100,9839100
20160122,118.4000,118.7500,117.3700,118.4400,9016600
20160125,119.2000,121.9000,118.2000,121.8500,15141500
20160126,120.4300,121.3000,119.0000,119.6000,8326100
20160127,120.8700,121.6200,119.8300,120.8800,7409000
20160128,122.3800,122.6000,120.2000,121.1000,7460500
20160129,123.7800,124.3500,122.7500,122.7700,10549900
20160201,124.6100,124.8300,123.0200,123.0800,6189900
20160202,123.9500,124.3400,123.1000,124.0500,7653000
20160203,121.4700,124.5800,120.8400,124.3600,9327000
20160204,120.6600,121.2400,118.7200,121.0400,7595000
20160205,115.4000,120.6500,114.9600,120.6500,13261700
20160208,116.0500,116.3600,112.7100,114.0500,11311500
20160209,117.0100,117.8000,115.3500,115.5400,7525700
20160210,117.5400,118.5300,117.2600,118.0200,5726300
20160211,116.7300,117.5000,115.6900,115.7400,7568600
20160212,117.9300,118.3300,116.1000,116.7200,8552800
20160216,119.1800,119.1800,117.6000,118.4200,10835800
20160217,118.6400,119.4000,116.7200,119.1800,12729000
20160218,117.1700,119.4600,116.9300,118.8100,9707100
20160219,116.5300,117.3500,115.8100,117.0000,10793700
20160222,117.6700,118.1600,116.5300,116.5300,6223300
20160223,116.9000,118.1500,116.8500,117.3500,5276700
20160224,117.0600,117.3300,115.8000,116.3200,5349800
20160225,118.3700,118.5000,117.1600,117.4300,6034000
20160226,117.0600,118.2700,116.1700,117.9800,5193700
20160229,117.1900,118.3700,116.7100,116.8000,6467700
20160301,118.8500,119.1900,117.7700,117.9100,4731500
20160302,118.4800,118.7300,117.6600,118.5600,4267700
20160303,116.6900,117.4800,115.3200,117.4800,9132000
20160304,117.1800,117.4500,115.9000,116.7200,5830000
20160307,117.1500,117.5700,116.1200,117.0300,5618500
20160308,118.4200,119.0800,116.2100,116.2100,6218800
20160309,119.6400,120.2000,118.4600,119.2400,6424200
20160310,119.9800,120.8600,118.6600,119.9100,6171200
20160311,121.5500,122.0100,120.3600,120.4900,7035900
20160314,122.9000,123.4900,121.4500,121.8100,7907900
20160315,123.4300,123.7600,122.2100,122.3000,5051300
20160316,123.5200,124.0600,122.6700,123.3300,6669900
20160317,123.1600,123.8500,123.1100,123.2700,6076500
20160318,124.0800,124.1200,122.7500,123.4300,14659400
20160321,123.8100,124.5000,123.0500,123.6600,4040400
20160322,123.8200,124.3900,123.5600,123.7900,3484500
20160323,124.1900,125.0000,123.8600,124.1000,4129700
20160324,123.2900,124.0000,122.6600,123.6900,5796700
20160328,123.1700,124.2000,123.1200,124.0000,4774600
20160329,123.9700,124.5700,123.3400,123.4300,7175700
20160330,125.8300,126.1000,124.6000,124.9000,4836900
20160331,125.6800,126.9600,125.6100,126.1500,7658900
20160401,127.0200,127.3900,124.8700,125.1900,5201700
20160404,127.5700,127.8700,126.8800,127.0500,4239300
20160405,127.3800,127.7800,126.3900,126.8400,6268700
20160406,127.5200,127.6900,126.8400,127.4700,5617900
20160407,128.1400,128.5200,127.0200,127.3700,4712700
20160408,127.9600,128.7400,127.2800,128.2800,3622700
20160411,127.5600,128.6900,127.4500,128.3500,6964000
20160412,127.6100,128.2800,126.8900,128.0800,5188800
20160413,126.8900,127.9200,126.0800,127.7100,4974700
20160414,127.5100,128.0900,127.0400,127.1400,4802200
20160415,127.7800,128.0400,126.9600,127.0800,3098200
20160418,128.8500,128.9100,127.6800,127.7800,4524200
20160419,128.8600,129.3500,128.1200,128.9100,4585000
20160420,128.5500,129.8000,128.5100,129.3100,4974500
20160421,125.7900,128.7500,125.6000,128.5500,7924600
20160422,125.5000,128.4000,125.3600,128.1700,9299700
20160425,127.4600,127.5300,125.0100,125.0700,6967000
20160426,127.7100,128.3400,127.0300,127.4200,4081300
20160427,128.3000,128.5600,127.7800,127.9400,4426000
20160428,127.9200,128.8500,127.4400,127.8600,3345500
20160429,126.4900,127.9300,126.1000,127.9300,6265700
20160502,128.2000,128.2200,126.5000,126.6500,4800500
20160503,128.4000,128.9900,127.3800,127.4000,4039100
20160504,129.3300,130.4300,127.5700,127.5700,6605600
20160505,129.2800,129.9800,129.0000,129.3100,4519700
20160506,130.5800,130.5800,128.5900,129.3800,4417100
20160509,130.8300,131.5000,130.3500,130.6500,4978400
20160510,131.6000,131.9600,130.8500,130.8500,4076700
20160511,129.1400,131.6200,129.1400,131.2400,6848100
20160512,130.1200,130.5400,129.1600,129.7400,4286800
20160513,128.8300,130.1600,128.7100,129.7400,6162000
20160516,129.6400,129.7300,128.0500,128.5100,4334500
20160517,127.6900,129.9700,127.3000,129.6000,5814200
20160518,126.2100,127.4700,125.7300,127.0500,7293100
20160519,125.2900,125.6000,124.6800,125.4800,6252900
20160520,122.5600,125.0000,122.1400,124.7400,9731700
20160523,122.8100,123.7300,122.4700,122.7600,7076200
20160524,123.9500,124.7700,123.0100,123.3900,4494100
20160525,123.2600,123.9900,123.0300,123.7500,5307400
20160526,123.7900,123.9800,123.2300,123.3800,3689900
20160527,123.2500,124.6800,123.1200,124.2700,3208900
