20150529,237.2300,239.4500,237.0400,238.8900,1289300
20150601,238.2700,239.1900,235.5700,237.4300,641600
20150602,236.6200,239.0800,235.3400,237.9000,817900
20150603,237.0200,237.9300,235.6000,236.6500,557600
20150604,234.7200,237.0600,234.0200,235.9400,650300
20150605,235.4500,235.6100,233.0100,234.5200,620600
20150608,233.4200,236.0000,233.4200,235.0000,824200
20150609,234.0000,234.6000,232.7600,234.0200,682700
20150610,235.9500,236.2000,232.9000,234.0400,714700
20150611,237.6100,238.9900,237.0600,237.8000,798800
20150612,235.1200,237.6100,234.9600,237.4200,827700
20150615,233.7700,235.0200,232.6700,233.8300,802400
20150616,234.4400,235.0000,233.0400,234.0300,927900
20150617,233.7600,235.9800,233.0800,235.0000,695500
20150618,236.0400,236.4400,233.2800,233.4100,1299500
20150619,235.8500,236.9100,235.5200,235.7000,796500
20150622,235.7600,238.5000,235.5700,237.5400,563700
20150623,235.5400,236.4800,234.1900,236.4300,637000
20150624,230.5300,235.7600,230.5200,235.0000,1348100
20150625,229.3300,232.1300,228.8200,230.7500,1472200
20150626,227.9200,230.4700,227.6300,230.1100,1264000
20150629,224.2800,227.8200,224.1900,226.0900,1220500
20150630,224.8100,226.1400,223.0000,225.8000,1396100
20150701,225.7800,227.2500,225.0100,226.9000,928300
20150702,224.2600,227.1500,223.0000,226.7900,923100
20150706,224.5800,225.1800,221.6200,222.2500,1056700
20150707,228.2300,228.3200,223.7700,225.6400,1473800
20150708,224.5200,227.3600,224.2200,226.5500,1150600
20150709,226.9000,228.0600,226.2500,227.3900,1255400
20150710,229.5600,230.1300,228.6500,230.0000,831000
20150713,231.4300,231.9900,229.4500,231.7300,658900
20150714,233.8300,233.8600,230.1600,231.6400,941000
20150715,234.4400,235.1900,230.9600,233.7000,919400
20150716,235.0200,236.8600,234.2100,236.3100,832300
20150717,234.4600,235.6800,233.2600,234.4200,955900
20150720,234.5500,235.2400,233.2500,235.2400,819400
20150721,232.4900,234.9800,230.5700,234.9600,943300
20150722,235.1300,235.2300,232.0600,232.4400,950500
20150723,229.4800,235.0900,229.0100,235.0600,1283800
20150724,226.6600,230.4000,226.2400,230.1000,910700
20150727,224.7600,226.6200,224.1900,225.7100,956800
20150728,226.7400,226.9700,223.7500,226.2200,1077200
20150729,226.8500,227.6300,224.0600,227.3200,1400600
20150730,217.3600,222.8100,215.6000,221.4800,4628300
20150731,220.5700,220.7300,216.9700,218.1000,2082100
20150803,223.4800,223.6300,220.5700,221.5400,1753000
20150804,222.9100,224.1900,222.0100,223.2500,900300
20150805,223.4000,224.7300,222.1400,224.7300,925300
20150806,218.3900,223.6000,218.2300,223.3300,1179700
20150807,216.1400,218.3700,213.7300,218.1300,1904500
20150810,217.3400,219.0000,216.1700,217.6200,937500
20150811,215.5200,217.1300,213.5400,216.3500,885400
20150812,215.1800,215.6300,212.0400,213.9400,1149600
20150813,214.2900,216.3900,214.2000,215.2100,841400
20150814,215.2800,215.5200,213.1700,214.2400,636300
20150817,216.2900,216.4000,212.3900,214.2400,1251600
20150818,215.5100,216.4200,213.8600,215.7900,1000400
20150819,215.5100,216.9100,212.8800,213.8900,1078400
20150820,210.4900,214.2300,210.3300,213.4300,944100
20150821,202.5300,209.4900,202.1200,208.5900,1962600
20150824,197.8000,202.2800,160.1000,191.8700,2667900
20150825,188.4400,204.9000,188.1600,203.4700,4399900
20150826,197.8900,198.3700,188.9300,194.4900,4234800
20150827,198.8700,201.2500,195.4300,200.3600,2351600
20150828,200.8000,201.0100,198.0100,199.0000,1896400
20150831,197.5800,203.2000,197.0000,200.8000,2178200
20150901,195.7800,199.0300,193.0300,195.0000,2416100
20150902,197.0000,200.0100,195.7400,198.5200,1612500
20150903,194.9700,199.5200,194.1600,198.2000,2070500
20150904,192.8200,194.5600,189.9500,193.2300,2254200
20150908,195.3900,196.8200,193.6000,196.3500,1655100
20150909,192.8500,198.9000,192.5900,197.3300,2070000
20150910,195.1100,196.2600,190.9700,192.6000,2903700
20150911,197.6400,197.7500,194.1500,194.2200,1478900
20150914,196.6100,198.3100,195.4100,198.0300,1310100
20150915,200.4100,200.7400,195.6700,197.3600,1538400
20150916,204.2400,205.0000,201.1300,202.6800,2467500
20150917,204.7000,207.4900,202.6600,204.0200,1445500
20150918,203.7300,208.0300,202.0500,203.7900,2487100
20150921,201.3000,206.6300,200.7000,203.8800,1737900
20150922,198.9800,199.4000,195.8200,198.8600,1702200
20150923,198.2200,199.9300,197.0900,198.7700,771900
20150924,197.2400,198.1100,193.4900,196.7800,1401500
20150925,192.2300,198.8500,191.3400,198.2600,2171300
20150928,184.2600,192.3000,182.7000,191.6100,3131500
20150929,184.7700,187.1600,183.2300,185.1600,2465100
20150930,185.0300,187.2200,182.6600,185.8800,1786400
20151001,186.0700,186.2400,183.0200,184.7600,2008700
20151002,186.5400,186.5500,182.1800,184.2000,1831400
20151005,189.7100,190.3900,185.9700,187.2400,1958200
20151006,184.0000,189.6700,182.6000,189.5600,2143600
20151007,184.9800,185.6100,182.6100,184.4900,2384400
20151008,186.2900,187.0300,183.3900,184.4200,2010400
20151009,189.9500,190.4000,186.1000,186.2100,2783000
20151012,190.6100,191.3000,189.2100,189.7900,1241900
20151013,191.9100,194.3600,190.0900,190.5300,2081200
20151014,189.7800,193.2000,188.9600,191.3200,1573000
20151015,193.7500,193.9900,189.8900,190.2500,1542200
20151016,195.2100,195.9300,193.2100,194.9200,1052700
20151019,194.8500,196.6800,193.8300,194.5800,994300
20151020,189.3300,195.2200,188.6200,194.9500,2443700
20151021,186.6200,190.3900,184.2300,190.3200,2234300
20151022,181.4400,188.0200,177.5500,187.6500,3639400
20151023,186.9600,187.4000,182.4200,182.7200,2226300
20151026,189.5400,189.8000,185.5700,186.7000,1552100
20151027,181.6800,192.3200,169.0000,189.0500,5496800
20151028,182.4100,182.8500,176.0000,181.7500,2828600
20151029,186.2500,188.0000,180.4000,187.1400,2788300
20151030,178.8000,186.1800,178.0200,186.1800,3742600
20151102,180.6400,183.2300,179.1100,179.9100,2369800
20151103,183.3700,183.5100,178.8000,180.6700,1811200
20151104,181.9000,183.9800,179.2700,182.8300,2300900
20151105,185.9400,186.2500,180.8600,181.8300,1996300
20151106,183.7500,189.3700,181.4400,188.4800,1942500
20151109,183.1300,184.2800,180.5100,183.1800,2717500
20151110,184.6600,185.4200,181.5400,183.4400,1590400
20151111,183.4700,185.8400,182.9200,185.0500,1714400
20151112,180.1000,184.9800,179.9700,183.0000,1448000
20151113,179.8900,182.4100,179.4900,179.4900,1495000
20151116,182.3500,182.6000,179.0200,179.8900,1989800
20151117,185.4800,187.0000,180.5100,182.7900,1761500
20151118,189.2700,189.5600,184.6800,185.6000,2641700
20151119,185.3600,188.8900,184.6500,187.5000,1572600
20151120,189.6800,190.0000,186.0300,186.4700,1812700
20151123,189.7000,190.1100,188.5700,189.9300,1326200
20151124,189.8000,190.2900,188.1700,188.1700,1432100
20151125,189.5700,190.6200,188.9500,189.6100,1111800
20151127,190.3600,191.9100,188.5300,189.8400,499300
20151130,189.3500,191.0000,189.0500,190.3500,1330200
20151201,191.2500,191.4300,189.0700,190.1500,1599100
20151202,189.9900,193.1200,189.5100,191.4600,1362100
20151203,190.3000,191.9800,187.0800,190.0500,2671300
20151204,190.5400,192.3600,189.7100,191.0000,1241800
20151207,188.9800,190.8800,187.0800,190.6000,1676200
20151208,188.9100,190.1100,185.9200,187.5000,1761400
20151209,187.0600,190.7700,185.9900,187.8500,1700500
20151210,190.4800,191.4100,186.0300,188.0000,1303700
20151211,190.2100,191.0100,188.5400,188.7200,2090000
20151214,190.5800,191.4300,188.5700,190.3500,1538300
20151215,187.1500,193.0000,186.7600,192.2400,1665700
20151216,190.7200,191.1600,185.9400,188.4200,1385800
20151217,190.0200,192.1500,189.8700,191.0400,937700
20151218,193.4000,195.6400,188.7200,189.3600,3010000
20151221,195.3000,195.7000,193.0100,194.3800,1618800
20151222,197.3000,197.5500,194.6000,195.4800,1622100
20151223,200.5000,200.8900,197.3900,197.8900,1360500
20151224,199.4100,200.3000,199.0100,199.6100,495300
20151228,200.2700,200.9200,198.6400,199.4100,781500
20151229,200.3200,202.2000,199.8800,201.8600,859800
20151230,198.7400,201.4900,198.1700,200.5500,872400
20151231,197.2300,200.5700,197.2200,198.5300,1976100
20160104,194.6700,195.6600,192.8600,193.5900,1383000
20160105,195.5000,196.8400,194.6000,195.1700,1016200
20160106,193.1000,193.7100,191.3300,191.8700,1469800
20160107,187.8100,190.3300,187.6700,189.7500,1909200
20160108,182.3900,189.3900,182.0000,188.4700,2217400
20160111,163.5500,170.7800,161.8000,168.9900,9176300
20160112,164.0100,166.6400,163.1200,164.7800,3459400
20160113,157.8400,165.9600,156.3100,163.8800,4123500
20160114,164.7800,166.2000,157.5500,157.6400,3069100
20160115,165.0000,165.1500,158.8000,161.5200,3422300
20160119,169.4400,169.9800,165.0300,166.4900,3553500
20160120,170.0000,170.6400,162.3400,166.7400,3493600
20160121,170.4500,172.5000,168.6000,170.0000,2162700
20160122,170.1800,173.6400,169.5700,172.3000,2408300
20160125,170.1700,172.9100,169.8000,170.7500,2012900
20160126,170.9900,171.7200,167.0400,171.7200,1794200
20160127,166.9200,171.4500,166.1300,169.9600,2335300
20160128,160.1200,170.8500,152.2200,154.7900,4194400
20160129,160.9800,163.0600,157.6200,160.4900,2870700
20160201,159.2700,160.4500,156.3200,159.8000,2642700
20160202,155.0000,159.9500,155.0000,158.1400,3201200
20160203,152.3700,156.9800,149.2400,156.4900,4297900
20160204,153.8100,157.7800,149.5500,151.7400,2673700
20160205,154.3600,156.3900,150.8300,152.0400,2671900
20160208,151.4600,153.6600,149.2800,153.2300,2746200
20160209,150.3800,153.1800,148.2900,149.9400,1987000
20160210,152.9900,155.3000,150.5200,150.9400,2318400
20160211,150.0300,152.0600,148.5400,150.7100,3006100
20160212,151.0300,152.1800,148.7500,151.5200,1899100
20160216,152.5900,153.6400,150.6400,152.0000,1432800
20160217,155.5700,157.9100,154.0000,154.0400,2141700
20160218,155.9600,156.6900,154.8900,155.1500,1288100
20160219,154.2700,155.7200,153.1600,155.7200,1403300
20160222,156.4300,156.7300,154.7200,155.5500,769600
20160223,153.9900,156.1400,153.8000,156.0000,1270700
20160224,154.6700,155.2200,151.9300,153.2900,1064600
20160225,155.3700,156.8300,153.5100,155.9400,1142100
20160226,156.7800,158.6800,154.5600,156.0000,921300
20160229,155.6200,157.9800,155.2800,156.5600,1868800
20160301,156.6500,156.6500,154.4200,154.6800,1207500
20160302,158.6900,161.7400,155.8900,156.3300,1687800
20160303,162.7000,163.0400,157.6600,158.1600,1481200
20160304,162.7700,164.9200,162.4200,162.5900,1113400
20160307,163.0400,163.9600,161.6600,162.0000,955600
20160308,158.8000,162.6300,157.5600,162.0800,1767900
20160309,161.8800,163.5200,159.3300,160.0000,1280000
20160310,161.1200,163.6600,159.6800,162.6700,1333200
20160311,166.4000,166.7500,161.8300,162.1300,941400
20160314,164.9900,167.1300,163.9600,166.3800,909900
20160315,157.3000,163.2900,156.7900,162.8100,1689700
20160316,156.0000,158.1700,155.2300,156.5900,1650000
20160317,151.6900,155.7000,149.6000,155.0000,3452500
20160318,158.3100,160.0400,151.5500,152.0000,2819600
20160321,156.8600,158.6900,155.3700,157.9600,1108100
20160322,156.6100,157.4400,155.0000,156.3700,1271600
20160323,155.0300,158.0600,154.8900,157.0000,1384700
20160324,157.2900,158.4000,153.9400,154.0200,1506000
20160328,156.5300,157.9300,155.3200,157.2900,1356400
20160329,158.8700,159.0100,155.8800,156.5500,1437700
20160330,157.7300,159.9900,157.5400,159.0000,1029600
20160331,157.2500,159.8400,157.1100,157.9600,1192800
20160401,157.4100,157.9000,155.5700,156.7500,936900
20160404,158.2100,161.7800,157.0000,157.2400,1190700
20160405,154.6900,157.5600,154.3300,156.3700,1172500
20160406,163.2100,163.4200,155.1600,155.2800,1629000
20160407,161.2500,163.0600,159.8400,162.3400,1475100
20160408,162.2000,163.3400,160.8000,162.2400,1138900
20160411,162.3800,163.5200,161.1400,162.2400,1330400
20160412,164.3300,165.2100,162.3500,162.9400,1455800
20160413,167.5000,167.6900,163.3500,164.4200,1333300
20160414,168.5900,169.4700,165.5100,166.9500,1794800
20160415,172.7700,172.8000,168.6600,169.0900,2332900
20160418,174.0000,174.4300,170.8400,171.9100,1250700
20160419,175.8400,176.3800,173.7200,174.4400,1391400
20160420,177.5400,178.4500,175.0100,176.4000,1298800
20160421,178.0300,178.8700,177.1100,177.6500,1079000
20160422,178.2500,179.3000,176.6700,178.6500,1508800
20160425,177.1600,178.5000,175.5500,178.1600,1338900
20160426,177.1700,178.6900,176.9600,177.3400,965200
20160427,177.9300,178.5400,176.4500,177.1900,1155500
20160428,169.3300,176.6100,169.1300,176.5000,2996300
20160429,167.8200,169.2300,166.4100,168.4400,2145500
20160502,168.4300,168.8500,166.8500,167.8000,1554700
20160503,168.1500,170.0700,166.3900,166.7500,1128100
20160504,165.0100,168.1000,164.3900,167.5900,2104200
20160505,172.7000,178.5000,169.4800,171.8000,3969600
20160506,168.8600,173.1300,166.9300,171.5100,2085400
20160509,172.2200,172.9700,169.3900,169.5200,1332400
20160510,170.3100,173.7200,169.2600,173.4700,1212300
20160511,168.8900,171.9700,168.7000,169.5300,1142100
20160512,167.3000,170.0400,166.2300,169.2700,894000
20160513,165.9300,168.2600,165.4900,166.9200,889400
20160516,172.5300,173.4900,168.5800,169.0100,2222200
20160517,173.5100,175.3800,170.2400,172.1300,1788400
20160518,179.8900,181.1500,172.2500,172.2500,3996800
20160519,180.9600,183.9300,178.4000,179.5400,3401000
20160520,182.2900,182.8800,180.1300,181.7900,2529600
20160523,178.6500,181.5700,178.2800,179.8800,1329600
20160524,182.7700,183.8100,178.2600,179.0000,1893800
20160525,182.9200,185.5800,182.1400,182.9400,2116100
20160526,179.5700,183.3200,179.4700,182.4300,1540800
20160527,181.2200,182.2100,179.0300,179.5100,1067500
