20150529,41.5900,41.6000,40.4700,40.5500,26361000
20150601,40.6900,41.8100,40.4200,41.6000,13766700
20150602,40.8000,40.8200,40.0100,40.4500,9509600
20150603,41.0300,41.1200,40.7500,41.0200,10828100
20150604,40.4200,40.9200,40.3600,40.7900,7098000
20150605,40.0200,40.4200,39.7800,40.3500,10627900
20150608,40.0500,40.2100,39.9400,40.0700,6477000
20150609,40.2200,40.3100,39.9800,40.0800,5773100
20150610,40.3700,40.6300,40.2600,40.3200,6769300
20150611,40.3600,40.6200,40.2800,40.3600,5249800
20150612,40.4700,40.7900,40.1800,40.7900,8530100
20150615,40.1100,40.4300,39.9900,40.1500,6904600
20150616,40.7400,40.7900,40.0400,40.2000,6080400
20150617,40.7900,40.9000,40.4000,40.6800,5743000
20150618,40.8500,41.0600,40.8200,40.9300,10692400
20150619,41.0400,41.4400,40.8700,40.8700,12396700
20150622,41.0500,41.4500,41.0000,41.1700,5133700
20150623,41.1000,41.2400,40.8800,41.0000,3397400
20150624,41.0800,41.2900,40.9800,41.1800,6045600
20150625,41.0800,41.4700,41.0300,41.1900,6529600
20150626,41.1100,41.3500,40.9900,41.0100,9259800
20150629,40.8400,41.0500,40.7000,40.8500,9415700
20150630,41.1400,41.3400,40.9000,41.3000,11869100
20150701,41.6100,41.6400,41.2000,41.2000,6014400
20150702,41.5500,41.8400,41.2600,41.7300,5568900
20150706,41.2600,41.4800,40.9800,41.2000,9044900
20150707,41.7800,41.8900,40.9900,41.4800,6288600
20150708,41.4100,41.7500,41.3100,41.6800,5909200
20150709,41.2500,41.8500,41.2400,41.7300,5367000
20150710,41.4100,41.6900,41.3400,41.5100,4902900
20150713,41.6000,41.7300,41.5500,41.7100,5675400
20150714,41.8800,41.9900,41.4800,41.6900,7566100
20150715,41.3400,41.9000,41.1800,41.8500,9288200
20150716,41.9700,42.0000,41.4700,41.6000,5027100
20150717,41.8900,41.9600,41.4200,41.9600,4658700
20150720,41.8100,41.8700,41.5900,41.6500,3885900
20150721,42.0700,42.2400,41.7900,41.8500,5908200
20150722,42.2500,43.0000,42.1200,42.4000,6694500
20150723,42.1200,42.4000,42.0000,42.0200,5404800
20150724,42.0300,42.2300,41.8300,42.1300,5261500
20150727,42.0300,42.0900,41.2700,41.8700,7911800
20150728,42.8000,42.8700,42.0600,42.3300,8613900
20150729,43.1000,43.2900,42.6100,42.6300,12208300
20150730,45.2700,45.3100,44.0500,44.2100,17981400
20150731,45.1300,45.2100,44.6600,45.0200,10824200
20150803,45.4900,45.5100,45.0000,45.2800,7283600
20150804,45.6000,45.7200,45.2600,45.3900,7557200
20150805,46.2900,46.5900,45.7700,45.7700,11656200
20150806,46.8100,48.5800,46.1100,48.5500,24387000
20150807,46.1100,46.9200,45.8200,46.8100,15729600
20150810,46.4100,46.4500,45.6000,45.6800,10550900
20150811,46.1000,46.2100,45.7000,46.2100,9707800
20150812,46.5300,46.5700,45.3500,45.5400,10157000
20150813,46.0100,46.8200,46.0100,46.6300,14852900
20150814,46.4900,46.5400,45.9500,46.1300,9531200
20150817,46.2000,46.5000,46.1200,46.3500,9314600
20150818,46.1500,46.4400,45.9500,46.1600,10319200
20150819,45.2100,46.0000,45.1300,45.9200,12630900
20150820,44.0000,45.1400,43.9200,44.9500,17131700
20150821,43.2000,44.0700,43.1800,43.6000,18153100
20150824,41.9600,42.7900,38.9100,41.1200,27576300
20150825,41.3100,43.1100,41.2800,42.5400,30474000
20150826,42.2000,42.3300,41.0600,42.1500,17749600
20150827,42.7600,42.9400,41.9200,42.4300,15441300
20150828,42.8000,43.1300,42.3900,42.4400,8975500
20150831,42.3600,42.7800,42.2400,42.6800,9426900
20150901,41.0100,42.0000,40.7300,41.6900,12395600
20150902,42.2700,42.3000,41.3100,41.4400,13792500
20150903,43.2400,43.9100,42.4900,42.5400,15210700
20150904,42.5700,43.0300,42.3000,42.6400,11496300
20150908,42.9300,43.3100,42.3600,43.2900,9975900
20150909,41.9900,43.4600,41.8100,43.4600,8492500
20150910,42.3800,42.7300,41.7600,41.7800,12386900
20150911,42.6800,42.7100,42.1800,42.5800,8590800
20150914,42.2800,42.7500,42.0800,42.7200,6910700
20150915,42.9900,43.0500,42.1600,42.4900,19709200
20150916,43.0400,43.3800,42.9600,43.1000,10158300
20150917,43.7200,44.2900,43.1800,43.2500,13481400
20150918,42.8500,43.7300,42.7700,43.2500,14948000
20150921,42.8500,43.1000,42.7300,42.9800,6328700
20150922,41.9900,42.4300,41.7000,42.3500,8463900
20150923,42.2800,42.3800,41.8700,42.0600,7650400
20150924,42.1300,42.3000,41.5200,42.0600,12052300
20150925,42.8000,43.2200,42.4500,42.5100,9682800
20150928,41.4700,42.9800,41.4400,42.4000,14602900
20150929,40.8100,41.5200,40.2900,41.5200,16543400
20150930,41.8700,42.0000,41.1600,41.2400,14090700
20151001,42.2100,42.5300,41.6900,42.2700,10225200
20151002,43.5600,43.5700,41.5500,41.8600,11100800
20151005,44.2900,44.4600,43.6300,43.8700,10663500
20151006,43.9000,44.4100,43.8300,44.3000,7226900
20151007,44.3300,44.4300,43.8000,44.1100,7653600
20151008,45.3100,45.3200,44.0800,44.3600,7535900
20151009,45.0000,45.3200,44.7700,45.2000,6205800
20151012,45.0500,45.2200,44.7500,44.7800,4697400
20151013,44.8400,45.2700,44.6900,44.9000,6393000
20151014,44.7400,44.9800,44.4800,44.4800,4642500
20151015,44.9800,44.9900,44.1200,44.9400,9133900
20151016,45.8500,45.8600,45.0700,45.1100,9047600
20151019,46.4200,46.4600,45.5000,45.8000,8092600
20151020,45.7400,46.6500,45.6700,46.5500,7456700
20151021,45.4500,46.0200,45.0500,45.8800,12220200
20151022,46.9400,47.4200,45.5900,45.5900,11052100
20151023,46.5300,47.0000,46.4000,46.8800,9352000
20151026,46.8000,46.9900,46.3200,46.5300,6745200
20151027,46.6000,46.9700,46.4500,46.8100,9294500
20151028,46.4000,47.0000,45.4200,46.1600,8534800
20151029,46.2800,46.4400,45.4700,46.3200,6002100
20151030,46.1600,46.6200,46.0200,46.2800,6352300
20151102,46.4400,46.6300,45.0800,46.3600,7222200
20151103,46.4000,46.5000,45.8800,46.3100,6926300
20151104,45.8800,46.7700,45.7300,46.7300,6504700
20151105,45.8800,45.9300,45.3900,45.8600,5491000
20151106,44.8800,45.7300,44.4100,45.6400,6990300
20151109,44.3900,44.7800,43.8900,44.6900,9393300
20151110,44.5900,44.7800,44.3000,44.3500,6648200
20151111,44.4700,44.9600,44.4400,44.8400,5341500
20151112,43.6400,44.4400,43.6000,44.3000,6861200
20151113,43.2700,43.8800,43.1200,43.5000,7839100
20151116,44.0600,44.0800,43.4200,43.5100,6136400
20151117,43.8200,44.3300,43.6900,44.0800,6062500
20151118,44.4800,44.5400,43.7900,43.9600,6210400
20151119,44.5800,44.8100,44.4300,44.5900,5161500
20151120,43.9500,45.0000,43.7500,44.9300,8815600
20151123,44.0800,44.2700,43.7500,43.8800,10208200
20151124,43.9800,44.1600,43.7500,43.7900,4521400
20151125,43.9300,44.1500,43.8500,43.9500,5048800
20151127,44.4200,44.5700,43.7900,44.0700,3258300
20151130,43.6600,44.5800,43.6200,44.4200,11531800
20151201,44.3200,44.5400,43.7600,44.0800,10622100
20151202,43.8600,44.3500,43.7600,44.3400,5420200
20151203,42.6100,44.1300,42.4100,43.9100,13964900
20151204,44.5000,44.5400,42.8200,42.8300,11278000
20151207,44.0300,44.5000,43.7300,44.4300,9224600
20151208,44.0000,44.2100,43.1500,43.4900,6576100
20151209,43.6500,44.2500,43.3600,43.7600,7023600
20151210,43.9800,44.3400,43.5200,43.5800,8901600
20151211,42.7300,43.5700,42.5700,43.1600,9971200
20151214,43.3200,43.3900,42.6300,43.0700,9638700
20151215,44.0200,44.5100,43.7500,44.2400,8121200
20151216,44.8500,44.9400,43.9700,43.9800,9952200
20151217,44.3600,44.9000,44.2200,44.8500,6994100
20151218,43.3000,44.2600,42.9500,43.9300,21561100
20151221,44.4400,44.5200,43.3600,43.6500,8812600
20151222,44.7100,44.8100,44.0000,44.4800,6225600
20151223,45.5800,45.6200,44.8100,44.9400,6618100
20151224,45.3500,45.6700,45.3400,45.5700,2290100
20151228,45.0700,45.4800,44.9600,45.2400,3668600
20151229,45.7500,45.8100,44.9000,45.1500,5895900
20151230,45.5100,45.9500,45.4200,45.7400,5596400
20151231,44.8400,45.4500,44.7600,45.2100,4648400
20160104,43.7900,44.4500,43.2500,44.0900,11588700
20160105,44.1500,44.4500,43.6500,43.7900,15463500
20160106,43.9900,44.1700,43.2800,43.3300,19644700
20160107,41.5900,43.0400,41.3500,43.0400,19806400
20160108,40.9900,42.0600,40.9700,41.6500,14529700
20160111,41.6800,41.8000,41.0400,41.3300,10232000
20160112,42.1200,42.2900,41.5100,41.6800,10948500
20160113,40.5900,42.3300,40.5200,42.1100,14091400
20160114,41.3600,41.9300,40.5900,41.5500,12285700
20160115,40.3100,40.8600,39.7900,40.5600,19074400
20160119,41.4600,41.6600,40.6500,41.0500,14058400
20160120,40.6700,41.1500,39.6800,40.8900,12802900
20160121,40.3300,40.9100,40.0000,40.8200,9487300
20160122,41.6000,41.7400,40.4000,41.0900,9510700
20160125,40.2000,41.7900,40.1600,41.7300,13465200
20160126,41.3500,41.5500,40.2400,40.2400,8127500
20160127,41.1200,41.9600,40.7800,41.3400,7742400
20160128,41.5500,42.5300,41.4300,41.8100,11620500
20160129,43.1000,43.1000,41.8300,42.0800,14254500
20160201,42.7300,42.9600,42.1000,42.8200,7960100
20160202,41.9500,42.7000,41.6700,42.1200,11028300
20160203,39.2300,40.0800,38.2200,38.3800,25931200
20160204,38.0200,39.0900,37.8600,39.0100,18818500
20160205,37.7000,38.6800,37.3700,37.9900,30568800
20160208,36.3400,37.3300,35.8800,37.2700,24563800
20160209,37.0500,37.3800,36.1300,36.2100,11313700
20160210,38.0300,38.5700,37.2900,37.6900,12750800
20160211,37.6800,37.9400,36.9000,37.1500,11391000
20160212,38.1000,38.1600,37.6400,38.1000,7097900
20160216,39.1200,39.1500,38.4000,38.6400,11137200
20160217,39.8100,39.9200,39.1500,39.4800,11097700
20160218,39.9600,40.2800,39.8000,39.9600,7250100
20160219,39.8100,40.7700,39.5600,39.7900,13655500
20160222,39.7000,40.1100,39.5000,40.0000,9490100
20160223,40.0700,40.1700,39.5100,39.5600,8003400
20160224,40.7600,41.0000,39.6300,39.9600,8985000
20160225,41.5800,41.5900,40.7200,40.8500,8361600
20160226,40.6900,41.8300,40.6700,41.7900,10024000
20160229,40.5300,41.1700,40.5000,40.5400,10929200
20160301,41.3300,41.4200,40.6700,40.9900,6839200
20160302,41.2200,41.2800,40.5500,40.9600,7183800
20160303,41.8800,41.8900,40.9400,41.1200,7876800
20160304,42.1300,42.5400,41.7700,41.9700,6835900
20160307,41.7300,42.3300,41.5600,41.7100,6901600
20160308,41.3800,41.7600,41.1000,41.3800,7355000
20160309,41.9500,42.2100,41.3000,41.5500,7012800
20160310,41.6700,42.1600,41.1100,41.9100,6852600
20160311,42.3600,42.4200,41.5600,41.9700,6996800
20160314,42.2400,42.3500,41.7900,42.0300,4206500
20160315,41.6400,42.1500,41.5500,41.9300,7375000
20160316,41.7200,42.2100,41.3300,41.5700,10258800
20160317,40.7800,41.2900,40.0900,40.5500,27291100
20160318,40.7400,41.1700,40.6700,41.0400,21610300
20160321,40.6900,40.9100,40.5200,40.5200,12193900
20160322,39.9100,40.7000,39.7700,40.5600,16035100
20160323,39.9400,40.2000,39.5000,39.9600,15611100
20160324,39.5100,40.0600,39.4900,39.9600,10392800
20160328,39.4400,39.7000,39.2100,39.6700,12690800
20160329,40.1000,40.1900,39.2400,39.5000,9554800
20160330,40.4600,40.5900,40.0000,40.4900,10805700
20160331,40.1200,40.5800,40.0800,40.5600,11018700
20160401,41.2400,41.3000,39.5300,40.0000,9103200
20160404,41.2200,41.2900,40.8300,41.1400,8787800
20160405,41.0300,41.1500,40.7000,40.7000,10274900
20160406,41.8800,41.8900,40.3200,40.4500,9064800
20160407,41.5200,41.8200,41.3200,41.5900,7479700
20160408,42.3200,42.3500,41.6700,41.6900,8854400
20160411,42.1600,42.9500,42.1100,42.8700,6587700
20160412,42.4000,42.5300,41.9500,42.0700,5689600
20160413,42.7000,42.9800,42.3000,42.6600,7387600
20160414,42.1600,42.8500,42.1200,42.7400,12085700
20160415,43.0200,43.0300,41.9100,42.3200,7367100
20160418,43.2500,43.2900,42.6600,42.8000,5621200
20160419,43.2600,43.6500,43.0900,43.4900,5336900
20160420,43.1700,43.4800,42.7200,43.2100,5667700
20160421,41.9000,43.1700,41.8600,43.0100,8736200
20160422,42.1900,42.2000,41.5500,41.9000,7177500
20160425,42.2600,42.3800,41.8900,42.0000,5818400
20160426,42.5000,42.5000,42.0200,42.2700,8463000
20160427,43.8800,44.5000,43.2800,44.3000,11859000
20160428,43.3800,44.0500,43.2500,43.6900,7392000
20160429,42.9600,43.2300,42.5900,42.9800,10304300
20160502,44.3100,44.4800,43.0200,43.1900,8146900
20160503,43.6700,44.0000,43.2900,43.6900,5824300
20160504,43.6700,43.7900,43.2200,43.4600,4839400
20160505,43.9200,44.2300,43.6900,43.8800,5098500
20160506,43.9300,44.1700,43.2700,43.7300,4545900
20160509,44.2800,44.4100,43.8900,43.9400,6354400
20160510,45.0400,45.0800,44.2600,44.3200,5472700
20160511,44.4000,45.1700,44.3300,44.8400,5118000
20160512,44.8500,45.0100,44.3800,44.5100,9601700
20160513,44.3600,44.9200,44.2200,44.6800,11992900
20160516,44.5200,44.7300,44.2400,44.2500,5673200
20160517,43.2500,44.6000,42.9800,44.5600,8548700
20160518,43.2400,43.6500,42.8700,42.9300,6594300
20160519,43.2700,43.5600,42.5700,43.5600,5239800
20160520,43.3600,43.6900,43.2100,43.3000,5975000
20160523,43.1900,43.5900,43.0500,43.3800,6554100
20160524,44.1500,44.2300,43.3000,43.5800,6459700
20160525,44.2200,44.4900,43.9300,44.1100,5037600
20160526,44.3500,44.6000,44.0500,44.1400,3999000
20160527,44.7800,44.7800,44.3100,44.3500,5224700
