20150529,52.2600,52.8200,51.8700,52.7900,5166400
20150601,52.2700,52.5000,51.9000,52.0900,4523600
20150602,52.8400,53.1700,52.1600,52.3100,5065300
20150603,53.9900,54.1300,52.9800,53.2700,7086500
20150604,53.8100,54.1000,53.4000,53.4000,6045800
20150605,54.4500,55.7600,54.3400,54.9300,10286200
20150608,54.3400,54.8200,54.2100,54.4800,6536900
20150609,54.6600,54.9500,54.2000,54.5400,6214800
20150610,56.2300,56.2700,55.1100,55.5100,8815600
20150611,56.0700,56.5700,55.9700,56.2700,6726500
20150612,55.7700,56.2100,55.5000,55.9700,5212500
20150615,55.5700,55.8400,55.0500,55.3500,5596700
20150616,56.3300,56.6700,55.3100,55.3100,8206400
20150617,56.0200,56.8500,55.9400,56.4600,8208300
20150618,56.7400,56.9900,55.9800,56.4200,5969600
20150619,56.2300,56.7100,56.1100,56.5100,7666400
20150622,57.3400,57.5200,56.6000,56.6800,8152500
20150623,57.7000,58.2300,57.5600,57.6400,8314800
20150624,57.1700,57.9000,57.1500,57.5800,6482900
20150625,56.8600,57.6100,56.8300,57.5800,3600500
20150626,57.3700,57.5000,57.0400,57.1600,4163500
20150629,55.4700,56.6100,55.3800,56.4400,6914100
20150630,55.9900,56.6500,55.5300,56.2600,6858100
20150701,56.4700,57.2300,56.1800,57.0000,4857300
20150702,56.1600,57.0100,55.8800,56.3900,4033200
20150706,55.9100,56.1100,55.2100,55.3700,5435200
20150707,55.6600,55.9000,53.9500,55.7400,9565100
20150708,54.4400,55.1800,54.1900,54.8200,5329800
20150709,55.0200,55.6400,54.7800,55.3900,6256400
20150710,55.9600,56.2800,55.5800,55.9800,4413600
20150713,56.6000,56.8600,56.5000,56.5900,4505500
20150714,56.6800,56.8800,56.1300,56.1600,4425200
20150715,57.4700,57.4800,56.0400,56.6000,9505900
20150716,57.7000,58.1300,57.4400,57.7400,5760800
20150717,57.4900,57.5200,56.9600,57.4100,3977300
20150720,57.3500,57.8400,57.1400,57.7400,3693900
20150721,57.4800,57.9000,57.1100,57.3100,2470200
20150722,57.3300,57.6800,57.1400,57.5200,3796100
20150723,56.7500,57.5500,56.6000,57.2500,4304000
20150724,56.1500,57.1200,55.8100,56.6100,8949500
20150727,55.6000,55.8600,54.8400,55.7400,7235400
20150728,56.2700,56.4900,55.4100,56.3000,5434300
20150729,57.2200,57.4700,56.1700,56.2600,5287700
20150730,56.8300,56.8700,55.7200,56.1400,6703400
20150731,55.7400,56.6700,55.5200,56.6200,6873600
20150803,55.7300,56.1900,55.3600,55.8500,4526200
20150804,55.9300,56.1500,55.5200,56.0100,3866100
20150805,55.5100,56.3800,55.4500,56.0700,4043900
20150806,55.5100,55.9200,55.2400,55.6700,3826200
20150807,54.9200,55.6300,54.3600,55.2800,4333900
20150810,56.3600,56.5700,55.4200,55.4200,4774600
20150811,54.9800,55.7500,54.7200,55.5400,6281600
20150812,54.1800,54.4400,52.7800,54.2600,6882800
20150813,54.3700,54.6700,54.0700,54.4400,4410400
20150814,54.7600,54.9000,54.3300,54.5800,3414200
20150817,54.5000,54.6700,54.0000,54.4900,4768000
20150818,54.2800,54.6600,54.1500,54.4400,5332900
20150819,53.6300,54.1300,53.0700,53.9500,7421600
20150820,51.9100,53.2900,51.9100,53.1400,7402000
20150821,49.5500,51.4700,49.5300,51.3500,10517600
20150824,47.4000,48.8700,44.4900,46.3600,15504500
20150825,46.5900,49.3700,46.5500,49.2100,12117200
20150826,48.7900,48.9900,47.1700,47.9300,12102800
20150827,50.4000,50.5100,49.2300,49.4100,9397900
20150828,50.3200,50.4000,49.7900,50.1200,7141100
20150831,50.1000,50.4600,49.5000,49.7900,6434800
20150901,47.9900,48.8300,47.6500,48.4600,9153100
20150902,48.8500,48.9800,48.0300,48.9700,7798900
20150903,48.9600,49.6800,48.7500,49.0500,5679200
20150904,47.8600,48.4200,47.5000,48.3600,5156600
20150908,49.0700,49.2100,48.4400,48.8800,6620900
20150909,48.4200,50.0600,48.2200,49.6300,6611800
20150910,48.7000,49.0500,47.9100,48.3000,4978900
20150911,48.5300,48.5600,47.8500,48.2700,5539100
20150914,48.1900,48.4600,47.9700,48.4300,3841000
20150915,49.3100,49.5400,48.3000,48.5500,5696700
20150916,49.5900,49.7200,49.1600,49.3300,4091000
20150917,47.7800,49.6400,47.5200,49.5000,9233300
20150918,46.5200,47.0600,45.9700,46.7700,11832900
20150921,46.9000,47.4000,46.5100,47.0300,5968200
20150922,46.2000,46.2800,45.5700,46.0700,9586300
20150923,46.5200,47.1300,46.2000,46.4700,7017000
20150924,46.4300,46.5700,45.5600,45.8400,6686400
20150925,47.2300,47.6300,46.9700,47.3200,7396600
20150928,46.0700,46.8500,45.9900,46.7400,7237700
20150929,46.3400,47.0700,45.7000,47.0700,6950200
20150930,47.1500,47.2500,46.5100,47.0600,6998400
20151001,47.4400,47.6200,46.6400,47.5600,6344300
20151002,46.9700,46.9700,45.5500,46.1600,7314800
20151005,47.7900,47.8800,47.2100,47.4300,9413000
20151006,47.5400,47.9400,47.1300,47.6700,6520700
20151007,48.1900,48.4900,47.5400,48.1000,5058700
20151008,48.6200,48.7900,47.8300,47.9400,5124100
20151009,48.3900,49.0000,48.2000,48.5600,4656600
20151012,48.3400,48.5700,48.1600,48.3900,3202800
20151013,47.8800,48.5500,47.8200,48.1300,4167900
20151014,47.2000,47.7100,46.8100,47.6400,6748600
20151015,48.4000,48.4100,47.4600,47.7800,4969900
20151016,48.8400,48.8800,48.2100,48.5000,4496700
20151019,48.9300,49.1300,48.4400,48.6000,3862700
20151020,49.3000,49.4900,48.9100,49.0200,3631700
20151021,49.0900,49.8100,49.0300,49.4600,4044600
20151022,49.6800,50.1700,49.4200,49.4200,4879800
20151023,50.9800,51.1100,50.0000,50.3600,6577900
20151026,50.2500,50.9600,50.1500,50.8900,5148300
20151027,49.2200,49.9000,48.8600,49.8500,5689900
20151028,51.2500,51.3000,49.3200,49.5400,6547700
20151029,50.9900,51.5000,50.7700,51.1800,4287300
20151030,50.3800,51.0600,50.3600,50.9600,4658800
20151102,51.0700,51.2000,50.4800,50.6000,5253000
20151103,51.4000,51.7600,50.6800,51.1000,6915600
20151104,50.4900,51.3200,50.3300,51.0500,6279500
20151105,49.9000,50.1000,48.9500,49.2600,9761000
20151106,51.6900,52.4500,51.2200,51.2200,9466400
20151109,50.8000,51.8700,50.4900,51.7300,6519600
20151110,50.7700,51.1700,50.1500,50.7200,5099100
20151111,50.2800,50.8700,50.2400,50.4000,4882200
20151112,49.4600,50.1400,49.4000,49.8800,4694200
20151113,49.8900,50.0600,49.1200,49.2200,8834400
20151116,50.4700,50.4700,49.6200,49.6200,4599100
20151117,50.2800,51.0300,50.1300,50.6100,6394100
20151118,51.0800,51.1700,50.4600,50.4800,6406900
20151119,50.7500,51.2100,50.3900,50.9300,5991100
20151120,51.0200,51.3300,50.9200,50.9500,5105800
20151123,50.6900,51.2400,50.6500,51.0200,4698700
20151124,50.5200,50.6700,49.9500,49.9700,4557900
20151125,50.6500,50.7800,50.3200,50.5900,4121700
20151127,50.9600,51.1200,50.4500,50.6900,1900500
20151130,51.0900,51.1800,50.4500,50.8900,6085800
20151201,51.5600,51.7200,51.1100,51.2200,5371100
20151202,50.8600,51.7300,50.7500,51.6100,5972900
20151203,50.0600,51.2300,49.7800,51.2000,7832800
20151204,51.0700,51.2500,49.8900,50.3100,5506400
20151207,50.1200,51.0400,49.9000,50.8400,5694900
20151208,49.2300,49.7700,48.8300,49.5800,6924000
20151209,48.5900,49.9700,48.2300,49.0200,6731000
20151210,48.8700,49.5700,48.4000,48.6300,6976900
20151211,47.1200,48.1100,46.7000,48.0800,9214900
20151214,46.4200,47.6400,46.0200,47.3000,10816100
20151215,47.5700,47.7800,46.9900,47.2400,7882000
20151216,48.7000,48.9000,47.7700,48.1100,8171200
20151217,47.4700,48.9200,47.3100,48.8500,8432900
20151218,46.4500,47.3800,46.4000,47.1100,11064000
20151221,46.8200,47.1300,46.4000,46.7700,4261300
20151222,47.2100,47.4600,46.6600,47.0300,5905100
20151223,48.1800,48.2800,47.4200,47.6800,5728200
20151224,48.2700,48.5400,48.1000,48.2000,1670900
20151228,48.2600,48.3500,47.6800,48.0000,4820100
20151229,49.0100,49.1000,48.6400,48.6600,4487500
20151230,48.7300,49.0800,48.6400,48.9700,3289900
20151231,48.2100,48.8300,48.1000,48.2500,4116400
20160104,47.3200,47.3300,46.2700,47.1200,7924000
20160105,46.4200,47.3500,46.2000,46.9900,8524600
20160106,44.3700,45.7500,44.0500,45.7300,13616100
20160107,42.5100,43.4600,42.3100,43.3100,14022900
20160108,42.0300,43.4100,41.9600,43.4100,12110400
20160111,41.7100,42.4000,40.9700,42.3200,10485700
20160112,41.9900,42.6000,41.3500,42.4000,8584900
20160113,42.9100,45.3100,42.8500,45.3100,21950300
20160114,43.5000,44.0000,42.3900,43.6100,9340400
20160115,43.0800,43.2700,42.0100,42.1600,9889200
20160119,42.7400,44.0800,42.3400,43.8600,9701900
20160120,42.2100,42.6400,40.7700,41.8900,9781800
20160121,42.7000,43.5300,42.1300,42.3200,8700700
20160122,44.1900,44.2800,43.5800,43.6100,8437000
20160125,43.0000,44.1900,42.9200,43.7800,6082100
20160126,43.5100,43.8700,43.0800,43.0800,6994300
20160127,43.2600,44.2500,42.9800,43.3500,5900000
20160128,43.7800,44.0400,43.1800,43.7600,5785700
20160129,44.6500,44.7300,43.3600,44.1900,8764300
20160201,44.2800,44.4700,43.8300,44.3100,6248800
20160202,42.7600,43.6000,42.4400,43.5000,9283500
20160203,41.9500,42.8500,41.2000,42.8200,12098300
20160204,39.7500,40.8400,39.2700,40.6200,17538400
20160205,38.8100,40.0400,38.6000,39.9500,13550400
20160208,37.1500,38.3500,36.6400,38.3200,10761400
20160209,37.1600,37.4300,35.8000,36.2700,8883900
20160210,36.8700,37.9700,36.8400,37.6200,7487100
20160211,35.2100,35.7400,35.0000,35.5500,14555400
20160212,37.4300,37.8600,35.2100,35.2100,13282300
20160216,38.0200,38.3200,37.5600,38.2100,6195100
20160217,39.2700,39.5100,38.4300,38.5500,6870400
20160218,39.2000,39.4500,38.9500,39.3200,7777900
20160219,39.1100,39.1700,38.4900,38.9600,4909100
20160222,39.2100,39.9400,39.0000,39.1100,6726800
20160223,38.4200,39.1500,37.9000,39.0700,8050600
20160224,38.5600,38.6600,37.2800,37.7500,6574500
20160225,39.4200,39.4300,38.4100,38.6100,5326200
20160226,40.0900,40.6200,39.4000,39.8200,8171000
20160229,39.5600,40.2300,39.4400,40.0400,7858500
20160301,41.6800,41.8000,39.9300,39.9700,7889600
20160302,42.0100,42.2400,41.5300,41.8600,5121700
20160303,42.3900,42.4600,41.7600,42.0100,4497700
20160304,42.3300,42.8400,41.7900,42.6900,6141200
20160307,42.8500,42.9600,41.8800,41.9700,5072200
20160308,41.7800,42.4800,41.2800,42.2600,7390500
20160309,42.0000,42.4600,41.5800,42.2900,3924200
20160310,42.2500,42.9300,41.6100,42.2000,6604400
20160311,44.2500,44.3700,42.9000,42.9700,7544100
20160314,43.9000,44.1600,43.4700,43.8000,4988100
20160315,43.7900,43.8000,42.9700,43.6200,4415800
20160316,43.7700,44.3200,43.1900,43.8300,4803000
20160317,44.0800,44.2600,43.1500,43.7600,7609000
20160318,44.7300,44.7800,43.9900,44.2200,9104900
20160321,44.5100,44.9500,44.2200,44.6100,3715300
20160322,44.0900,44.4000,43.8500,44.0200,4434800
20160323,43.4100,44.0000,43.2600,44.0000,7324700
20160324,42.3000,42.8000,41.7000,42.8000,8499300
20160328,43.0000,43.1800,42.4100,42.5700,4268000
20160329,42.4600,42.6800,42.0300,42.6700,4843000
20160330,44.7300,45.8900,42.7900,42.8000,21523300
20160331,43.9400,45.1000,43.8500,44.8700,7877100
20160401,44.5600,44.6300,43.4500,43.6900,8889100
20160404,43.6800,44.6300,43.5500,44.6300,5510000
20160405,42.8900,43.2700,42.7200,43.2700,5449200
20160406,42.9800,43.0500,42.3000,42.9200,5861200
20160407,41.9200,42.6800,41.5200,42.4900,7473300
20160408,41.8900,42.6000,41.6800,42.3600,5028200
20160411,42.4300,42.9000,42.1700,42.2000,4705500
20160412,43.1600,43.3400,42.4300,42.7200,4328200
20160413,44.3600,44.4000,43.5800,43.5800,6106300
20160414,44.8500,44.9900,44.0900,44.2300,4964200
20160415,44.6500,44.9400,44.4200,44.8400,3999000
20160418,45.0700,45.2000,44.3200,44.5000,4597600
20160419,45.6200,45.9100,45.2300,45.2700,4677500
20160420,46.4100,46.5500,45.5300,45.7200,4691300
20160421,46.1200,46.7300,46.0600,46.3200,4816700
20160422,46.9000,47.0900,46.1800,46.1800,7172100
20160425,46.2400,46.8100,45.7900,46.5700,5044700
20160426,46.7200,46.8400,46.3000,46.4700,5352700
20160427,46.7500,46.9700,46.3200,46.6300,7592900
20160428,45.7300,46.6100,45.5800,46.3100,5947400
20160429,45.1000,46.0400,44.5900,45.5000,7788600
20160502,45.8400,45.8500,44.9600,45.3500,5081700
20160503,44.7900,45.2000,44.2400,45.1100,6039600
20160504,43.9400,44.4700,43.5800,44.1300,7063900
20160505,42.8100,43.6000,42.2000,42.4700,8424700
20160506,43.0200,43.1100,42.3300,42.4700,4956000
20160509,42.9200,43.1600,42.6500,42.9500,6616900
20160510,43.9100,44.0600,43.1100,43.2400,6148200
20160511,43.4200,44.1200,43.4000,43.7000,3956600
20160512,43.5100,43.9200,43.1500,43.7400,4517900
20160513,42.9900,43.9900,42.9300,43.3700,5147100
20160516,43.4000,43.7300,43.0500,43.0700,5131100
20160517,43.2900,43.8300,43.1300,43.3600,4491800
20160518,44.9700,45.1400,43.3400,43.3400,9604400
20160519,44.3100,45.1700,43.8100,44.5800,5500400
20160520,44.6100,45.1200,44.4300,44.5900,5397000
20160523,44.4400,44.7000,44.1600,44.4400,4875100
20160524,45.2700,45.5000,44.7100,44.7400,4742900
20160525,45.7800,46.0800,45.5100,45.6000,6117900
20160526,45.0800,45.9900,45.0300,45.9900,4762500
20160527,45.7700,45.7700,45.0500,45.0500,6242700
