20150529,149.0100,151.3000,148.6400,151.0700,1217700
20150601,147.0600,150.0000,146.3500,148.9000,1501800
20150602,149.3800,150.6100,146.6700,146.9900,1827000
20150603,147.8600,150.1500,146.1800,149.1100,1351100
20150604,148.0000,148.5000,145.5900,146.9000,1261800
20150605,148.1000,150.0000,146.2500,147.3300,1097800
20150608,148.6700,149.2500,147.0100,148.1000,641200
20150609,148.6100,149.9000,147.6600,148.6100,666500
20150610,151.6600,153.3900,149.7300,149.7300,903000
20150611,151.9500,153.1500,150.8400,151.8700,846600
20150612,147.8900,151.5100,147.1400,151.5100,829900
20150615,146.1100,147.5700,144.8300,146.5200,683400
20150616,145.7600,146.9700,145.0500,145.9600,453600
20150617,144.9900,146.9300,143.2500,146.0400,674500
20150618,147.3600,147.9800,144.8300,145.7900,622600
20150619,148.2500,149.4400,147.3300,147.3300,669100
20150622,148.4800,149.8800,147.1900,149.1500,551000
20150623,148.1300,149.0300,147.2000,148.3400,317200
20150624,145.9100,148.2000,144.1800,148.0500,532400
20150625,145.2200,146.2100,144.3500,146.2000,608700
20150626,144.8800,146.2800,144.2700,145.7200,1322300
20150629,142.1200,146.0900,141.8400,143.8700,513700
20150630,141.5100,143.9500,141.4800,143.0900,721300
20150701,143.8600,144.6500,142.3000,142.5700,684300
20150702,144.0000,145.3000,143.1800,144.5200,522200
20150706,144.4600,145.0800,141.8900,142.2600,804800
20150707,145.0300,145.9600,141.5400,144.3900,884100
20150708,144.6000,147.0800,142.7300,144.0100,835900
20150709,146.7700,148.9800,145.9400,146.1700,714600
20150710,152.9000,153.3500,148.1500,148.1500,896400
20150713,153.3600,155.1500,152.6500,154.4300,555700
20150714,151.8600,153.8900,151.7300,153.0500,715300
20150715,150.9500,151.5200,149.6000,151.3200,579600
20150716,153.7900,155.3500,151.2600,151.3800,565500
20150717,156.5300,157.7300,154.4900,155.1200,1082300
20150720,160.2300,160.4600,155.6100,156.9600,885900
20150721,160.2400,161.3800,158.2200,160.2600,795500
20150722,160.8400,162.0900,158.7700,159.2200,828600
20150723,159.2800,162.7500,158.7600,161.5000,847300
20150724,157.8300,159.8800,155.6700,159.2800,670900
20150727,153.6000,157.1100,153.2200,156.8200,672100
20150728,156.0100,157.2800,153.0000,155.0100,659800
20150729,157.3800,159.4700,155.1200,156.5600,827600
20150730,157.4700,157.7100,155.3700,156.6300,445700
20150731,156.8200,158.7800,156.4500,158.2600,453800
20150803,156.5200,158.6100,155.0600,156.6300,740800
20150804,165.4300,165.5700,152.0000,153.6400,2115800
20150805,170.1400,172.6000,165.9200,166.7200,1631500
20150806,167.7200,172.8400,167.0900,170.1500,1022400
20150807,167.5800,169.2000,165.7500,168.2100,543900
20150810,172.0000,173.0300,168.9200,169.1900,606900
20150811,171.0000,172.8500,170.0600,170.6800,789300
20150812,172.6100,172.7500,169.2000,169.7800,857200
20150813,172.1500,173.4200,170.4100,172.5100,519600
20150814,175.0300,175.2400,171.3500,172.0000,804400
20150817,175.1200,176.0400,173.1100,175.5300,498700
20150818,175.6900,177.5900,173.9100,174.9500,439800
20150819,170.8900,175.0900,169.7800,174.9000,638100
20150820,166.9500,170.8600,166.1100,170.0000,533300
20150821,161.6400,166.5200,159.8500,165.2800,969600
20150824,154.8200,162.3900,143.1600,152.9800,1330100
20150825,154.3400,163.8200,154.3400,158.7500,950200
20150826,157.9400,158.3300,152.7800,158.3300,770100
20150827,164.9900,166.9000,159.7900,159.7900,792200
20150828,165.5000,167.0300,162.6900,163.6300,706300
20150831,167.8000,169.3800,164.0400,164.9800,783500
20150901,163.7200,166.6400,162.7100,164.3900,677000
20150902,168.5500,168.6100,164.5800,166.3100,555600
20150903,167.9100,172.0000,167.7200,169.4100,708500
20150904,166.4600,168.5800,164.1900,166.0900,614800
20150908,169.9900,170.4000,167.3800,168.4200,550000
20150909,168.6000,172.9400,168.1300,171.7800,949200
20150910,170.7700,171.6000,167.5800,168.6800,1062700
20150911,171.4800,171.7900,168.2900,170.0200,955300
20150914,172.8800,175.0100,169.8900,171.5200,1044900
20150915,175.0900,176.2300,172.5700,173.5700,733300
20150916,176.5100,177.6000,173.9400,175.1900,536300
20150917,175.9300,178.6700,174.8800,176.3400,643200
20150918,169.8900,174.8000,169.8700,173.4500,2066300
20150921,171.5900,173.4800,170.6900,171.1700,644400
20150922,166.0200,169.3900,163.8200,169.3900,961900
20150923,161.4500,167.0200,158.5700,166.5800,1068300
20150924,159.6900,160.0000,155.2500,159.6000,1186000
20150925,159.3900,162.1900,157.9000,161.2000,806700
20150928,152.7400,158.2700,151.8200,157.9900,1098300
20150929,148.3700,156.4700,146.6700,153.5700,1508500
20150930,151.9500,152.3500,147.2100,149.9300,1342300
20151001,156.7200,157.3600,152.7100,153.2300,1565300
20151002,163.0800,163.1700,154.9800,156.6200,1223300
20151005,164.3300,166.2000,161.9400,164.5700,800800
20151006,159.3400,164.7500,157.5900,163.8100,1162600
20151007,159.7400,161.9200,157.4800,160.5200,1085100
20151008,163.0600,163.7800,157.9900,159.1100,599900
20151009,165.0700,166.2300,162.0300,163.2600,1023600
20151012,162.0200,165.9000,161.6800,165.0000,544600
20151013,155.1100,162.1100,154.2800,160.7800,999000
20151014,151.7500,155.8700,150.5600,155.4500,986600
20151015,149.2200,152.7500,147.6300,152.6900,2227400
20151016,151.4400,151.8400,149.1700,150.1600,1651400
20151019,148.4400,151.6300,145.3000,150.2700,1204700
20151020,148.3800,151.2100,147.2100,147.7000,730400
20151021,145.9000,150.3300,144.6100,149.3900,956500
20151022,152.4000,153.1900,145.0900,146.5300,913700
20151023,152.8800,154.3000,151.0100,153.5000,765000
20151026,148.5800,154.5000,147.7600,152.3300,835600
20151027,147.0200,148.7600,143.2900,147.4500,1062800
20151028,152.8600,154.1600,147.1800,147.8800,885800
20151029,151.6800,154.1300,149.8300,151.8400,642600
20151030,155.1500,155.7700,151.3900,152.3500,985800
20151102,155.2700,156.7200,152.6700,155.4400,1056800
20151103,142.1100,151.4300,138.3000,150.7500,4078400
20151104,145.8500,146.4700,138.3600,141.6900,2168600
20151105,155.3300,155.5200,143.3000,145.3300,2660300
20151106,154.9800,157.7400,153.2100,154.6200,1179300
20151109,152.1500,155.0000,150.2000,154.9900,1214600
20151110,153.5600,154.5900,151.7400,151.7400,705200
20151111,155.8100,157.2500,153.2800,154.7300,674300
20151112,151.5000,155.5000,151.2400,154.2300,702800
20151113,153.4300,156.9500,151.0100,151.3800,656300
20151116,157.5000,157.6700,152.5300,153.3400,862500
20151117,156.9700,162.1500,156.0300,157.5600,750600
20151118,159.3000,159.9500,157.0000,157.0000,626900
20151119,160.6200,162.7400,158.1200,159.6100,571600
20151120,160.8700,162.8400,160.1000,161.1400,681200
20151123,159.9200,163.0100,159.2500,161.0300,577000
20151124,160.9700,162.0500,158.2300,158.8500,653600
20151125,160.2500,162.1100,159.6400,161.1000,421100
20151127,161.0000,161.8900,159.1800,159.9500,264500
20151130,157.4000,162.5200,156.1400,161.2600,887700
20151201,159.3400,160.1800,156.8500,158.2400,722600
20151202,157.9600,160.7300,157.3100,159.9800,814000
20151203,153.6400,159.8800,152.3000,158.0600,774400
20151204,155.2700,156.0100,151.7600,154.7200,506900
20151207,147.3100,154.7300,146.6900,154.1200,1142900
20151208,148.5600,150.6700,144.7600,145.5600,728400
20151209,144.4600,149.7800,143.0400,148.4100,730700
20151210,143.6500,146.4000,141.2500,143.8700,1083500
20151211,142.0900,144.3700,141.4100,141.5200,666500
20151214,142.6200,143.4600,140.0500,142.4700,642600
20151215,145.1000,146.8600,143.0900,143.6200,463000
20151216,147.6700,148.3300,143.8000,146.1800,591100
20151217,142.7400,148.0500,142.6400,148.0500,596100
20151218,139.9100,142.4100,139.5600,142.2500,1078400
20151221,141.0000,141.3600,139.3000,140.3600,545900
20151222,139.8400,142.1500,139.0700,141.4200,776300
20151223,142.9600,143.9200,139.6500,141.3900,931300
20151224,142.3300,143.4600,142.0400,142.9600,105700
20151228,139.8100,142.5100,138.3600,141.8600,451200
20151229,140.6600,142.1500,139.0000,141.0000,518800
20151230,137.2900,141.0700,137.0900,140.6200,509300
20151231,136.5800,139.1000,136.2000,136.9100,603000
20160104,135.8100,136.0100,132.3400,134.5900,1200800
20160105,133.1800,136.6300,132.9100,136.1900,945700
20160106,129.8300,132.7900,129.2600,130.5800,822200
20160107,129.5600,133.7400,126.3700,127.4800,1355800
20160108,126.1300,130.3900,125.6200,130.0100,891000
20160111,124.7300,127.5600,123.9500,126.7500,1197300
20160112,127.9600,129.5300,125.0100,125.9500,981500
20160113,122.8800,128.9200,121.9700,128.1700,1247700
20160114,123.6100,125.2000,121.5700,123.2900,903700
20160115,124.6900,125.6900,119.5800,120.8800,872700
20160119,119.1900,126.4800,117.9500,125.9700,1379700
20160120,117.0000,118.2700,113.4900,117.4700,1599800
20160121,118.3700,119.3400,115.6100,117.4400,1579100
20160122,123.6000,126.1600,120.5800,120.5800,1029400
20160125,117.3600,123.3800,116.6600,122.7800,877200
20160126,119.6300,119.8000,116.3600,118.5300,952100
20160127,120.0000,122.3000,118.1400,119.7500,659500
20160128,118.4600,122.7800,117.7000,121.4100,503300
20160129,125.5800,126.5900,117.7900,119.1700,1248300
20160201,123.7200,126.0500,123.4300,124.3900,875100
20160202,121.1900,122.7600,117.5800,121.9500,1125400
20160203,121.3100,123.4500,118.0000,122.8900,965900
20160204,124.4100,126.5600,122.0400,122.0400,1428600
20160205,123.0500,125.2100,121.3100,124.2400,947300
20160208,117.8500,122.1900,115.8400,121.7400,1146400
20160209,128.8800,133.5800,108.3100,113.0800,3226900
20160210,131.3800,138.0000,128.8300,130.7600,1910200
20160211,129.4000,133.4700,126.6900,128.1900,1588800
20160212,132.8600,136.2300,129.3200,131.8300,1140800
20160216,135.4100,136.3900,131.2500,134.3100,942200
20160217,138.9100,142.5700,134.4000,136.3800,990400
20160218,136.0600,141.9000,134.9200,138.9200,643500
20160219,135.9800,138.9200,133.6300,135.5700,683400
20160222,140.0500,140.7700,137.3200,137.3200,710000
20160223,138.3900,141.1200,137.4200,138.7500,680800
20160224,142.7400,143.2000,135.9300,136.6100,763300
20160225,143.5000,145.3700,140.4400,142.7100,735700
20160226,142.2000,144.8000,140.8000,144.1700,588700
20160229,142.6200,144.6700,142.0700,142.7200,645100
20160301,146.7600,149.0000,142.3000,144.4900,891600
20160302,147.5600,147.9100,144.0400,145.7700,740800
20160303,148.4300,149.5200,145.9800,148.5200,877500
20160304,147.8500,150.1000,146.0400,147.9300,955000
20160307,154.6400,155.9200,148.2500,149.0000,1375000
20160308,152.2000,154.6200,151.0400,153.2200,890000
20160309,152.7300,153.5200,151.1300,152.8000,651600
20160310,153.3900,154.7200,150.8800,153.4600,607000
20160311,156.5800,157.4000,154.6000,155.6500,579400
20160314,154.5700,156.0500,152.5600,155.7600,653800
20160315,153.2200,154.3000,151.2800,152.4300,500100
20160316,154.0400,155.1400,151.3300,152.2800,494300
20160317,155.9100,156.9700,152.7600,153.9000,708000
20160318,156.8300,157.5600,154.6800,156.4100,908800
20160321,156.1500,157.2700,154.5900,156.5200,396900
20160322,155.8400,157.5000,155.4400,155.4400,402300
20160323,153.8400,156.2700,152.8000,154.5700,489600
20160324,153.6700,153.7900,150.7500,153.0300,634400
20160328,153.8900,154.4400,152.0400,153.6700,463500
20160329,154.2200,155.0200,152.2400,153.2200,515600
20160330,154.8300,155.6100,152.1000,155.5100,587600
20160331,159.5100,160.1800,154.4400,154.6800,1050400
20160401,162.0500,163.4200,156.3500,158.1000,1087700
20160404,159.9100,161.5000,158.5100,161.5000,581200
20160405,159.3600,161.1600,157.8300,158.8300,652900
20160406,163.8400,165.0600,158.9300,159.2200,920100
20160407,161.9600,163.0800,160.6000,162.4000,717200
20160408,166.1800,168.1500,163.1900,163.4100,724600
20160411,164.1000,168.2300,163.9800,167.5900,447200
20160412,163.8500,165.0400,162.9200,164.2100,558200
20160413,165.3400,165.3400,161.9700,165.0000,671500
20160414,165.3500,165.7500,163.3800,165.0000,337800
20160415,165.6300,165.7700,163.7700,165.0000,460900
20160418,168.3300,168.7700,164.7000,165.3800,568300
20160419,167.6000,169.3000,166.2500,168.2900,506400
20160420,169.7700,171.1500,166.8600,167.8200,567500
20160421,168.7100,171.2500,168.5200,169.9400,324000
20160422,170.6000,171.7300,168.3800,169.4800,371700
20160425,169.5400,171.0100,168.6200,170.7800,307200
20160426,170.2500,171.4900,169.0500,170.2900,517600
20160427,172.5400,173.4800,169.4900,170.7700,708600
20160428,170.0700,173.1800,169.7000,171.5000,381200
20160429,169.2300,170.1800,167.3700,169.7500,814000
20160502,172.1400,172.5900,169.2300,170.1900,560600
20160503,173.1900,175.7100,169.7900,171.4300,911800
20160504,169.4600,174.0500,165.2700,171.9700,1236000
20160505,175.0000,177.0700,171.6000,174.0000,2205600
20160506,177.9100,178.4200,171.5800,174.9600,1648300
20160509,182.2500,183.0500,177.3400,178.3700,1368100
20160510,187.8500,188.6800,182.4000,182.4500,1479500
20160511,186.7200,189.3100,185.8500,187.9900,1246200
20160512,186.7700,189.7600,185.5000,188.2400,833200
20160513,184.7500,188.2800,183.7500,186.4300,922500
20160516,186.5700,188.2000,185.4300,185.8600,635500
20160517,186.2300,186.8700,184.4800,186.1900,685800
20160518,185.7400,187.1700,184.6800,185.0000,921100
20160519,184.9400,185.4900,183.2100,184.5600,914500
20160520,187.1800,188.1500,185.2100,186.3300,555100
20160523,188.7900,189.9200,186.7000,187.3500,481000
20160524,190.6200,191.3000,187.8700,189.2000,637700
20160525,193.1500,193.8700,191.0000,192.0100,712600
20160526,191.7000,193.4300,190.8600,192.8900,743600
20160527,191.8300,192.3700,190.0800,190.8500,782800
