20150529,129.4400,132.6000,129.3000,130.3400,892300
20150601,129.8900,130.1900,127.6400,129.6300,982200
20150602,129.1900,130.8800,127.5300,129.1800,788000
20150603,129.5000,129.9000,127.5900,129.5500,903900
20150604,124.2800,129.2600,124.1800,128.5800,1311700
20150605,126.0700,126.8000,124.1000,124.2400,930400
20150608,124.3200,127.9700,124.2000,126.7600,879600
20150609,122.9700,125.2900,121.3800,124.4400,792800
20150610,124.4100,125.1100,121.8300,123.3300,722700
20150611,126.2900,127.2300,124.4600,124.5500,820000
20150612,124.0000,126.6800,123.5700,126.4800,610500
20150615,121.9300,124.2200,121.4800,122.7100,1063300
20150616,119.9900,121.8500,115.6300,121.6800,1863500
20150617,117.6800,120.8400,117.4300,119.8800,1362600
20150618,121.1400,121.7400,116.0500,117.1300,1514100
20150619,122.0100,122.8100,120.9800,121.0600,1836400
20150622,124.0200,124.4100,122.1800,122.6300,817700
20150623,124.8700,126.2500,123.6000,124.3600,768800
20150624,120.5900,124.9200,120.3700,124.6300,893800
20150625,120.2800,121.5400,119.2200,120.6700,851100
20150626,116.7800,121.2100,116.6700,120.8100,1993000
20150629,115.6600,118.7800,114.0400,114.9900,1510700
20150630,117.7200,118.1600,115.7000,117.6500,1177900
20150701,120.2700,120.5300,117.8300,119.4100,1589200
20150702,119.4600,120.6900,118.3700,120.6800,1030100
20150706,119.6300,120.4600,118.0400,118.3500,1537400
20150707,121.2000,121.2600,118.8500,119.5600,1563700
20150708,120.0700,121.4200,119.3800,120.2200,1672400
20150709,120.2600,122.1200,119.7500,121.5900,942400
20150710,122.4400,123.2900,121.5000,122.2500,959200
20150713,121.5700,123.7100,121.1200,123.1200,870400
20150714,124.0400,124.5400,120.7900,121.8100,794000
20150715,124.6300,126.2700,123.5400,124.6900,1283800
20150716,124.3200,125.3600,124.1100,125.0000,674200
20150717,123.1400,125.0000,122.3600,124.3200,530500
20150720,122.9400,123.9500,122.0000,123.1300,601700
20150721,123.9800,124.0400,121.7600,122.9000,716300
20150722,126.5100,126.6500,123.8200,123.9900,764500
20150723,124.9900,127.0000,124.2400,127.0000,573800
20150724,123.8200,125.9500,122.3900,124.3200,732300
20150727,123.0800,123.2700,120.6900,122.9500,815800
20150728,123.8700,123.9100,121.5900,123.1700,739400
20150729,122.7300,125.2700,121.8500,124.5800,1630500
20150730,121.7000,122.6000,119.5600,122.6000,859000
20150731,123.9600,124.1400,121.8100,122.0000,924300
20150803,124.2100,125.3500,122.3900,124.2500,744900
20150804,106.7300,122.0400,101.9500,120.7700,6685700
20150805,104.5100,106.9000,102.3500,106.7400,4242800
20150806,98.4900,104.3900,94.9000,104.1900,6466000
20150807,100.3800,100.7000,96.1500,98.5000,2790000
20150810,103.5000,103.8500,96.9500,100.5700,2428100
20150811,102.3300,103.5000,100.2400,102.8600,1527400
20150812,100.2000,102.2600,98.8600,102.1400,1500800
20150813,98.0300,101.4600,97.5300,100.5700,1627400
20150814,98.5400,98.9200,97.6600,98.0000,1119200
20150817,98.8400,99.6100,97.5100,97.9900,1365700
20150818,97.7900,99.8600,97.0000,98.4900,1492600
20150819,95.4900,98.0000,94.4400,97.5800,1611000
20150820,89.4400,94.6800,88.7300,93.4900,3807100
20150821,88.3000,90.2200,86.5100,88.2300,4011900
20150824,81.9600,86.2600,81.8300,83.1600,3907800
20150825,78.6600,84.7400,78.5700,84.2500,3975700
20150826,85.8200,86.4800,80.2400,81.3700,3978800
20150827,89.1700,90.6400,86.7200,86.7200,2625200
20150828,89.9300,90.2000,87.8000,88.6900,1697700
20150831,86.2400,90.4500,85.6500,89.5100,1565200
20150901,84.0600,87.6800,83.6300,84.2900,1461300
20150902,84.3700,85.7200,82.4500,85.4800,2184500
20150903,82.7800,85.8800,82.1700,85.0200,1541100
20150904,82.8600,83.9300,81.8000,82.2200,1264300
20150908,85.5000,85.7000,83.9300,84.7300,1359800
20150909,83.6200,87.2800,83.3800,86.1700,1362500
20150910,83.0000,84.9200,82.8000,83.6200,1002600
20150911,82.0800,82.8500,80.7800,82.7400,1374800
20150914,81.6900,82.6100,81.0300,82.2700,871600
20150915,83.3000,83.5000,81.2000,82.0000,982400
20150916,83.6100,84.2800,82.2400,83.0900,1383400
20150917,84.9500,86.0600,83.0300,83.6800,1526800
20150918,82.1000,83.9200,81.6800,83.9200,2580800
20150921,73.8700,81.7500,72.8100,81.7500,6822200
20150922,72.9000,75.5100,72.0000,72.8400,3532100
20150923,71.6400,73.9200,71.4400,73.2500,1282200
20150924,70.1400,70.9600,67.3100,70.6900,3066900
20150925,68.4500,71.1000,67.5700,71.0800,2480300
20150928,59.8000,68.7600,58.2800,68.1900,8874400
20150929,57.9600,61.6900,56.5700,59.5700,6621400
20150930,63.9400,64.2200,59.4500,59.7100,4831200
20151001,63.4800,64.2000,61.3700,63.9300,4081800
20151002,65.8700,65.8800,61.6300,61.7500,3937900
20151005,61.4100,66.8600,61.2600,66.3100,3862500
20151006,62.9800,66.5000,59.7200,63.1400,6270200
20151007,65.2700,66.2800,61.8500,63.2000,3871900
20151008,68.5400,69.3800,64.5900,64.8700,3795700
20151009,66.7300,69.1800,66.1300,69.0000,2360000
20151012,65.8900,67.2500,64.6300,66.7500,1379600
20151013,64.9900,67.3500,64.8400,65.7000,2555200
20151014,65.5800,67.3700,64.2600,65.8800,2089400
20151015,66.9000,67.1900,62.4000,62.8900,2425200
20151016,68.1300,68.6800,66.7800,67.2900,1736900
20151019,67.6200,68.4900,66.5000,67.7000,2229500
20151020,64.0700,67.4700,63.4500,67.1900,3911200
20151021,60.4800,64.7100,55.3000,64.3900,5930300
20151022,58.6100,60.9700,56.1600,60.5700,4354500
20151023,65.7500,69.6900,59.5700,59.5700,4520400
20151026,66.9600,67.7200,63.6900,65.1100,3311700
20151027,67.9000,68.3900,65.3000,67.0900,2148200
20151028,70.0900,73.2800,67.0300,67.5700,2962800
20151029,69.9900,73.6800,69.4300,70.0900,2276200
20151030,65.6700,70.7100,65.5500,69.9100,2714200
20151102,67.7900,69.1000,66.4100,66.4800,2231800
20151103,70.3100,70.5100,67.0600,67.9200,1562400
20151104,70.6300,73.3600,69.6000,70.4100,2187100
20151105,66.5100,71.4200,65.4600,70.3400,2715700
20151106,69.8900,70.3500,65.7700,67.3500,2433700
20151109,58.0100,70.2100,52.0100,70.0000,12305200
20151110,62.5800,64.6800,54.1700,57.5700,14017300
20151111,57.1200,62.9400,56.2500,61.7600,5374100
20151112,53.4100,56.3600,52.5900,56.1900,7330800
20151113,56.9400,57.6800,53.0700,53.2200,3865500
20151116,57.2200,58.9600,55.3700,56.5000,2891500
20151117,57.5000,60.7100,55.2300,57.1300,2504500
20151118,57.6100,57.8000,55.5600,56.4500,3080400
20151119,60.0800,60.5400,56.4600,58.1500,3360100
20151120,61.0000,62.9900,59.6000,59.8100,2474500
20151123,66.1000,66.9300,63.3900,65.8000,6017100
20151124,66.0900,67.6200,65.0000,65.0400,2495100
20151125,66.0600,67.9800,65.9100,65.9900,1654100
20151127,66.2900,67.3000,66.1500,66.3200,735700
20151130,67.9100,68.5200,65.2000,66.4000,2237600
20151201,71.4800,71.5100,67.4200,68.4500,3026600
20151202,72.3600,74.4800,71.1200,71.2400,3872700
20151203,72.2000,76.5000,71.7300,74.3400,6093200
20151204,74.7300,74.8300,71.9500,72.3000,2255200
20151207,74.7300,75.9300,71.3500,74.9800,3243900
20151208,72.1500,73.7600,69.7700,73.4400,3154500
20151209,70.8800,73.2000,69.9200,71.8300,2700900
20151210,71.2400,71.9200,70.0800,70.9200,1464900
20151211,69.3700,71.0100,67.4600,70.1500,2069600
20151214,69.2200,71.5400,66.9800,69.7000,1618300
20151215,73.6400,74.2800,70.7000,70.8700,2573900
20151216,74.4500,74.8200,72.3200,73.9500,1619900
20151217,71.6200,74.7900,70.2800,74.4300,1798400
20151218,71.2400,73.2200,70.8700,71.6200,1680500
20151221,71.6400,72.3900,70.5500,71.9400,1266200
20151222,74.7600,74.9400,72.0200,72.5300,1235100
20151223,76.6600,77.5700,75.0300,75.2600,1389200
20151224,76.4000,77.1900,76.0800,76.1700,631900
20151228,74.2800,76.6600,73.8200,75.6100,1081800
20151229,74.1300,74.9400,73.7300,74.8000,728000
20151230,75.8800,77.2400,74.1500,74.2300,897800
20151231,74.6300,76.0000,74.2500,75.1300,1100700
20160104,72.6100,74.0900,71.4100,73.2400,1901900
20160105,73.2000,74.3900,72.1200,72.9600,1432900
20160106,70.2700,73.2600,69.1100,71.9900,1832000
20160107,66.8500,69.5100,66.0400,68.1900,1757400
20160108,65.1000,68.7100,64.8200,67.6000,2268400
20160111,65.1700,66.3900,62.0400,65.2300,3104200
20160112,65.9700,69.0100,63.4100,65.6700,2244300
20160113,61.8300,67.9300,61.6300,66.4400,1873500
20160114,65.7200,66.6500,58.5500,62.0500,2406600
20160115,65.8000,66.0800,62.5500,63.8500,2309500
20160119,64.4300,67.4500,62.1500,67.1900,1926100
20160120,64.6400,65.9400,61.2500,62.6900,1547800
20160121,63.6600,66.7200,63.1400,64.8800,1244600
20160122,64.3000,66.3700,63.5000,65.1000,1329000
20160125,63.4700,64.9900,62.6900,64.2100,1150600
20160126,64.3100,64.8300,61.5000,63.6700,1176100
20160127,62.3600,65.9700,61.8900,64.2800,1698500
20160128,57.3000,63.4900,56.4900,63.4400,2881000
20160129,58.0900,59.3900,56.9500,58.1000,2877200
20160201,62.1600,63.0500,57.5000,57.7200,2530700
20160202,65.7100,68.1800,62.6800,65.0000,6043900
20160203,68.3200,68.8500,64.2700,66.8300,3971000
20160204,68.8000,71.1800,67.6100,68.0000,2262400
20160205,69.4800,71.4200,68.8300,69.2200,2827500
20160208,65.1400,68.6700,63.1000,68.6000,2504600
20160209,63.0100,66.6100,60.6300,64.2600,3591200
20160210,62.4900,65.4200,62.1100,63.9200,2365900
20160211,60.5200,61.7400,59.4000,61.1300,2375500
20160212,62.3500,63.0100,58.8600,60.5200,1935100
20160216,64.2200,64.2900,62.4000,63.8900,1622700
20160217,67.3300,68.0800,64.8400,65.6400,1708400
20160218,66.2000,67.3200,64.6300,67.0900,1368100
20160219,64.7400,66.8900,64.0000,66.2100,1426600
20160222,65.2700,65.9800,63.6800,65.6400,2061100
20160223,65.3400,67.5600,64.9800,65.0000,1137500
20160224,66.2600,66.4000,63.1200,64.3200,1636900
20160225,67.3200,68.6900,65.9000,66.5200,1212200
20160226,69.2400,70.5700,67.3100,67.8300,1848400
20160229,65.0300,68.8800,64.6100,68.0500,3438300
20160301,65.6500,65.8800,63.3700,65.6200,3064200
20160302,66.4700,66.8200,64.8100,65.5800,1499400
20160303,63.5900,65.5500,62.9000,65.4700,1711300
20160304,62.1500,64.3100,61.5400,63.5400,1720100
20160307,64.9200,67.2300,61.1300,62.1000,1769500
20160308,61.9200,64.8400,61.7800,64.8400,2018500
20160309,63.4300,64.3000,61.9200,62.1900,1905600
20160310,63.5000,64.3600,62.1000,63.4600,1537800
20160311,68.9700,69.0800,64.4600,64.7900,2817100
20160314,69.6100,69.8600,67.5800,68.7800,1788700
20160315,59.5100,67.7800,57.6900,67.7800,9927400
20160316,55.6900,59.1400,50.9000,58.2500,18441900
20160317,53.4200,56.7100,51.0400,56.3600,8545700
20160318,54.6200,57.0000,51.1400,53.3100,8880400
20160321,58.9600,59.7800,54.5300,54.9300,4499000
20160322,61.0500,61.8300,57.2100,57.8300,3062200
20160323,60.4400,61.9400,59.6100,60.9700,1975700
20160324,60.0600,61.4600,58.6600,59.6800,2265300
20160328,58.9800,61.2500,58.4300,60.6700,2256500
20160329,61.3600,61.4700,57.6200,58.3900,2097900
20160330,59.9100,62.3700,59.8300,61.7300,1526300
20160331,61.2800,62.0000,58.9300,60.6500,1793100
20160401,64.3100,64.9200,60.2300,60.2300,2552100
20160404,63.7500,64.5900,63.0400,64.1800,2466100
20160405,62.5000,65.2000,62.3800,63.6500,2309600
20160406,65.2300,65.4000,61.3500,62.5000,2317700
20160407,64.2600,66.4200,63.3800,65.4000,2053600
20160408,63.2900,65.5000,63.1000,64.9300,1766600
20160411,61.1500,63.4500,61.0100,63.4500,1933900
20160412,58.4000,60.3600,56.8500,60.2500,3103400
20160413,60.1300,60.6600,57.6800,58.7900,2459800
20160414,58.9200,60.4700,58.6600,59.9500,1511600
20160415,59.1100,60.3600,59.0000,59.1200,2011100
20160418,60.3700,60.4900,58.1600,58.6700,1759400
20160419,61.8600,62.9600,60.5300,60.6700,2063100
20160420,61.7800,63.4900,60.8500,61.8400,2011400
20160421,64.7000,65.7100,61.6100,61.6100,3223700
20160422,66.2700,68.0000,65.0200,65.2200,2338100
20160425,64.0900,65.7200,64.0200,65.4400,1789400
20160426,65.3700,65.6200,63.4900,64.4100,1292400
20160427,65.3900,66.1400,65.0000,65.3500,1176800
20160428,63.8100,66.3600,63.5700,65.2400,1469700
20160429,62.5200,63.7400,60.8800,63.6700,2021700
20160502,60.7100,62.9600,59.9700,62.4400,3194600
20160503,64.8400,68.4000,63.4700,67.4900,5548900
20160504,63.0800,64.3900,61.8700,64.0800,2599400
20160505,60.8200,62.6600,59.9600,62.6300,2395600
20160506,56.4000,59.5300,54.5200,59.0200,6798400
20160509,59.8500,60.2700,57.1400,57.2900,2676700
20160510,59.7900,62.0300,58.9300,60.3700,2729000
20160511,57.7500,61.6900,57.7200,59.6300,2360700
20160512,57.4200,58.9600,56.3200,58.1400,2388700
20160513,58.4000,58.7900,56.8500,57.2700,1449800
20160516,59.7400,59.8700,57.4500,58.4000,1590200
20160517,61.9900,62.3900,58.8000,59.4400,6278000
20160518,60.5700,63.1200,60.2000,61.7500,2023200
20160519,58.9700,61.3000,58.4200,59.9300,1818900
20160520,61.0300,61.1200,58.6400,59.4300,1699100
20160523,59.2300,61.7900,59.1100,61.2100,1649700
20160524,60.8700,61.2200,58.9600,59.5800,1153800
20160525,60.6100,61.4300,59.7000,60.9100,1846600
20160526,61.4800,61.7300,60.2800,60.7900,1438500
20160527,62.8300,63.5600,61.8900,61.9600,1369500
