20150529,127.2800,129.5500,127.0100,128.7600,2300600
20150601,127.1700,128.1700,126.3700,127.8200,1314100
20150602,126.1200,127.2300,125.5600,126.7300,1348300
20150603,125.9700,126.6700,125.2400,126.1400,1280500
20150604,127.1800,127.9600,125.3000,125.3000,1377300
20150605,125.5500,126.9000,125.4200,126.8900,957400
20150608,125.4900,125.9500,124.5300,125.4300,1289700
20150609,124.8800,125.8200,124.1800,125.2600,843500
20150610,127.0300,127.5200,124.7800,125.4400,1459600
20150611,127.1700,127.9100,125.9500,126.8800,1324400
20150612,128.3900,129.9100,128.2000,128.6900,1415300
20150615,126.9100,128.3700,126.3300,127.9600,889000
20150616,132.1800,133.4000,128.2700,128.2700,1378700
20150617,132.2500,132.7400,131.1000,132.5000,951200
20150618,133.8600,134.4900,132.4600,132.6200,1039900
20150619,133.7200,135.2700,132.6200,133.8600,1527900
20150622,133.5000,135.3000,133.3700,134.8000,733100
20150623,133.4000,134.8500,132.0700,134.8500,813700
20150624,132.9600,133.4400,132.1900,133.4400,842500
20150625,136.7700,137.2300,132.0300,133.4300,1486300
20150626,139.4100,139.6500,137.0300,137.9900,2517300
20150629,134.3900,139.0100,133.9700,138.1700,1032700
20150630,134.0200,135.9200,133.5000,135.7300,939900
20150701,134.5000,134.8400,132.8700,134.3500,919100
20150702,133.6000,134.6900,132.1700,134.3400,721400
20150706,134.8200,134.8600,131.7400,131.8100,1245300
20150707,136.3400,136.7600,133.6700,135.2600,1015100
20150708,133.8000,135.8400,133.0700,135.8400,873100
20150709,133.4400,135.8800,133.4000,135.7600,651500
20150710,136.1100,136.4700,133.9200,134.6800,763800
20150713,139.3900,139.5500,137.0100,137.4700,824300
20150714,140.8800,141.2600,139.4500,139.5300,1588900
20150715,140.1200,141.9700,139.8600,140.5000,707700
20150716,139.6800,140.8500,138.6400,140.4600,793200
20150717,140.0600,140.1600,138.1800,140.1600,603900
20150720,142.7500,143.1600,140.1400,140.1400,727200
20150721,144.0500,144.4200,142.0800,142.8600,1013600
20150722,147.8500,148.9000,144.5800,144.8600,1136600
20150723,148.5300,149.7600,146.5400,147.5600,897300
20150724,148.8900,149.2700,147.3200,147.4400,882200
20150727,148.7600,149.5500,147.2300,148.7400,977700
20150728,149.9900,150.5800,147.4800,148.9200,857000
20150729,151.3200,151.8700,149.2200,149.9400,831600
20150730,152.1800,152.5300,149.6000,150.9800,644800
20150731,153.5500,154.0700,152.4300,153.1700,789200
20150803,155.8100,155.8300,153.5500,154.6100,1179600
20150804,151.7200,155.5200,151.6000,155.5200,1798300
20150805,154.0000,154.5500,151.5100,152.0000,1691000
20150806,144.8700,153.9000,144.2900,153.9000,3427800
20150807,149.1700,152.7400,146.0200,149.0900,2615000
20150810,144.7300,150.6800,144.1700,150.3700,1810200
20150811,142.8000,144.7200,141.6300,143.2600,1213300
20150812,142.1500,142.3300,138.6000,140.9800,1247000
20150813,149.0600,150.5100,143.7700,143.8400,1994300
20150814,150.4000,150.6700,147.9800,148.3600,1167500
20150817,150.7100,150.9700,149.4000,149.5600,802900
20150818,150.5200,151.7000,149.9800,151.6500,796300
20150819,147.2500,150.6600,147.2200,149.5300,1249600
20150820,144.6000,147.2700,144.6000,145.6400,1020500
20150821,138.9100,143.2000,138.9000,142.5600,1687800
20150824,135.4600,137.8300,115.6200,128.5200,2578800
20150825,134.3600,138.9300,134.3600,138.2400,1841100
20150826,138.5900,138.7100,134.3100,136.8700,1545800
20150827,140.0100,141.8600,137.3500,139.6200,1231900
20150828,140.4300,140.5100,137.8700,138.6100,1202400
20150831,138.4600,141.7800,136.5000,140.0600,1654200
20150901,135.0300,137.3600,134.4500,135.7900,1190200
20150902,136.4000,136.7000,134.1300,136.3800,1420700
20150903,135.6400,137.5800,134.9900,136.8600,1062900
20150904,134.2400,135.9000,132.7100,133.6800,1160800
20150908,136.9000,138.1600,134.5800,136.0900,1685900
20150909,132.4000,138.5500,126.5100,138.2000,1210900
20150910,132.2400,133.8800,131.1800,131.9200,792100
20150911,132.7700,133.4600,131.6000,132.2500,754800
20150914,132.1600,133.5000,130.7300,133.4000,1081400
20150915,132.4800,133.5300,130.5000,131.3800,796900
20150916,133.9300,134.4400,130.2500,130.4500,1164600
20150917,134.7000,136.7700,133.9000,134.3800,924100
20150918,134.6000,136.6300,133.0200,133.0200,4127800
20150921,135.2400,135.8100,134.2300,134.8800,946400
20150922,134.5400,135.7900,132.8100,133.6900,1323700
20150923,134.3600,135.2400,133.0500,134.3500,696900
20150924,137.1400,138.1900,134.2500,136.1000,1474400
20150925,136.2300,138.9800,135.4500,138.5500,848200
20150928,134.0800,137.1400,133.0000,136.1800,1143600
20150929,134.5500,135.2200,133.2900,134.3300,1119400
20150930,135.1400,137.8800,134.2000,136.0000,1059700
20151001,134.2000,135.3000,132.0600,134.4400,961600
20151002,133.9300,134.0200,131.0000,132.8500,1056800
20151005,135.1200,137.4000,134.1000,134.9600,1332100
20151006,133.9000,136.0000,133.5700,135.1500,740700
20151007,134.6600,135.8700,133.1200,134.5200,911800
20151008,136.1600,136.3800,133.3300,134.5200,805100
20151009,137.4300,138.7300,134.8200,135.9100,917700
20151012,137.4600,138.6300,136.9300,137.5000,486900
20151013,131.6800,137.6000,131.3500,137.3800,1110500
20151014,128.5700,131.6100,127.3600,130.8100,1359600
20151015,130.5600,130.8700,127.3400,129.2200,1005600
20151016,132.2500,133.6400,131.0600,131.8100,839500
20151019,132.7000,132.8900,131.3800,132.0500,625000
20151020,139.6100,142.4900,133.3400,134.0000,2637500
20151021,138.8900,141.7100,137.8000,140.6000,1133600
20151022,142.4700,143.4900,139.0400,139.3400,1089700
20151023,141.5800,143.0700,139.5200,143.0600,669300
20151026,141.4600,143.5000,140.5000,141.4600,1054900
20151027,140.6100,142.9300,139.7700,141.1100,624100
20151028,141.3400,141.4100,138.7400,140.8000,499000
20151029,136.6400,140.0800,133.9600,140.0800,1646300
20151030,136.3200,138.0900,136.0000,136.7300,1086500
20151102,134.9800,136.3900,133.3500,135.9500,789200
20151103,134.7000,136.5000,132.5300,134.0900,1118100
20151104,132.8200,134.9300,131.2400,134.5000,1562100
20151105,132.2400,133.7700,130.8300,133.5300,1696500
20151106,150.2400,152.8700,143.0000,143.0000,4162700
20151109,149.0500,149.9700,146.7400,149.7600,1524700
20151110,151.8900,152.5400,147.5100,149.1200,1474800
20151111,152.0500,153.9000,150.1200,153.1600,1595800
20151112,148.4600,151.9300,147.1400,151.9300,1032900
20151113,146.7300,150.0000,146.1500,148.0200,903800
20151116,147.4700,147.5200,145.0200,147.1500,738000
20151117,145.6100,149.1500,144.8500,147.5000,817200
20151118,149.1300,149.3400,145.4600,145.5700,762400
20151119,149.3600,149.9300,147.9500,148.9300,748200
20151120,148.0900,150.4400,147.4200,150.3900,1485100
20151123,150.4100,152.3200,148.5100,148.6000,1266100
20151124,152.2600,152.8600,149.1000,150.5800,1022400
20151125,156.4100,157.0200,151.5500,152.1900,1168500
20151127,156.5400,157.6600,155.5900,156.4100,414800
20151130,154.6100,158.3500,154.3500,156.7100,1152100
20151201,157.2200,158.2600,155.0100,155.5500,978400
20151202,154.8100,157.7900,154.5000,157.0000,890900
20151203,153.0700,158.0600,152.1100,154.3500,1094000
20151204,156.7000,158.2700,153.0900,153.0900,1139700
20151207,155.5800,160.5000,154.4000,160.1900,1594000
20151208,156.5000,157.6200,153.5100,154.7400,1167500
20151209,152.0000,156.4200,150.5800,155.4800,1343100
20151210,151.8300,153.5700,151.0200,151.2900,745100
20151211,149.7400,151.8700,149.1400,150.0200,924800
20151214,151.9100,152.1400,149.2200,149.9000,842000
20151215,152.5800,153.8200,150.9000,152.6300,915000
20151216,153.3100,154.2200,150.7900,153.1800,792100
20151217,150.2900,154.4100,149.6300,154.4100,1030100
20151218,145.8400,150.0000,145.5400,149.0400,4046200
20151221,147.4800,149.1700,145.9500,147.2100,888900
20151222,147.5000,148.2900,145.6200,148.1100,755400
20151223,147.4700,149.9000,147.3200,148.7600,744000
20151224,148.8200,149.7000,147.5300,147.8400,335000
20151228,148.1600,149.2900,147.1300,148.6300,438500
20151229,150.1700,151.0600,148.5300,149.0900,565800
20151230,150.2400,151.1100,148.8000,149.9000,590600
20151231,148.9600,150.9100,148.2900,149.4600,717600
20160104,144.3400,147.6300,142.0700,146.5200,1328000
20160105,146.0700,146.3700,144.2800,144.3400,922200
20160106,146.3000,146.7000,142.6000,143.9400,1484300
20160107,145.2000,146.3600,143.1500,143.6600,1228100
20160108,144.2500,146.0700,143.9600,145.3400,834600
20160111,146.0400,147.7500,144.2500,145.7900,1067500
20160112,147.3000,149.3200,146.2200,146.7900,1238300
20160113,143.6700,149.3800,143.4200,146.0900,1286400
20160114,142.4200,144.8500,140.5800,144.2400,1143700
20160115,141.1300,142.1100,138.4300,138.8900,1477200
20160119,144.7600,146.0100,142.5800,143.1100,1210400
20160120,140.0200,143.4700,135.4600,143.3000,1860500
20160121,138.0200,142.0000,136.8300,141.5700,1719300
20160122,144.1600,144.4100,137.8000,139.5800,1654400
20160125,140.0900,143.8500,139.8900,143.2600,991200
20160126,139.0500,141.4000,138.3100,140.2400,798300
20160127,137.9700,139.4700,137.1000,139.4300,851900
20160128,137.2000,139.0800,136.0400,138.8000,1228100
20160129,135.0300,137.0500,128.5300,137.0500,7632600
20160201,137.4300,138.4700,135.2500,137.2500,1945400
20160202,136.1200,138.5100,134.8000,136.5000,1301900
20160203,134.9200,138.2800,133.1900,136.8600,1448500
20160204,128.4600,134.7500,127.6800,134.6200,2260200
20160205,123.7300,128.1500,123.1900,127.2500,3075200
20160208,117.7200,122.0400,115.7500,121.6500,2853800
20160209,118.9100,120.7500,116.0500,116.5800,1679200
20160210,116.8200,121.3500,115.7200,120.6500,1260400
20160211,118.9000,119.8600,113.0800,114.8800,2011000
20160212,122.3700,123.6200,119.1700,121.8700,1479500
20160216,124.3100,125.4600,122.1500,123.3600,1717100
20160217,125.4400,126.9300,123.7500,124.3100,1490200
20160218,126.0700,127.3700,125.0700,125.5800,1180900
20160219,127.5800,129.4000,124.6200,125.8100,1647100
20160222,129.8100,130.3300,128.0300,128.5900,1294800
20160223,128.7900,130.8000,128.0500,129.0600,1236700
20160224,132.4000,133.1600,126.1900,128.0500,1797100
20160225,133.1100,133.4000,130.6000,132.0100,1999500
20160226,130.7900,133.6700,126.6400,127.7500,5002500
20160229,125.5000,130.4600,125.4900,130.4600,2235900
20160301,129.7300,129.8800,125.2600,126.0900,2217800
20160302,127.7500,129.4900,126.9900,129.1200,1174100
20160303,128.4700,128.5800,126.2000,127.4300,960900
20160304,128.8900,129.3200,127.4600,128.8200,914500
20160307,127.9900,128.7900,126.5000,127.9000,1604900
20160308,129.3300,131.1600,126.8700,127.4500,1272000
20160309,130.0700,130.6600,128.7400,128.9600,657900
20160310,131.6500,132.5000,129.8500,130.9900,1254200
20160311,133.8600,134.4800,131.7000,132.6900,1061700
20160314,131.9600,133.8500,131.0000,133.2500,960600
20160315,131.9800,132.7500,130.3000,131.3600,926700
20160316,136.1800,136.4400,133.0000,133.3300,1294800
20160317,136.1800,136.6400,134.8100,135.8300,1033200
20160318,136.5300,137.6300,135.6000,136.4800,1751100
20160321,134.5200,135.9600,134.2500,135.7300,1179000
20160322,134.6000,135.4200,133.0300,133.9100,1066700
20160323,132.8300,135.4900,132.7800,133.7100,882500
20160324,131.2500,132.5500,129.2500,132.5500,1108600
20160328,133.2400,134.4900,131.8000,131.9300,777900
20160329,133.6100,134.2300,132.6000,132.6000,677400
20160330,134.9000,135.6800,133.3100,134.7400,713500
20160331,133.3800,134.9200,133.1000,134.6500,790600
20160401,134.7900,135.6000,132.0800,133.3400,992000
20160404,134.7700,135.4200,133.2000,134.8400,797300
20160405,134.6200,135.8000,133.3100,134.1600,1660500
20160406,134.1700,134.8000,132.6800,134.6100,881700
20160407,131.9600,134.0800,130.6400,133.4900,1107400
20160408,132.5800,133.4700,131.8900,132.8900,805300
20160411,130.6400,133.1300,130.3700,132.3600,735100
20160412,130.1900,131.1500,128.8700,130.6300,945400
20160413,128.8800,130.8100,127.7700,130.6700,1019000
20160414,128.4400,130.3200,126.3100,128.7200,3417300
20160415,128.3300,129.6200,125.7900,128.7200,1840000
20160418,127.6500,128.8700,127.4400,128.4000,818600
20160419,129.3100,130.2200,126.0100,127.8300,3116200
20160420,126.6900,129.7000,126.5200,129.1600,1023100
20160421,124.5400,126.6700,124.3000,126.0400,1647400
20160422,122.9900,124.4500,121.5500,123.9300,2523800
20160425,124.9200,125.6700,121.5200,122.3200,1255200
20160426,123.7800,125.2700,123.5700,124.8000,1086800
20160427,123.4300,124.0800,120.9100,123.6600,1899000
20160428,127.8400,128.2600,123.5800,123.7800,3249700
20160429,144.2200,145.8800,140.0000,143.6700,5017200
20160502,147.9300,150.7000,144.3500,144.4100,3664800
20160503,146.3200,147.7500,145.5000,147.0800,1236500
20160504,146.3500,147.3000,144.2800,145.0700,1093900
20160505,145.9500,147.8600,145.1800,147.2100,841400
20160506,148.1300,148.6400,145.1100,145.7100,1407000
20160509,148.7900,149.6000,147.6200,148.4800,1046600
20160510,153.1000,153.9600,151.0000,151.0000,3744500
20160511,150.4300,153.3600,149.5500,152.2700,1663200
20160512,150.1700,151.4000,149.0800,150.8300,1450000
20160513,148.6100,150.1700,147.7800,149.5000,914900
20160516,150.7200,150.9900,148.5000,148.5000,850100
20160517,149.3000,150.6600,148.7500,150.0000,1362100
20160518,148.8200,150.7300,148.3500,148.9300,1833100
20160519,148.4600,149.3000,147.4900,147.7300,795200
20160520,147.9000,149.3700,147.5700,148.5400,934400
20160523,148.3300,149.0600,147.7100,148.1300,992000
20160524,150.1100,150.5600,148.6900,149.2400,1185000
20160525,149.5300,151.0500,149.0000,149.7700,1308400
20160526,150.0100,150.8200,149.7400,149.7400,795500
20160527,150.5100,151.0000,149.8400,150.2900,661100
