20150529,116.9800,119.0900,116.7500,119.0500,4198600
20150601,116.6100,117.4700,115.9200,117.3700,2563800
20150602,116.5800,117.0300,115.6200,116.5300,1926700
20150603,115.7500,117.1100,115.5000,116.9000,2968700
20150604,113.5800,115.1100,113.3200,114.2300,4157800
20150605,113.8000,114.4300,113.1900,113.7900,2736900
20150608,113.9200,114.7700,113.5100,114.0100,2927300
20150609,113.5400,114.4400,112.9400,113.5600,2940400
20150610,114.4900,115.1300,113.5700,114.0800,2045900
20150611,115.0800,115.4500,114.2100,115.0600,1561700
20150612,114.1200,115.1000,113.8700,114.9100,2871200
20150615,112.4900,113.4300,112.3400,113.0700,2185900
20150616,112.8500,113.1800,112.3700,112.5100,1328900
20150617,113.1400,113.6700,112.2200,113.2900,1635500
20150618,114.4500,114.6400,112.9200,112.9200,2300800
20150619,112.6300,114.2300,112.5700,113.9900,4163600
20150622,114.3400,114.6700,113.0200,113.1100,2681100
20150623,112.7800,114.7000,112.6400,114.1400,3647400
20150624,106.3200,112.2000,106.2000,112.2000,11295700
20150625,107.3000,108.3400,105.9600,106.8200,4915200
20150626,105.2100,108.2000,105.0700,107.3000,4853700
20150629,103.2800,105.4600,103.1400,104.1500,3381700
20150630,106.5900,107.4200,103.4300,104.9600,7543200
20150701,107.6600,107.8200,106.7000,106.8000,5199300
20150702,108.3500,108.4800,107.1500,107.9100,3962800
20150706,107.7000,108.0400,107.0100,107.6500,3858800
20150707,107.8000,108.0300,106.7000,107.4500,4413200
20150708,105.9800,108.2700,105.5800,107.2100,2697000
20150709,106.5100,107.3700,106.1200,107.0300,3445500
20150710,108.8100,109.0500,107.0000,108.0000,3325200
20150713,108.6800,109.5900,108.3800,109.5900,2671200
20150714,107.8000,108.6800,107.5300,108.5300,2608500
20150715,107.3200,108.6900,106.9400,108.4300,2746600
20150716,107.8200,108.3200,107.2900,107.7000,1826900
20150717,107.0800,107.9500,106.9300,107.7900,2819300
20150720,107.0000,107.2400,106.2800,106.9300,2049700
20150721,106.3700,107.4400,106.1100,107.0900,2336400
20150722,105.3500,106.6500,105.0000,106.2900,2350600
20150723,104.0500,105.3300,103.8700,105.2300,2187800
20150724,102.8600,104.0500,102.4800,103.8900,2945200
20150727,101.4600,102.6400,101.2100,102.6300,3382800
20150728,101.6200,101.7800,99.9800,101.6500,4864700
20150729,102.0000,102.6500,101.3700,101.6900,2275600
20150730,103.0200,103.2100,101.9600,102.1600,1944800
20150731,101.8900,103.6300,101.7300,103.3300,2180900
20150803,102.2800,102.8000,101.6700,101.6900,3058000
20150804,102.3800,103.6100,101.8100,102.0100,2020000
20150805,102.7600,103.6800,102.3800,103.1800,1885000
20150806,102.1800,102.7800,101.8800,102.3600,1566400
20150807,101.2500,102.3200,100.9800,102.0700,1682600
20150810,103.1900,103.4500,101.6500,101.8300,1747100
20150811,102.5300,102.6500,101.7300,102.6000,2141600
20150812,103.2500,103.2700,100.9600,101.7900,2818500
20150813,103.3200,103.8400,102.5700,103.1700,1962200
20150814,103.1700,103.5500,102.8500,102.9100,2791300
20150817,103.4500,103.8200,102.8200,103.1000,1959900
20150818,102.8100,103.4900,102.7000,103.3400,1783600
20150819,102.3500,103.3300,101.5600,102.3700,3546600
20150820,100.1500,102.0900,100.1000,101.9300,3353500
20150821,97.4700,100.0000,97.3500,99.9000,4578100
20150824,93.5500,94.3200,91.2200,92.5800,7905300
20150825,89.4200,96.7400,89.3400,96.7400,6729200
20150826,97.0800,97.6400,89.7000,91.3100,12499700
20150827,98.4000,99.4800,97.1200,98.5000,7450400
20150828,98.3800,98.5800,97.6700,98.5500,4888500
20150831,97.6500,98.3500,97.2500,98.0800,4238700
20150901,95.8000,96.8900,94.9200,95.2200,4961800
20150902,97.2100,97.2400,95.4900,96.7400,2530600
20150903,96.9700,97.6200,96.7700,97.3800,2619900
20150904,95.7500,96.5400,95.1000,95.6000,2252900
20150908,95.2500,96.2900,94.5000,95.8200,4066400
20150909,93.2400,95.6800,92.5500,94.4800,6054400
20150910,93.7600,94.3000,93.0000,93.0700,3255700
20150911,92.4900,93.2100,92.0800,92.8300,3889600
20150914,90.1400,92.7000,90.0400,92.6700,5180600
20150915,90.8800,91.1100,90.0400,90.5500,3526600
20150916,90.3900,90.7800,89.4200,90.4900,4945400
20150917,90.1000,91.2500,89.9000,90.4300,5276400
20150918,88.1000,89.2200,87.6800,89.0900,5253500
20150921,87.6700,88.7100,87.4500,88.4600,2975100
20150922,86.5000,87.1300,85.5600,87.1300,3154500
20150923,84.3800,86.7900,84.3000,86.4200,3247100
20150924,83.9500,84.2700,81.2200,83.8300,5608500
20150925,84.5100,84.7400,83.7600,84.6300,3449800
20150928,83.1100,83.5600,82.8100,82.8100,5255600
20150929,83.6000,84.2900,82.9700,83.4800,3908600
20150930,85.3400,85.6000,84.3500,84.5500,3863900
20151001,85.7800,85.8400,84.6800,85.3600,3588600
20151002,87.0100,87.0200,84.1100,84.6100,3014400
20151005,87.7100,88.6700,87.4300,87.5000,3290800
20151006,88.0800,88.8600,85.6500,87.0600,4553800
20151007,88.0600,89.8000,83.8100,83.9100,9063100
20151008,89.2500,90.1700,87.7600,87.7600,4310900
20151009,89.7000,90.8300,88.8200,89.4900,4966000
20151012,89.5400,90.3000,88.9000,90.3000,3581000
20151013,89.1800,89.7500,88.3700,88.9000,3188100
20151014,90.2400,91.2000,89.0300,89.2300,3436100
20151015,90.6900,90.9800,89.1500,90.6700,3239700
20151016,89.9700,91.1500,89.4100,91.0200,4423400
20151019,90.8300,91.0000,88.9500,89.6100,4091500
20151020,91.2000,92.1600,90.7800,90.8500,2480400
20151021,91.6200,92.3100,91.0500,91.1600,3008200
20151022,91.2800,92.9300,91.0800,92.4800,4977600
20151023,91.3600,92.2100,90.4300,91.9000,3559100
20151026,91.3400,91.8500,90.7600,91.2000,2693000
20151027,91.4100,91.6200,90.6900,91.2500,2720000
20151028,92.5100,92.6100,91.3300,91.3300,2814800
20151029,93.7300,94.0000,92.0500,92.4200,3105700
20151030,93.2200,94.0700,92.9800,93.6900,3804500
20151102,93.1500,93.6000,92.9800,93.2300,3908100
20151103,95.6500,95.8600,92.6900,93.0000,5367100
20151104,94.9000,96.8700,94.7900,95.9800,5310100
20151105,93.9600,95.2100,93.8500,94.9000,3266000
20151106,93.4900,93.8700,92.7700,93.3400,6733600
20151109,94.2700,94.4700,92.6800,93.2700,4691900
20151110,92.8600,94.3000,92.5200,93.7900,4182000
20151111,93.5300,93.9000,92.6100,93.0700,2288200
20151112,92.8800,93.4100,92.4000,92.5400,2795300
20151113,93.7800,94.4900,92.5600,92.7200,3264400
20151116,95.3400,95.6100,93.5800,94.0200,3823400
20151117,94.4100,96.7100,94.1100,95.7500,3990300
20151118,96.1300,96.3000,93.1000,93.8200,3223300
20151119,95.8300,97.1100,95.6400,96.1700,2589400
20151120,96.0900,96.6800,95.2400,96.5200,3533400
20151123,95.2700,96.9900,95.2400,96.1900,2458800
20151124,95.5600,95.9300,94.5800,95.0100,2777100
20151125,95.6000,96.4200,95.3600,95.4200,3412600
20151127,95.4300,96.1600,94.8500,95.8000,1085800
20151130,95.1600,95.8400,94.8800,95.3500,3723600
20151201,97.3100,97.4400,95.5000,96.1300,4504100
20151202,97.1100,98.4800,96.3100,96.5900,3452700
20151203,96.5500,97.6500,95.7000,97.1800,4702800
20151204,97.8500,98.4600,96.6600,96.6800,3320400
20151207,97.6700,97.8900,96.2200,97.4700,3166500
20151208,96.7600,98.3600,96.0800,96.6700,4021000
20151209,96.6100,98.4800,95.7400,97.2600,3784700
20151210,96.0900,97.3200,95.8300,96.6100,2785700
20151211,93.6300,95.2600,93.4300,94.9900,6341800
20151214,93.7500,94.2700,92.9100,93.5300,5247600
20151215,95.6200,95.7700,93.8100,94.5900,4223000
20151216,97.0900,97.1600,95.4500,95.8200,3467400
20151217,95.7400,97.0200,95.1600,97.0200,3185300
20151218,94.8400,97.1800,94.8000,95.2900,6019100
20151221,95.4300,96.0000,94.8100,95.2300,2167900
20151222,97.3100,97.7500,95.4400,95.7100,3038000
20151223,99.5700,100.5600,97.9600,98.0000,3811800
20151224,99.2700,99.9000,98.8600,99.6200,867700
20151228,98.8600,99.1100,98.2500,99.1100,1518800
20151229,99.2800,99.8300,98.9700,99.1100,2060700
20151230,98.8900,99.9100,98.8800,99.2900,1678100
20151231,98.5200,99.3400,98.0600,98.5000,2516800
20160104,97.7900,97.8600,96.6000,97.1500,3238200
20160105,97.2800,98.6400,97.0600,98.2200,3384900
20160106,95.2100,97.3000,93.7600,95.7700,4990800
20160107,93.5800,94.9000,93.0800,93.3900,5861300
20160108,92.7900,94.3000,92.6300,93.7600,4604900
20160111,92.2800,93.5400,91.7300,92.9700,4666500
20160112,92.5200,93.3300,91.8200,92.8500,4025800
20160113,91.1900,93.3200,90.8700,92.9900,4358800
20160114,92.1500,92.7800,90.4600,91.3600,3699000
20160115,90.8700,91.7600,90.2300,90.3300,4899500
20160119,90.8600,91.7900,89.8400,91.7500,6245000
20160120,89.8100,90.3400,87.2900,89.4700,4927700
20160121,91.1300,91.8700,88.7900,90.2700,3935500
20160122,91.8700,93.2900,91.5200,92.3200,3188400
20160125,87.3200,91.4300,87.1800,91.4300,3687600
20160126,88.5000,88.8900,87.3000,87.4600,2527000
20160127,87.6100,89.2200,87.2900,88.0100,2449200
20160128,87.8000,88.7600,87.3000,88.3500,2106700
20160129,90.6000,90.6000,88.2500,88.2500,3696400
20160201,90.1300,90.3000,88.3200,89.4800,2606700
20160202,87.3600,89.2500,87.1000,89.2500,3371000
20160203,89.5000,89.5000,87.1800,88.2700,5306500
20160204,95.3200,95.3900,89.9900,90.3800,9526500
20160205,94.5800,95.9400,94.1600,95.2000,2949800
20160208,91.2500,93.9100,90.5500,93.2100,2769800
20160209,91.7000,92.0400,89.8400,91.0600,2813100
20160210,87.5800,92.1100,87.3800,91.9000,3626300
20160211,85.6900,87.0000,84.7100,85.8000,3526100
20160212,87.0300,87.2000,85.4800,85.6900,2276200
20160216,87.9400,88.0800,85.8500,88.0100,3073900
20160217,89.6400,89.8900,88.2300,88.6700,3164300
20160218,89.9200,90.9300,89.4200,89.9800,2453600
20160219,88.5200,90.1200,88.4800,89.6900,2684500
20160222,89.4700,90.5200,88.5200,88.5200,1572800
20160223,87.9600,89.4100,87.1100,89.3100,2359500
20160224,88.5700,88.7800,86.5300,87.1800,1709500
20160225,89.8400,90.1400,88.1200,89.0400,1568700
20160226,90.5800,92.1000,90.3600,90.8400,2585400
20160229,89.9900,91.0000,89.9400,90.5000,3373100
20160301,92.4900,93.2500,90.9500,91.3400,2737000
20160302,85.3000,88.5800,84.9200,88.0000,10332800
20160303,84.9400,85.7000,84.2500,85.2100,5487200
20160304,85.8900,86.4000,83.7300,83.7800,4825700
20160307,88.4800,88.9000,85.5000,86.0500,4538200
20160308,88.8700,89.7700,87.0000,88.1500,3303500
20160309,88.7200,89.8700,88.4600,89.3100,2412000
20160310,88.9900,89.1500,87.7600,89.1500,3146600
20160311,90.9500,91.1700,89.4100,89.6700,3055600
20160314,89.9000,90.5700,89.1000,90.1600,2790500
20160315,89.1700,89.2100,87.3500,88.7800,2069700
20160316,90.7100,91.2700,88.5000,88.7700,3532300
20160317,92.9200,93.5500,90.7000,90.8300,3932300
20160318,93.0100,93.9900,92.5700,92.9500,3847000
20160321,91.3100,92.5700,91.1500,92.5000,2618200
20160322,90.3800,91.1200,89.4200,90.8600,5603900
20160323,90.0700,90.6500,89.0700,90.2500,1653200
20160324,90.1000,90.1400,88.6500,89.4000,2901700
20160328,90.6300,91.4300,90.0600,90.1300,2494400
20160329,90.6600,90.8100,89.4300,90.1500,1863100
20160330,91.0900,92.0000,90.8300,91.3300,1695200
20160331,87.7400,90.7500,87.2200,90.6400,4918400
20160401,87.8700,87.9800,85.9300,87.2600,3728800
20160404,87.2000,88.3100,86.9600,87.8400,2635700
20160405,86.6400,87.6600,85.7800,87.0400,2875100
20160406,87.0000,87.2700,84.7900,85.7900,3521300
20160407,86.1000,87.0800,85.5100,86.2900,2675500
20160408,86.6300,87.6300,86.2700,86.9100,2645800
20160411,86.7700,87.4600,86.6000,86.7900,2498300
20160412,87.4200,87.6800,86.1000,87.0000,2222900
20160413,89.7400,89.7800,87.6900,88.0400,2940500
20160414,88.9500,89.7400,88.7200,89.7400,2404200
20160415,88.3700,88.7500,85.9200,88.7500,3711000
20160418,88.9600,89.3100,88.0400,88.3000,2487900
20160419,93.2700,93.4300,89.3100,89.4900,5388500
20160420,93.4000,94.0900,92.1600,93.3000,4120900
20160421,94.1100,94.6600,92.9400,93.0100,4191200
20160422,94.0800,94.5400,93.1900,93.9100,3104900
20160425,94.0800,94.9400,93.4800,93.6700,3500400
20160426,93.9000,94.2800,92.7300,94.0800,2654100
20160427,94.0000,94.9500,93.4700,93.7800,1909300
20160428,94.2700,94.9500,92.8000,92.8700,2044100
20160429,93.6800,94.8300,93.2900,94.1200,2348700
20160502,95.6500,95.8800,93.5400,93.8500,3034500
20160503,93.8700,95.0000,93.4800,94.3000,3556700
20160504,91.6500,93.5200,91.2700,93.5200,2123600
20160505,89.6600,92.4100,89.5300,92.0700,2536400
20160506,89.7500,90.6500,89.2600,89.5200,2321000
20160509,89.0300,89.9100,88.9300,89.5200,2442400
20160510,91.1800,91.6000,88.7600,89.2400,2934800
20160511,90.3400,91.5500,90.3200,91.2100,1799600
20160512,97.9200,100.8500,96.0800,100.3000,17819800
20160513,99.9400,100.4700,97.7000,98.0000,6029800
20160516,98.2800,99.6300,97.9800,99.3900,2636600
20160517,97.7200,100.5000,97.5100,97.8700,4039500
20160518,97.1300,98.2000,96.8300,97.7000,3215800
20160519,100.5500,103.4600,100.4000,102.3900,12120200
20160520,101.5200,102.9000,99.9500,99.9500,3702800
20160523,106.0000,109.3700,105.9000,108.4400,13392300
20160524,109.3000,109.5400,106.6700,106.8000,18045700
20160525,111.6800,113.0000,110.3200,111.4200,13167100
20160526,109.6200,112.0200,109.4700,111.9000,5006600
20160527,109.4900,110.2200,108.1000,109.5900,4713700
