20150529,27.1900,27.5700,27.1500,27.3000,5264200
20150601,27.0900,27.3100,26.9200,27.2300,4985700
20150602,27.0800,27.3200,26.6500,27.2000,8556300
20150603,27.0800,27.3900,26.9500,27.0900,5053400
20150604,26.6500,27.0300,26.6400,26.8800,4377700
20150605,26.9500,27.3100,26.5000,26.5400,5321700
20150608,26.5800,27.0100,26.4400,26.7900,4697500
20150609,26.7300,27.2500,26.7300,26.8700,3281200
20150610,27.0600,27.2500,26.9400,27.1500,3405700
20150611,26.9300,27.2900,26.8800,27.1200,4144700
20150612,26.4900,26.8600,26.4800,26.7900,4453900
20150615,26.4400,26.6500,26.2400,26.2400,4643400
20150616,26.7200,26.7600,26.4100,26.4500,3288300
20150617,26.5400,27.0500,26.3100,27.0000,3478000
20150618,26.5300,26.7900,26.4600,26.6600,3904200
20150619,25.9200,26.6100,25.8900,26.3800,8063700
20150622,26.1200,26.2400,25.7900,26.1800,3382900
20150623,26.6100,26.6600,26.1400,26.2400,4661600
20150624,26.6100,27.0200,26.5900,26.7200,7571900
20150625,26.8100,27.2000,26.7500,27.1800,10990800
20150626,27.7500,27.7700,26.5500,26.8700,18316800
20150629,26.6900,27.3800,26.6800,27.2400,13296400
20150630,26.5400,27.0000,26.4600,27.0000,8529000
20150701,25.7900,26.6100,25.6000,26.5900,8710900
20150702,25.7300,26.3800,25.6700,25.8700,6216200
20150706,25.1200,25.4800,25.0500,25.2800,6449200
20150707,25.7100,25.8400,24.4500,25.0700,8451100
20150708,24.7300,25.6600,24.5400,25.5200,7133500
20150709,24.7800,25.3800,24.7500,25.2200,9405400
20150710,24.4600,25.2300,24.3500,24.9800,6841800
20150713,24.7300,24.7700,24.3200,24.3800,5953300
20150714,25.0800,25.2500,24.6200,24.7200,9034300
20150715,24.4000,25.1000,24.2100,24.9700,8365100
20150716,24.2700,24.6800,24.1600,24.6500,6634000
20150717,23.5700,24.2400,23.5500,24.2000,6230600
20150720,23.2400,23.6000,23.0600,23.5900,8700400
20150721,23.1700,23.5900,23.1000,23.3700,9206200
20150722,22.3400,23.1100,22.2300,23.0700,11190200
20150723,22.1000,22.4800,21.7200,22.3600,12029000
20150724,21.4100,22.1000,21.1000,22.0600,13124600
20150727,20.6900,21.2200,20.5700,21.1000,9137000
20150728,21.2000,21.5700,20.4400,20.7700,11840500
20150729,21.7600,21.8700,20.9100,21.1600,12555700
20150730,21.8600,21.9400,21.4700,21.8600,8454800
20150731,21.0100,21.7600,20.9300,21.6800,8947500
20150803,20.5700,21.2200,20.4700,20.7000,11247500
20150804,20.5100,20.9900,20.2800,20.7100,9375600
20150805,19.7900,21.0600,19.7400,20.8200,16224000
20150806,19.4500,19.7400,17.8600,19.0500,21784200
20150807,18.4000,19.9100,18.2500,19.3700,11654700
20150810,18.9800,19.0900,18.1500,18.4200,11948200
20150811,18.8800,18.9200,18.1100,18.4800,14193500
20150812,19.0600,19.2200,18.5400,18.8400,12432300
20150813,18.0200,18.8700,17.9800,18.7900,10108900
20150814,17.4000,18.2700,17.3600,18.0000,12877300
20150817,17.3600,17.3900,16.9000,17.1500,15390900
20150818,17.4800,17.8000,17.2600,17.3300,8966200
20150819,16.2300,17.4800,16.0800,17.3400,19827100
20150820,16.1300,16.5700,15.9500,16.1700,14230900
20150821,15.7300,16.2800,15.7000,16.0300,18816400
20150824,14.3900,15.2400,14.2900,14.5100,22372800
20150825,14.0400,15.1000,14.0300,15.1000,13423400
20150826,14.6500,14.6700,14.0700,14.3200,13567300
20150827,15.9700,16.1300,14.8700,14.9300,22410500
20150828,16.6500,17.1000,15.8700,15.8900,21004800
20150831,17.2900,17.3600,15.8200,16.4100,18458600
20150901,16.8500,17.2200,16.4600,16.7200,17820400
20150902,16.8700,17.1400,16.1500,17.1100,14667800
20150903,16.8700,17.5900,16.6500,16.9400,13572500
20150904,16.3600,16.7100,16.2400,16.5900,15418700
20150908,16.3200,16.6300,16.0400,16.5800,13711000
20150909,14.9100,16.8800,14.8600,16.4200,33904100
20150910,14.9800,15.4200,14.7400,15.0300,18710400
20150911,15.0900,15.1400,14.5900,14.7500,15640600
20150914,15.4100,15.4800,14.8100,14.9900,15451800
20150915,15.4500,15.8500,15.3500,15.4700,15514000
20150916,16.2100,16.2400,15.6200,15.6200,16637100
20150917,16.4300,16.9800,16.1300,16.2300,19681500
20150918,15.8400,16.3300,15.5700,16.2300,26980000
20150921,16.1100,16.5300,15.6700,16.0200,13935300
20150922,15.6600,16.3000,15.5400,15.7500,12251600
20150923,15.3000,15.9500,15.2500,15.7500,12545000
20150924,15.4500,15.6800,15.0400,15.0900,12053700
20150925,15.7500,16.0500,15.3900,15.6700,13876900
20150928,14.7600,15.5500,14.7500,15.4800,9936700
20150929,14.9700,15.1800,14.7100,14.8600,10994800
20150930,15.4000,15.5900,15.0000,15.1400,13709300
20151001,15.3100,16.1900,15.1400,15.7900,14181300
20151002,16.6600,16.6900,15.0000,15.1600,11643500
20151005,18.0500,18.1300,17.0000,17.0800,17565700
20151006,19.1700,19.2800,18.0000,18.1200,25583600
20151007,19.1700,20.3300,18.4200,19.5900,26600100
20151008,20.1800,20.3900,19.0200,19.1000,17094900
20151009,19.5900,20.4400,19.3900,20.4300,14168000
20151012,18.9600,19.6100,18.4100,19.5600,13787200
20151013,18.5900,19.3300,18.4900,18.8000,10355600
20151014,18.9100,19.0400,18.4400,18.4600,8545600
20151015,19.4300,19.4600,18.6900,18.7600,9403800
20151016,19.2800,19.5800,18.8200,19.5200,8142600
20151019,18.2800,19.1100,18.0300,18.9300,9449500
20151020,18.5600,18.7400,18.1100,18.2700,7885900
20151021,18.0200,18.4700,17.9700,18.4100,8139600
20151022,18.4800,18.6200,18.0400,18.2000,9018800
20151023,18.3000,18.6300,17.9800,18.3000,8455300
20151026,17.5900,18.3000,17.5800,18.2600,7277800
20151027,17.1100,17.4400,16.7300,17.4400,11897200
20151028,17.6800,18.0700,17.0500,17.2400,12690200
20151029,17.5500,18.7100,17.3700,17.4800,16921300
20151030,18.3800,18.7300,17.3800,17.8100,15400300
20151102,19.0100,19.2300,18.1400,18.1700,10944600
20151103,19.6600,20.0900,19.2400,19.2500,12060400
20151104,19.4000,19.8500,18.8700,19.6200,9137100
20151105,19.0000,19.9500,18.1300,18.9900,19123200
20151106,18.2900,18.8900,17.7300,18.6800,15275300
20151109,18.3600,18.7400,18.0700,18.2800,10110500
20151110,18.7800,18.8500,18.1900,18.2600,8711100
20151111,17.3000,18.8200,16.9900,18.7000,14112500
20151112,17.2000,17.6100,16.6800,16.9400,10661200
20151113,17.1400,17.4000,16.6800,17.1200,8965600
20151116,17.8700,17.9300,16.9600,17.2100,9262100
20151117,17.7100,17.9200,17.2900,17.6500,6618300
20151118,17.9000,18.4700,17.2900,17.9400,11540300
20151119,17.6400,17.8600,17.1700,17.7100,9794800
20151120,17.4200,17.8600,17.3000,17.6000,8416900
20151123,17.5300,17.7000,17.1700,17.3900,9373300
20151124,18.5000,18.7200,17.6700,17.7900,11708700
20151125,18.1100,18.4000,17.8300,18.2200,6277000
20151127,17.4400,18.0000,17.3900,17.8500,3696100
20151130,17.5100,17.8600,17.3700,17.5700,11798400
20151201,17.6300,17.6900,17.3200,17.5700,8820200
20151202,16.6700,17.6700,16.5800,17.4100,11031700
20151203,16.5500,16.9300,16.2900,16.8500,14461800
20151204,16.1200,16.3800,15.7000,16.2200,10742400
20151207,14.7800,15.5400,14.6800,15.5400,15175300
20151208,14.9200,14.9800,14.0700,14.2500,18275100
20151209,14.5000,15.4400,14.4100,14.8900,15728700
20151210,14.7400,14.9600,14.2600,14.4300,10257700
20151211,14.3400,14.5000,14.1000,14.3800,11234100
20151214,13.9600,14.2300,13.4100,14.1600,14612600
20151215,14.4600,14.5000,13.9300,14.2700,12914000
20151216,13.7800,14.4800,13.4800,14.4700,15943200
20151217,12.7800,13.9700,12.6500,13.7900,18589200
20151218,12.4700,12.9900,12.4000,12.7800,27418600
20151221,12.5200,12.7700,12.1100,12.5400,13683700
20151222,12.6900,12.8800,12.4500,12.5400,9509700
20151223,13.9600,13.9700,12.9900,13.0700,14590100
20151224,13.9300,14.1100,13.5900,13.9800,5709500
20151228,12.9800,13.5700,12.8200,13.5300,9519500
20151229,13.0300,13.4400,12.7600,13.3500,8141900
20151230,12.3800,13.0700,12.3500,12.7300,9897900
20151231,12.5900,12.6600,12.2200,12.3300,10141000
20160104,12.8200,13.0000,12.3800,12.5600,12667600
20160105,12.7600,12.8600,12.3300,12.7900,9777000
20160106,11.2800,12.2700,11.1400,12.2500,15837500
20160107,10.6700,11.1800,10.5500,10.8300,20172900
20160108,10.3500,10.9100,9.8600,10.7800,34056400
20160111,9.6200,10.4100,9.3700,10.4000,22275300
20160112,9.1900,9.7600,8.7100,9.7000,25506000
20160113,8.5400,9.6400,8.4400,9.4000,26857700
20160114,9.0700,9.2400,8.3600,8.7000,33825800
20160115,8.1400,8.3700,7.7100,8.1400,39565500
20160119,7.6800,8.2600,7.4900,8.2100,29537200
20160120,7.8600,8.0400,7.0800,7.3400,45468000
20160121,8.7900,8.8900,7.7200,7.7500,37173900
20160122,9.0200,10.6300,8.6400,10.1900,38960100
20160125,8.1400,9.1900,8.1200,8.7500,19509600
20160126,8.4500,8.5000,7.9300,8.3600,16346000
20160127,8.7500,9.3500,8.1800,8.3400,27289200
20160128,9.1700,9.5500,8.8400,9.3400,20994400
20160129,9.7300,9.8500,9.1700,9.2200,20678000
20160201,9.7400,9.8000,9.2200,9.3800,17658100
20160202,8.7400,9.3500,8.6900,9.3200,19959900
20160203,9.4200,9.4300,8.4400,9.0200,23844300
20160204,9.1900,10.2800,9.0900,9.5500,33500300
20160205,8.4600,9.1000,8.3400,9.0700,29574000
20160208,7.8200,8.4600,7.6300,8.2600,45568000
20160209,7.2900,7.7100,7.0300,7.6300,24990000
20160210,7.1300,7.6200,7.0100,7.2300,21711900
20160211,7.0600,7.3000,6.5200,6.9200,36853000
20160212,7.4900,7.6600,7.0500,7.2200,30427700
20160216,7.4000,7.8400,7.1800,7.7600,22438900
20160217,7.4100,7.7200,6.7500,7.6700,63685200
20160218,6.9300,7.6200,6.7000,7.6000,55035600
20160219,6.7300,6.8800,6.5200,6.8500,38684800
20160222,7.4900,7.5000,6.8500,6.9700,34565200
20160223,7.0300,7.4600,6.9000,7.3000,28066300
20160224,7.2200,7.2500,6.6600,6.7500,18799300
20160225,7.3900,7.4300,6.9600,7.2500,20805600
20160226,8.0300,8.2000,7.5900,7.7500,36421100
20160229,8.2100,8.5300,7.9700,8.4900,38489400
20160301,7.9600,8.2100,7.5600,8.2100,273996608
20160302,9.1000,9.1500,7.9000,7.9400,74553104
20160303,9.9700,10.0000,8.9700,9.0300,65454100
20160304,11.0000,11.4800,10.0800,10.3600,86997000
20160307,11.0300,11.5900,10.7200,11.1200,57536900
20160308,10.1200,10.8700,9.9200,10.8400,35596300
20160309,10.4800,10.6800,10.0800,10.5100,30862000
20160310,10.5900,10.6200,10.0100,10.3100,33998300
20160311,11.1600,11.3500,10.9500,11.1400,31847000
20160314,11.0900,11.3200,10.6800,10.8600,28445000
20160315,11.3100,11.3100,10.6000,10.8500,23912100
20160316,11.5200,11.8300,11.0900,11.5900,32600700
20160317,11.4500,11.7500,11.3100,11.7200,30781300
20160318,11.6300,11.8800,11.2000,11.7200,41238300
20160321,11.4300,11.8400,11.2600,11.4700,26579700
20160322,11.3100,11.5800,11.2500,11.2600,22927100
20160323,10.1900,11.3100,10.1200,11.3100,31271300
20160324,10.2900,10.4500,9.6500,9.7700,28978700
20160328,10.1600,10.4400,9.8100,10.3300,22606300
20160329,10.4000,10.4700,9.7700,9.9200,23919700
20160330,10.5300,10.8000,10.2400,10.7300,22290300
20160331,11.1400,11.2400,10.4200,10.5200,40209700
20160401,10.5600,10.7900,10.3900,10.7500,29055400
20160404,10.5300,11.0000,10.4100,10.5200,21890200
20160405,10.6300,10.8700,10.3200,10.4000,21366000
20160406,11.0200,11.2600,10.6800,10.8100,26238600
20160407,11.2200,11.2900,10.7800,10.8800,23358500
20160408,11.7800,11.7800,11.4100,11.6600,24392700
20160411,11.6700,12.1600,11.6200,11.9200,24378100
20160412,13.1200,13.3900,11.8700,12.0300,43935700
20160413,12.9200,13.3000,12.5100,12.9700,30817500
20160414,13.1100,13.2300,12.7200,13.0200,21211600
20160415,13.0100,13.2200,12.7400,12.9200,19535500
20160418,13.3600,13.5400,12.2800,12.2900,23999600
20160419,13.9500,14.1700,13.4500,13.5400,27614400
20160420,14.0600,14.3500,13.5100,13.8900,26467000
20160421,13.8600,14.2500,13.7700,14.1800,23557000
20160422,14.3400,14.4000,13.9500,13.9700,26857200
20160425,13.8300,14.2900,13.7100,14.2500,21634000
20160426,14.4400,14.5400,13.8800,14.0900,24287400
20160427,14.8400,15.1500,14.4600,14.7000,29916300
20160428,14.3500,15.0700,14.3300,14.7900,21467700
20160429,14.0900,14.8800,13.7200,14.5400,27966600
20160502,13.5500,14.0800,13.1200,14.0200,26223900
20160503,12.7900,13.3900,12.5100,13.1400,25388300
20160504,12.1700,13.0800,12.0900,12.8500,25287700
20160505,12.0700,12.8100,11.8900,12.7500,26903700
20160506,12.0300,12.5400,11.7800,11.8700,21632800
20160509,11.4400,11.9600,11.2800,11.8900,21257600
20160510,11.9400,11.9500,11.4600,11.5400,17102300
20160511,12.4600,12.8300,11.5800,11.9100,22812100
20160512,12.3300,13.1400,12.1600,12.7300,25073700
20160513,12.3000,12.6100,12.1800,12.2400,15099200
20160516,12.7800,13.1300,12.7000,12.7700,17294200
20160517,12.8600,13.2000,12.6800,12.9000,16167200
20160518,12.6600,13.0800,12.5600,12.7800,15051500
20160519,12.7400,12.8800,12.1100,12.3500,17303600
20160520,13.1100,13.1100,12.5800,12.8300,17159900
20160523,13.1900,13.2900,12.8300,12.8700,16841300
20160524,13.0200,13.3000,12.9000,13.2400,18329300
20160525,13.5400,13.6000,13.1400,13.2300,16999500
20160526,13.1700,13.8900,13.1700,13.8000,17171000
20160527,12.9000,13.1000,12.7700,13.0600,16005000
