20150529,38.2000,38.7100,38.1700,38.6400,7858800
20150601,38.5800,38.7200,38.1600,38.4200,8830700
20150602,38.5200,38.7400,38.2700,38.4300,6178700
20150603,39.0100,39.2400,38.6100,38.7900,7812600
20150604,38.7000,39.2100,38.5900,38.6300,7713400
20150605,39.2900,39.4000,38.9500,39.2300,9808100
20150608,39.0900,39.7500,38.9900,39.6400,7327000
20150609,39.1300,39.2800,38.7900,39.0800,7807900
20150610,39.8900,39.9500,39.1600,39.3000,9546900
20150611,39.8700,40.1800,39.6300,40.0000,6981000
20150612,39.6100,39.8600,39.5100,39.6500,5896300
20150615,39.5300,39.6400,38.9500,39.2200,5635300
20150616,39.7400,39.8100,39.3500,39.3900,4580300
20150617,39.5800,39.9600,39.5300,39.8900,7029500
20150618,39.7900,39.9300,39.3200,39.6800,7593800
20150619,39.3700,39.9300,39.2200,39.6300,10338800
20150622,39.8500,40.0500,39.7100,39.8600,8676300
20150623,40.2100,40.2400,39.9800,40.0600,9380300
20150624,39.6400,40.2600,39.5400,39.9700,8065700
20150625,39.2200,39.8700,39.1400,39.8200,8939700
20150626,39.5000,39.7200,39.3600,39.4700,8325600
20150629,38.3100,39.2000,38.3000,38.8200,10819300
20150630,38.7900,39.0900,38.5600,38.8200,11102300
20150701,39.3600,39.5300,39.1800,39.4600,10549900
20150702,39.0000,39.3900,38.7300,39.2600,6801200
20150706,38.8500,38.9200,38.4000,38.4100,8044500
20150707,38.6200,38.9000,37.6500,38.7400,12759200
20150708,37.7900,38.3300,37.7700,38.1700,9113300
20150709,38.1000,38.5800,38.0500,38.4900,7286000
20150710,38.6400,38.8500,38.4500,38.7500,6780400
20150713,39.3200,39.3800,38.9500,39.0800,7183900
20150714,39.7100,39.9100,39.2600,39.3300,8054600
20150715,39.7000,39.9500,39.4800,39.9500,7649400
20150716,39.9100,40.0900,39.8400,40.0100,7969800
20150717,40.2000,40.2500,39.6700,39.7600,8153700
20150720,40.0400,41.0400,39.9000,40.9000,15141800
20150721,40.0800,40.3200,39.7100,39.7100,11773400
20150722,40.5400,40.6200,40.0800,40.1700,9435900
20150723,39.9400,40.7400,39.8100,40.4800,10281600
20150724,39.6000,40.1200,39.2400,40.1100,8370100
20150727,39.2500,39.3800,38.8700,39.2600,11948000
20150728,39.2500,39.7200,39.0300,39.6000,9201100
20150729,39.2900,39.4500,38.9200,39.0200,9677800
20150730,39.3000,39.4000,38.8500,39.1500,5512100
20150731,38.8400,39.3500,38.7900,39.2800,7347600
20150803,38.7600,38.9700,38.4200,38.9600,7078100
20150804,38.9200,39.1800,38.7400,38.8500,6365800
20150805,39.0000,39.3500,38.8000,39.2900,4981000
20150806,38.9300,39.1800,38.6600,39.0400,7573500
20150807,38.5800,39.1800,38.2600,38.9500,8329500
20150810,39.0800,39.1600,38.8000,38.8000,5585000
20150811,37.9200,38.5400,37.7300,38.4800,11188900
20150812,37.5700,37.6400,36.5700,37.5700,13981400
20150813,37.7500,37.9500,37.4700,37.7100,6554200
20150814,38.0500,38.0600,37.6100,37.6900,5029500
20150817,38.1400,38.1800,37.5500,37.7300,5109200
20150818,37.8200,38.2100,37.7900,38.0700,8794400
20150819,37.4400,37.7800,37.2400,37.6100,8549700
20150820,36.1700,37.0000,36.1700,36.9400,14129400
20150821,34.2100,35.8900,34.1600,35.5700,30185700
20150824,32.2600,33.6100,30.4000,31.6200,24624100
20150825,31.7600,33.8000,31.7300,33.8000,19890100
20150826,33.3000,33.5000,32.1300,32.7500,25346400
20150827,34.3000,34.3500,33.5500,34.0000,21258600
20150828,34.0500,34.1900,33.7200,34.1100,13192400
20150831,34.4500,34.9700,33.8700,34.0900,13393000
20150901,33.1200,33.7700,32.8100,33.4200,14590100
20150902,33.7900,33.8100,33.1600,33.7500,12151000
20150903,33.8000,34.4900,33.6400,33.8500,11670800
20150904,33.1900,33.5400,32.8500,33.3200,12774100
20150908,34.2700,34.4200,33.8400,33.9000,13449200
20150909,33.7500,35.0500,33.6500,34.8500,10657200
20150910,33.8700,34.1400,33.4700,33.6300,9692500
20150911,33.9900,34.0100,33.4800,33.7700,7800900
20150914,33.8100,34.1100,33.6300,33.9200,9102200
20150915,34.5800,34.7600,33.7900,33.9400,8776700
20150916,34.6200,34.7800,34.3000,34.6100,10540400
20150917,34.0500,34.9000,33.8900,34.5900,13617200
20150918,33.0300,33.6000,32.8400,33.5600,19591300
20150921,33.3400,33.6000,33.0300,33.3500,8950900
20150922,32.4400,32.8700,32.1000,32.7700,13385500
20150923,32.3200,32.7800,32.1100,32.3900,12264700
20150924,31.9700,32.0600,31.3800,31.9500,16766500
20150925,32.1900,32.7900,32.0600,32.5500,13797800
20150928,31.0900,31.9200,30.8100,31.8800,15445400
20150929,31.0100,31.2700,30.4700,31.0900,13715900
20150930,31.5000,31.7900,31.2800,31.5400,15024800
20151001,31.5000,31.8100,31.0200,31.4200,13358700
20151002,31.4300,31.4700,30.1500,30.4000,22822500
20151005,32.2900,32.4800,31.7100,31.7400,11635700
20151006,32.3600,32.4300,31.9400,32.0700,8875100
20151007,32.9300,33.3300,32.6200,33.1400,13458400
20151008,32.9900,33.2100,32.5000,33.0800,11407600
20151009,32.7200,33.2600,32.4100,32.9500,11711000
20151012,32.8000,32.8500,32.5300,32.7500,7034500
20151013,32.6100,33.1700,32.5100,32.5200,10943700
20151014,32.5400,33.1000,32.3800,32.5800,9877500
20151015,33.6100,33.6800,32.3600,32.7100,12920500
20151016,33.9500,34.0800,33.5000,33.8400,13713800
20151019,32.3200,32.3300,31.6000,31.9200,39255600
20151020,32.2500,32.4000,31.6700,32.2100,23590400
20151021,31.4800,32.4100,31.3600,32.4000,22175900
20151022,32.3500,32.4300,31.6300,31.7000,18753800
20151023,32.6200,32.9900,32.3400,32.5800,14730700
20151026,32.5500,32.8200,32.3200,32.6300,10952300
20151027,32.2300,32.3700,31.8000,32.3500,13302400
20151028,33.4400,33.6300,32.1100,32.1500,17285600
20151029,33.5400,33.8800,33.3500,33.4400,12759600
20151030,32.9700,33.5700,32.9300,33.4400,13581100
20151102,33.4800,33.7200,33.0200,33.1000,9887900
20151103,33.2900,33.5400,33.0800,33.2700,11389800
20151104,33.4000,33.6000,33.2400,33.4000,9125400
20151105,33.8800,34.0500,33.4100,33.5300,12192300
20151106,35.4100,35.6100,34.8500,34.9400,19355200
20151109,35.1100,35.7400,34.8400,35.5200,10976800
20151110,35.2400,35.3200,34.7300,35.0000,7335600
20151111,35.0200,35.5400,34.9500,35.3800,7506000
20151112,34.2300,34.7700,34.1800,34.7400,10403400
20151113,33.9300,34.3700,33.7800,34.0400,8728000
20151116,34.0500,34.1400,33.2200,33.7400,11227400
20151117,33.5900,34.4400,33.4700,34.4400,10853300
20151118,34.2500,34.3100,33.6100,33.6900,10396200
20151119,34.1700,34.4400,33.9500,34.2800,8947800
20151120,33.9100,34.5300,33.7800,34.3300,8624100
20151123,33.6400,34.1400,33.5700,33.9200,7963000
20151124,33.5900,33.7800,33.1800,33.2700,7954500
20151125,33.6100,33.7500,33.4400,33.6200,6210000
20151127,33.7800,33.9200,33.4800,33.6300,3014600
20151130,34.3000,34.5300,33.7000,33.8100,17416300
20151201,35.2700,35.3500,34.6000,34.6000,18594200
20151202,34.8900,35.4000,34.7200,35.3600,10996500
20151203,34.4500,35.2200,34.2900,35.0500,15021200
20151204,35.3200,35.5800,34.4100,34.6600,13205400
20151207,34.6800,35.3100,34.4200,35.2800,8389200
20151208,34.0600,34.3500,33.8400,34.2300,10613400
20151209,33.3700,34.3100,33.0900,33.8000,13211200
20151210,33.4200,33.9000,33.2800,33.5000,10674500
20151211,32.0800,33.0500,31.9300,32.8100,16133000
20151214,31.8800,32.5200,31.3900,32.1300,14990100
20151215,32.8400,33.0800,32.5600,32.6400,13666800
20151216,33.6100,33.7700,32.6800,33.1700,13682900
20151217,32.3800,33.8500,32.3600,33.8300,15959800
20151218,31.2900,32.2500,31.2500,32.1300,19331700
20151221,31.6800,31.8000,31.1900,31.6200,10920100
20151222,32.2200,32.3800,31.6100,31.9600,11468400
20151223,32.6000,32.7300,32.2800,32.4700,6807100
20151224,32.4800,32.7100,32.4400,32.5700,2798200
20151228,32.1700,32.3600,31.9500,32.3600,5420300
20151229,32.5500,32.7000,32.3300,32.4400,6388200
20151230,32.2300,32.6500,32.2000,32.5000,5057200
20151231,31.8100,32.3000,31.7700,31.9100,8154300
20160104,31.4800,31.5200,30.5600,30.7000,15749200
20160105,31.2800,31.7000,30.9300,31.4800,9850500
20160106,30.5000,30.7800,30.2500,30.6300,13057400
20160107,28.9800,30.0700,28.7800,29.8800,18138200
20160108,28.3800,29.4900,28.3000,29.4100,15295600
20160111,28.4600,28.6000,27.8100,28.4500,19414800
20160112,28.4600,28.8800,28.0000,28.7400,16041800
20160113,26.8900,28.8000,26.5000,28.7300,29721900
20160114,27.1500,27.3200,26.2300,26.9900,23814500
20160115,25.9700,26.4100,25.5100,26.0300,29462200
20160119,26.2600,27.1300,25.7600,26.8300,28788200
20160120,25.2400,25.7700,24.6700,25.7000,25940900
20160121,24.7800,25.5900,24.6900,25.2900,22130300
20160122,25.6100,25.9800,25.1800,25.2600,22498400
20160125,24.9800,25.5100,24.9400,25.4600,20144600
20160126,25.4900,25.6600,25.0300,25.0400,13362900
20160127,25.3700,26.1600,25.0500,25.2500,19796300
20160128,25.1700,25.8400,24.9400,25.6700,16015600
20160129,25.8800,25.8900,25.1200,25.3500,18766500
20160201,25.7100,25.9300,25.4200,25.7800,11177900
20160202,24.5000,25.3600,24.3900,25.3600,18326800
20160203,24.3200,24.5200,23.2900,24.4300,25132900
20160204,25.0100,25.2000,24.1200,24.1500,17497500
20160205,24.3500,25.4200,24.1800,25.0900,16106100
20160208,22.6700,23.8400,22.3200,23.7600,24258700
20160209,22.9300,23.2900,21.7600,21.8900,25642000
20160210,22.7000,23.7800,22.6400,23.3800,21564200
20160211,21.6900,22.1300,21.1600,21.6700,29160400
20160212,23.0900,23.2000,21.8600,21.9100,22802200
20160216,23.7200,24.1400,23.2100,24.0700,20565500
20160217,24.2300,24.6700,24.1200,24.2200,19226500
20160218,23.9600,24.5400,23.7800,24.3600,17521200
20160219,24.0000,24.1900,23.6400,23.7800,12986200
20160222,24.5400,24.7400,24.3300,24.4000,12182000
20160223,23.7100,24.4900,23.6800,24.4500,14728800
20160224,23.7100,23.7100,22.6800,23.1600,20271400
20160225,24.6300,24.6800,23.7700,23.8000,17568600
20160226,25.1600,25.6700,24.7800,25.0000,19258000
20160229,24.7000,25.1500,24.6700,25.0100,13301500
20160301,26.0900,26.1200,25.0600,25.0900,17197000
20160302,26.1100,26.2900,25.8300,26.0000,16119300
20160303,26.1400,26.1900,25.8100,26.1000,11515400
20160304,26.1300,26.5000,25.9100,26.2600,13629400
20160307,26.0900,26.3300,25.7000,25.8400,9835300
20160308,25.0100,25.8600,24.9400,25.7000,21715100
20160309,24.6100,25.2600,24.4400,25.2000,23542300
20160310,24.6500,25.1500,24.4500,24.9100,20117300
20160311,26.0000,26.0900,25.1100,25.1500,24457300
20160314,25.9100,26.0700,25.6600,25.8300,17603300
20160315,25.4300,25.6900,25.1200,25.6300,15900500
20160316,25.1600,25.7900,24.7100,25.3000,17841100
20160317,25.8500,26.0300,24.5800,25.0100,20718900
20160318,26.2800,26.5500,25.9800,26.0500,24032000
20160321,25.9400,26.6100,25.8600,26.1700,10054000
20160322,25.8400,26.0200,25.4500,25.6100,13623900
20160323,25.2700,25.8700,25.2000,25.8300,10430600
20160324,24.9300,24.9400,24.2900,24.9400,15777900
20160328,24.7200,25.0700,24.6800,24.9800,9540200
20160329,24.7800,24.8100,24.1200,24.5600,13927200
20160330,25.0700,25.4300,24.7600,24.9600,11502400
20160331,25.0100,25.5400,24.8900,24.9100,15492000
20160401,25.5300,25.6800,24.6200,24.8900,15484800
20160404,25.0400,25.5100,24.9100,25.4900,11408300
20160405,24.3800,24.7000,24.2400,24.6300,12860000
20160406,24.4200,24.7300,24.2700,24.3400,14982000
20160407,23.7200,24.3100,23.5100,24.2300,17145400
20160408,23.7500,24.1800,23.6600,24.0100,10000600
20160411,24.1100,24.4400,23.8700,23.9000,12107600
20160412,24.5800,24.8500,24.1800,24.2200,14947800
20160413,25.8800,25.8800,24.9800,25.0300,18251000
20160414,26.1700,26.2600,25.6600,25.7400,18678400
20160415,25.7600,26.3700,25.7100,26.3100,14899900
20160418,25.7300,26.2000,25.5300,26.1800,29605100
20160419,26.4600,26.4900,25.8000,25.8600,23006500
20160420,27.4100,27.4800,26.4200,26.4800,24836300
20160421,27.2600,27.8800,27.1500,27.3500,16579300
20160422,27.7000,27.8200,27.2900,27.3200,19084100
20160425,27.5300,27.7100,27.2300,27.5300,11748800
20160426,27.5500,27.6700,27.3300,27.5100,13779800
20160427,27.5300,27.8300,27.1900,27.3300,12481700
20160428,27.2300,27.8200,27.0800,27.2300,11096600
20160429,27.0600,27.2400,26.8600,27.0100,15477400
20160502,27.2600,27.5200,26.8400,27.1000,14987500
20160503,26.8900,26.9100,26.3400,26.8800,16689400
20160504,26.2800,26.6200,26.0500,26.5000,14978000
20160505,26.1700,26.5000,26.0000,26.2600,11909100
20160506,26.2500,26.3500,25.9000,25.9900,12002200
20160509,26.1000,26.5000,26.0400,26.2400,10686200
20160510,26.6300,26.7900,26.2800,26.4100,11156300
20160511,26.3600,26.9900,26.3500,26.5900,9522600
20160512,26.2300,26.7300,25.9700,26.5600,9822400
20160513,25.8900,26.6500,25.8900,26.1900,13336000
20160516,26.2100,26.4200,25.8500,25.8600,9802400
20160517,26.1600,26.5600,25.9500,26.0800,14379900
20160518,27.2400,27.2900,26.1800,26.1900,20329900
20160519,26.6100,27.3500,26.4400,27.0700,11478700
20160520,26.7700,27.1700,26.6700,26.8500,14311800
20160523,26.8300,26.9400,26.6000,26.7200,8903400
20160524,27.4100,27.6600,26.9600,27.0400,17872900
20160525,27.7800,28.2900,27.6000,27.6100,15856700
20160526,27.4200,27.9100,27.3500,27.9100,9987600
20160527,27.5300,27.6400,27.3100,27.4500,9875900
