20150529,27.9300,28.4200,27.9300,28.4200,18451300
20150601,28.4200,28.5300,27.8100,27.9600,20206400
20150602,27.7900,28.4100,27.7700,28.3600,18228000
20150603,27.0800,28.0100,27.0100,28.0000,29623400
20150604,26.9900,27.2400,26.7100,26.9000,22186200
20150605,26.5900,27.0000,26.5000,27.0000,16585400
20150608,25.9200,26.6300,25.8000,26.5100,23252600
20150609,25.1900,25.9500,24.9400,25.9100,39816700
20150610,25.1900,25.5900,25.0300,25.5200,23802900
20150611,25.0200,25.3900,24.9700,25.2000,25793500
20150612,25.1300,25.3800,24.7100,24.8900,21123900
20150615,24.2400,24.2500,23.7000,24.2200,44190200
20150616,24.2400,24.3200,23.8800,24.0500,19173100
20150617,24.4800,24.6800,24.2300,24.3000,17951700
20150618,24.4700,24.8200,24.4300,24.6400,21570800
20150619,24.4700,24.9700,24.4600,24.8000,25589300
20150622,24.6300,24.7100,24.0000,24.1400,26231200
20150623,24.4900,24.8600,24.3800,24.6300,16168900
20150624,24.0600,24.4900,24.0000,24.4400,21243700
20150625,24.0200,24.2400,23.6600,24.1300,38347800
20150626,19.6600,20.6000,19.4300,20.2700,149010304
20150629,18.7300,19.6000,18.6000,19.3400,49126100
20150630,18.8400,19.1000,18.5500,18.8900,34683900
20150701,18.7800,19.1000,18.6300,19.0500,25027100
20150702,19.0700,19.3800,18.8100,18.8300,26178100
20150706,18.3200,18.9800,18.2300,18.8400,37875800
20150707,18.2000,18.3600,17.3700,18.1300,46293200
20150708,17.6300,17.9800,17.4900,17.9600,30898900
20150709,17.1500,18.0100,17.1400,17.8700,47087100
20150710,17.5700,17.6500,17.3000,17.3300,24282900
20150713,17.6100,17.8500,17.3900,17.8300,35788100
20150714,19.6100,19.8400,19.0000,19.7600,103878600
20150715,18.8900,19.6500,18.7700,19.4900,41983200
20150716,19.6100,19.7400,19.0900,19.2500,34717200
20150717,20.1200,20.2400,19.3700,19.5300,34081300
20150720,18.8900,20.0800,18.7700,20.0800,41989300
20150721,18.8800,19.1100,18.5100,18.8400,29340300
20150722,18.0000,18.6300,17.8500,18.5300,43635100
20150723,18.7000,18.9300,18.3000,18.3300,32805200
20150724,18.3400,18.7000,18.0700,18.6000,21567400
20150727,18.1200,18.6700,17.5700,18.1000,27584100
20150728,19.7500,20.0800,18.2000,18.3500,51809500
20150729,19.8700,20.5700,19.6700,19.9800,41557900
20150730,19.9000,20.1000,19.4600,19.7500,31248700
20150731,18.5100,20.0300,18.4700,20.0200,55074900
20150803,19.0000,19.3900,18.5900,18.6100,32958300
20150804,19.0100,19.1900,18.6000,19.1700,19934500
20150805,18.9100,19.4700,18.8800,19.1800,23370800
20150806,18.7200,18.9600,18.4500,18.9300,29928600
20150807,18.4400,18.5300,18.0000,18.4500,23718300
20150810,18.8200,18.9600,18.3200,18.5800,25232400
20150811,17.8800,18.6300,17.6800,18.6300,22959200
20150812,18.1900,18.3300,17.5200,17.6500,20428400
20150813,17.7000,18.3800,17.6700,18.2300,15468600
20150814,16.9500,17.9900,16.8200,17.7600,37248200
20150817,17.2200,17.2600,16.1200,16.4700,33001000
20150818,16.3800,17.0000,16.2700,17.0000,32424300
20150819,15.9000,16.3500,15.8800,16.2400,36874000
20150820,14.7400,15.3700,14.6600,15.3500,54864200
20150821,14.5300,15.2500,14.2400,14.3900,43715800
20150824,14.4400,14.4400,13.5000,13.8100,54532000
20150825,14.2700,15.3400,14.2600,15.1800,38655100
20150826,14.4200,14.7500,14.1100,14.6100,43819700
20150827,15.6700,15.9300,14.6300,14.6300,42971800
20150828,15.9600,16.5400,15.6100,16.2500,34099400
20150831,16.4100,16.6800,15.4600,15.9100,32916900
20150901,15.8200,16.2100,15.6800,15.8000,27914200
20150902,16.2900,16.3100,15.7400,16.0900,23478500
20150903,16.5900,17.2100,16.2600,16.3900,26377200
20150904,16.8200,17.3000,16.2600,16.3000,32420800
20150908,17.5300,17.7500,17.0500,17.5500,26817000
20150909,16.9600,17.9700,16.8400,17.9000,32951100
20150910,17.2000,17.4200,16.7100,16.8100,20814300
20150911,16.8000,17.1700,16.7100,17.0200,22107600
20150914,16.7000,16.9200,16.3600,16.9000,15178700
20150915,16.5200,16.8600,16.4600,16.8600,21319400
20150916,16.6800,16.7000,16.3100,16.4600,22363200
20150917,16.4100,16.8100,16.3100,16.6800,22827600
20150918,15.5000,16.1900,15.3600,16.0800,36698200
20150921,15.7500,15.9800,15.4600,15.6200,19024500
20150922,15.4100,15.8200,15.1700,15.3500,22763900
20150923,14.8100,15.4300,14.8000,15.4300,22567900
20150924,15.3400,15.5200,14.6000,14.8000,32800800
20150925,14.9100,15.5900,14.6500,15.3400,28917300
20150928,14.0600,14.7300,13.9200,14.6700,30448600
20150929,14.3800,14.6900,14.1500,14.2600,25529200
20150930,14.9800,15.3300,14.7000,14.7300,28066300
20151001,14.7700,15.0400,14.5000,14.9900,37460500
20151002,15.9100,15.9500,15.1500,15.2200,49688200
20151005,17.5700,17.8400,16.2000,16.3200,63718700
20151006,18.2200,18.3000,17.3400,17.6300,52110000
20151007,18.6200,18.9200,18.2200,18.3900,41913500
20151008,18.7200,19.1000,18.4500,18.5900,33619600
20151009,18.1600,18.8500,17.9000,18.6300,23392500
20151012,18.0300,18.6300,17.7200,18.5400,22494700
20151013,18.1800,18.5600,17.7400,17.8100,21778500
20151014,18.8200,19.3000,18.5200,18.7700,34627900
20151015,18.6600,19.1500,18.5000,18.8700,20397700
20151016,18.5000,18.8300,18.2300,18.7400,15540400
20151019,19.1600,19.2200,18.3200,18.3700,27543300
20151020,17.0900,19.0500,16.6100,18.9000,67592496
20151021,16.4300,16.9300,15.9300,16.4900,48737400
20151022,16.7200,17.0100,16.0700,16.4000,33986100
20151023,17.2400,17.3200,16.8100,16.9000,22439400
20151026,16.5800,17.2500,16.5000,17.1600,14901400
20151027,16.6800,16.8000,16.5200,16.5200,14697600
20151028,16.9200,17.1100,16.5800,16.8000,15151700
20151029,16.2100,16.7400,16.1900,16.6900,17073800
20151030,16.5600,16.6200,16.2000,16.3800,19248400
20151102,17.0900,17.2900,16.8000,16.9600,18767100
20151103,17.8400,17.9900,17.0900,17.1000,22131500
20151104,17.4400,18.0500,17.1000,18.0500,19246900
20151105,16.5100,17.7200,16.3600,17.5200,26767000
20151106,16.4500,16.7700,16.1000,16.4400,18047800
20151109,15.8400,16.4500,15.8000,16.3600,23643000
20151110,15.5500,15.8500,15.4200,15.7400,24591700
20151111,15.5000,15.7900,15.4700,15.6400,16199800
20151112,15.3500,15.7500,15.2800,15.2800,14296800
20151113,15.0000,15.3800,14.8600,15.3000,21071200
20151116,14.8900,15.2000,14.6500,14.9500,23731800
20151117,15.2800,15.7300,14.9400,15.0300,25249600
20151118,15.6100,15.6900,15.3000,15.3900,20071300
20151119,15.8700,16.2800,15.7100,15.7100,18278900
20151120,15.4300,16.1000,15.3400,16.0000,24068900
20151123,15.3200,15.6700,15.0700,15.5400,14049000
20151124,15.6300,15.6600,15.1500,15.2200,12222500
20151125,15.5800,15.7800,15.3500,15.4000,10003300
20151127,15.5600,15.6400,15.4700,15.5500,5018500
20151130,15.9300,16.0100,15.5000,15.5900,13235300
20151201,16.5500,16.6300,16.1200,16.1800,20103700
20151202,15.8200,16.5900,15.7200,16.4900,16106800
20151203,15.6100,16.2000,15.5000,15.9500,15164000
20151204,15.5000,15.9300,15.4000,15.5400,18867300
20151207,14.8500,15.4700,14.7100,15.3500,23542300
20151208,14.6000,14.7000,14.4200,14.6100,18169900
20151209,14.3200,14.6700,14.2400,14.6000,20781700
20151210,14.6600,14.8000,14.2600,14.2900,14788700
20151211,14.0400,14.4400,13.9900,14.3200,23601500
20151214,13.6600,14.4800,13.5100,14.4300,35155800
20151215,14.1800,14.3700,13.7400,13.7700,26395400
20151216,14.0700,14.4500,13.7800,14.3600,21511900
20151217,14.3200,14.7700,14.2500,14.6500,28927700
20151218,14.3600,14.7300,14.2600,14.3800,38218800
20151221,14.7700,14.7900,14.3300,14.4400,22117000
20151222,14.6100,14.9500,14.5200,14.8000,24987300
20151223,14.3000,14.3000,13.5500,13.7200,59094200
20151224,14.4800,14.5900,14.1900,14.2000,14284200
20151228,14.1900,14.5100,14.0500,14.4500,17635000
20151229,14.3400,14.5100,14.2300,14.3500,16093900
20151230,14.1600,14.4400,14.1000,14.2700,10895100
20151231,14.1600,14.2900,14.0300,14.1000,13211200
20160104,14.3300,14.3600,13.8100,13.8300,22585300
20160105,14.8200,15.0800,14.3600,14.4200,29768400
20160106,14.2200,14.6900,14.1100,14.5000,26739600
20160107,13.6600,14.2700,13.6300,13.8600,25922700
20160108,13.3300,13.9500,13.2900,13.7800,26795100
20160111,12.5300,13.4600,12.2100,13.3700,43141800
20160112,12.7200,13.2400,12.4000,12.7200,25635000
20160113,12.0600,12.9700,11.9100,12.7800,34426600
20160114,12.0200,12.2600,11.5300,12.0800,35725400
20160115,11.0800,11.6600,10.9100,11.3500,37037200
20160119,10.8000,11.3700,10.7100,11.2800,37146200
20160120,10.0500,10.3900,9.3100,10.3800,65025100
20160121,10.8500,10.9000,10.1300,10.4500,52245600
20160122,11.0700,11.5700,10.8800,11.1800,35088700
20160125,10.4800,11.1700,10.4700,11.0600,23807500
20160126,10.5500,10.7200,10.3600,10.5500,26177000
20160127,10.3900,10.8300,10.3200,10.5000,22926200
20160128,9.8900,10.5500,9.7100,10.4800,37327600
20160129,11.0300,11.0500,9.9400,9.9900,38349100
20160201,10.9600,11.1000,10.5100,11.0000,25768800
20160202,10.5900,11.0700,10.4800,10.8000,21970000
20160203,10.7600,10.8600,10.1800,10.6700,18058600
20160204,11.2300,11.5500,10.7000,10.7100,26122800
20160205,11.0000,11.3800,10.7600,11.1500,22470600
20160208,10.1700,10.7600,9.9400,10.7100,27337000
20160209,9.9800,10.3400,9.7500,10.0100,30105600
20160210,9.9000,10.2800,9.8200,10.0800,22017200
20160211,9.6900,9.9500,9.4500,9.7200,27048500
20160212,10.0200,10.2400,9.4800,9.8800,23805100
20160216,10.8100,10.8700,10.3100,10.3600,27375400
20160217,11.4300,11.6500,10.9200,10.9700,34275200
20160218,11.4900,11.7500,11.3200,11.5700,21516100
20160219,11.1600,11.3900,10.9500,11.3900,17892700
20160222,11.0500,11.4400,10.9000,11.3700,19944600
20160223,10.4900,11.0800,10.3900,11.0000,22544300
20160224,10.6400,10.6700,10.0600,10.2500,18526700
20160225,10.7200,10.7400,10.2100,10.6700,16108800
20160226,10.7000,11.0000,10.5700,10.7900,16412600
20160229,10.6300,10.8900,10.5200,10.6500,20658000
20160301,11.0700,11.1000,10.5900,10.7700,15610500
20160302,11.6800,11.6900,10.9700,11.0100,18175600
20160303,11.7900,11.8500,11.6000,11.7300,16183300
20160304,11.8800,12.2900,11.6000,11.8000,35199500
20160307,11.5800,11.7800,11.0500,11.4600,27748800
20160308,10.6600,11.4500,10.6500,11.4400,29521700
20160309,10.8100,10.9100,10.5300,10.7600,15095700
20160310,10.8800,11.0600,10.6600,10.9500,17739000
20160311,11.3900,11.4000,10.8500,10.9900,17244200
20160314,11.1500,11.3400,11.0100,11.3400,13520800
20160315,10.8500,11.1500,10.7200,11.1500,15151100
20160316,10.7200,10.8900,10.5500,10.7100,20420600
20160317,10.8700,11.0000,10.6000,10.7200,19907200
20160318,11.1400,11.1700,10.7500,10.8400,44781200
20160321,11.5300,11.6000,11.0800,11.1400,18064600
20160322,11.4400,11.6000,11.3300,11.4500,13444900
20160323,10.6500,11.4600,10.6300,11.4300,29356600
20160324,10.5000,10.6000,10.3300,10.5000,22766800
20160328,10.3800,10.5900,10.2500,10.5000,22750600
20160329,10.4500,10.5300,10.1000,10.1800,30864600
20160330,10.4800,10.9500,10.4000,10.5100,34271100
20160331,10.4700,10.4900,10.0100,10.3100,48091700
20160401,11.0300,11.0700,10.2400,10.2800,28435900
20160404,10.8000,11.2200,10.7800,11.0600,22470500
20160405,10.4000,10.7200,10.3800,10.6300,20753700
20160406,10.4700,10.4800,10.2500,10.4200,18382000
20160407,10.5100,10.6500,10.3900,10.4200,19318700
20160408,10.7200,10.8900,10.5700,10.6400,18934600
20160411,10.4500,10.9200,10.4400,10.7500,18235600
20160412,10.1700,10.5400,10.0500,10.5100,25651400
20160413,10.8800,10.9000,10.2000,10.3000,26081500
20160414,10.4000,10.7900,10.3900,10.7900,17765400
20160415,10.6900,10.7800,10.4600,10.7300,25295600
20160418,10.8900,11.1000,10.5600,10.6300,26355200
20160419,10.7200,11.0800,10.6000,11.0800,20952300
20160420,10.7500,10.7700,10.5000,10.6300,19260200
20160421,10.6500,10.8900,10.6000,10.8000,15596100
20160422,10.6600,10.8100,10.5000,10.6600,18694600
20160425,10.5500,10.8800,10.4800,10.6700,22480400
20160426,11.5100,11.6500,10.7100,10.8200,47026100
20160427,11.5600,11.6100,11.2000,11.3400,24314100
20160428,11.6200,12.4100,11.5200,11.5300,41155500
20160429,10.7500,11.6900,10.6500,11.6300,40087400
20160502,10.6200,10.8600,10.4300,10.8000,23706100
20160503,10.3600,10.6200,10.2500,10.4900,27317000
20160504,10.0000,10.4900,9.8000,10.2500,40798100
20160505,10.0600,10.4000,10.0100,10.0600,26430200
20160506,9.9900,10.2100,9.8500,9.9800,20924500
20160509,9.8700,10.0700,9.7600,10.0000,20453800
20160510,10.0900,10.1100,9.8400,9.9400,19554600
20160511,10.1000,10.3300,10.0100,10.0200,17747000
20160512,9.6300,10.2600,9.3500,10.1500,40998800
20160513,9.5600,9.7900,9.4100,9.6600,21483100
20160516,9.6800,9.6900,9.5100,9.6100,16217800
20160517,9.6700,9.9200,9.4900,9.6500,22090900
20160518,10.0500,10.2800,9.6800,9.6800,26916900
20160519,10.0700,10.2600,9.9100,10.0000,18807400
20160520,10.8000,10.8100,10.2800,10.3100,31173700
20160523,11.1400,11.1700,10.8200,10.8400,28326500
20160524,11.4900,11.5000,11.1600,11.3100,25158500
20160525,11.6000,11.7800,11.4200,11.5900,29175600
20160526,11.9500,12.0300,11.6900,11.7100,23587100
20160527,12.3100,12.4300,11.8300,11.9700,29829800
