20150529,72.6300,73.8600,72.5600,72.7300,7327900
20150601,73.3200,73.7600,72.4000,72.4200,3337300
20150602,72.2800,73.3000,72.0500,72.9000,2888900
20150603,72.3900,73.2500,72.1500,72.6200,3784900
20150604,74.2900,74.6600,71.3100,72.0000,8875100
20150605,74.1400,74.6200,73.3200,74.4700,7507800
20150608,73.6500,74.3800,73.4800,74.0100,4937900
20150609,73.8000,74.1800,73.4300,73.7800,3633500
20150610,74.0600,74.2500,73.3800,73.8800,4535000
20150611,74.1100,74.3300,73.6300,74.1800,3743700
20150612,73.7000,74.4000,73.1800,74.0200,3552400
20150615,73.5900,73.7700,72.5600,73.6400,3121500
20150616,72.0500,73.0100,71.5800,72.8900,8753500
20150617,71.2300,72.8500,71.1800,72.2400,4491700
20150618,72.5600,72.9900,71.5000,71.7200,5491800
20150619,71.6200,72.8700,71.4400,72.3400,10459800
20150622,71.4200,72.2600,71.3300,71.9500,2289100
20150623,71.0200,72.0000,70.5700,71.9800,3040600
20150624,70.8600,71.4500,70.6000,71.0200,4750800
20150625,70.3600,71.2100,69.8500,70.9000,2530800
20150626,69.0600,70.8600,69.0100,70.6800,9251200
20150629,67.6300,68.9900,67.3300,68.1500,4020800
20150630,67.8600,68.4600,67.3700,68.2800,4672800
20150701,69.7000,69.7600,67.9200,68.5200,3595400
20150702,70.1200,70.4100,69.3400,69.6700,2574100
20150706,70.7500,73.9000,69.0000,69.1400,8299800
20150707,71.4900,71.5800,69.6000,71.2100,4377300
20150708,68.9600,71.9900,68.8900,71.2200,4609200
20150709,70.3500,70.5300,68.6400,69.7100,4417700
20150710,71.2200,72.9900,70.6300,71.3700,5804400
20150713,71.0600,71.7300,70.1100,71.6000,4221800
20150714,71.4200,71.9500,70.5000,71.0800,4323100
20150715,70.0600,71.4200,68.2800,71.2000,4503300
20150716,68.4400,70.8100,68.0500,70.4600,8371300
20150717,68.4700,69.0100,68.0000,68.4000,5457700
20150720,66.9800,68.4500,66.7600,68.3200,6750900
20150721,67.2100,67.6100,66.6000,67.6100,3688800
20150722,67.9000,68.0900,66.6900,67.2000,3492600
20150723,66.5600,68.0400,66.3600,66.9900,5788100
20150724,65.9400,67.3400,65.4600,66.4400,5386300
20150727,56.3700,57.5800,55.4000,56.0400,34543200
20150728,56.3500,57.0000,53.8100,56.7400,17876400
20150729,57.2400,58.0500,55.6200,56.5000,16199800
20150730,56.3500,57.6000,56.3400,57.4000,9049100
20150731,55.9900,56.6400,55.6100,56.4800,5640900
20150803,55.2000,56.7300,54.9800,55.8900,6919300
20150804,54.6700,55.3900,53.8900,54.9300,7903000
20150805,54.6000,55.1600,54.1000,55.0000,8430600
20150806,55.4000,55.9900,52.5900,55.3500,16214400
20150807,56.3500,56.4100,55.1600,55.9000,9934400
20150810,57.5300,57.8100,56.8200,56.9800,9656100
20150811,57.1300,57.7700,56.4200,57.3800,7071000
20150812,55.3600,56.8400,54.2300,56.2500,10441700
20150813,54.2200,55.4000,54.1700,55.0900,5794600
20150814,54.3600,56.1300,53.6800,56.0000,6859100
20150817,55.4900,55.5600,54.0500,54.3700,6530700
20150818,55.7500,56.4400,54.8500,55.6600,9083500
20150819,55.0900,55.7300,54.6900,55.6600,6790900
20150820,53.0300,54.8300,53.0200,54.5000,8020800
20150821,51.5000,53.1400,51.2000,52.3600,8589100
20150824,49.8100,51.2600,45.5000,47.8800,10869300
20150825,49.1100,52.0400,49.0700,51.9800,8587300
20150826,51.1300,51.4200,48.3900,50.2300,12172700
20150827,51.4900,52.9300,50.4200,51.5200,8263100
20150828,50.3700,51.9300,49.8200,51.6400,7615300
20150831,49.5900,51.6600,49.4500,50.5900,5784900
20150901,48.2900,49.6600,47.9000,48.5600,6601900
20150902,48.6200,49.4300,47.6000,49.0000,6139700
20150903,47.4200,49.5100,47.2400,49.0500,6766800
20150904,48.0500,48.3900,46.5500,46.7300,6034800
20150908,48.7200,49.4300,48.0000,48.7500,6259700
20150909,47.5600,49.3400,47.4100,48.9800,5545800
20150910,47.8000,48.2600,47.0100,47.4900,5993700
20150911,48.6500,48.7700,47.2800,47.4300,4578800
20150914,49.0600,49.0700,48.2700,48.4700,4711900
20150915,49.5600,50.0700,48.9500,49.2100,5833500
20150916,49.0100,49.8500,48.4800,49.8100,3911500
20150917,49.3700,50.1600,48.7800,49.5500,5163200
20150918,49.5900,49.7100,48.5600,49.2300,10785400
20150921,48.1600,49.5900,47.5300,49.4000,6080500
20150922,46.6500,47.7000,45.4400,47.4700,8650700
20150923,45.4100,47.0800,45.3300,46.7800,6073600
20150924,45.5600,45.7600,44.2200,45.1000,7667800
20150925,43.6100,46.0900,42.1400,45.8000,10032200
20150928,40.8600,43.5500,39.5100,43.1300,17425500
20150929,39.8000,41.6600,39.1600,40.7900,12549100
20150930,40.2600,41.2600,39.3000,40.9100,10626100
20151001,41.4100,41.6200,39.6300,40.6000,9863200
20151002,43.6600,43.8300,40.2200,40.3000,9844800
20151005,43.9000,44.4300,42.5500,43.7500,7933900
20151006,42.8500,44.4700,42.2500,44.3900,7819700
20151007,42.2300,42.9900,41.0100,42.8900,9310900
20151008,42.6700,42.9400,41.3200,42.3800,4935000
20151009,42.5500,43.1700,42.0700,42.8000,5994600
20151012,42.9000,43.6900,42.5200,43.1800,5265900
20151013,41.4200,43.5400,41.2700,42.9000,5658500
20151014,42.2400,42.6700,41.5000,41.5600,5971100
20151015,42.7300,42.9100,41.5800,41.7800,7258200
20151016,43.5500,43.7700,42.7300,43.0000,10073400
20151019,43.7400,44.2500,42.7600,44.0400,7192200
20151020,42.5500,44.2000,42.4600,44.2000,7297000
20151021,40.8900,42.5200,39.4400,42.4900,12378800
20151022,39.1600,40.6000,37.5900,40.6000,17896300
20151023,40.9600,41.5600,38.9100,39.7400,10283500
20151026,41.8500,42.1600,40.4000,40.9000,7877900
20151027,44.0900,44.1100,42.0100,42.1200,10339000
20151028,44.8900,45.3700,43.5600,44.3800,8865400
20151029,45.7800,48.0400,45.0800,46.6800,13116000
20151030,44.0900,46.0500,43.4300,45.4900,11617400
20151102,45.8100,46.3300,44.2500,44.8700,9013000
20151103,46.5700,47.4900,45.4600,45.4600,11600100
20151104,46.5800,47.4600,46.4000,47.0500,10610000
20151105,44.7900,46.7800,44.6400,46.4200,7093800
20151106,44.9600,45.4500,44.2000,45.0100,6387800
20151109,45.1400,46.2300,44.4000,45.1000,8699900
20151110,45.4400,45.8500,44.7500,45.3400,11547300
20151111,44.4900,46.4300,44.2800,45.6600,7521100
20151112,43.2000,44.7300,42.5600,44.6500,12577700
20151113,48.7800,49.4900,46.4800,47.6000,38841800
20151116,50.0000,50.5100,48.4000,48.8600,11171900
20151117,50.6600,51.4500,50.1000,50.1900,8075100
20151118,52.0200,52.2400,50.4200,50.8500,10975900
20151119,51.2200,52.4600,50.2000,52.4600,6773100
20151120,51.8700,51.9700,50.3500,51.5800,8889100
20151123,50.8800,52.4500,50.5300,51.8600,8408400
20151124,50.3900,50.9700,50.1800,50.5600,8805500
20151125,51.8000,51.8500,50.2400,50.2700,5309800
20151127,51.7400,52.0200,51.4700,51.8500,1850100
20151130,51.3000,52.0000,50.8700,51.7100,4754300
20151201,53.0800,53.3400,51.5100,51.8800,7530200
20151202,52.0800,54.5000,51.7700,52.7800,8389300
20151203,51.0700,52.4200,50.2400,52.2100,7611400
20151204,51.4100,51.4700,50.1500,50.7000,7765000
20151207,51.0900,51.5500,50.1300,51.2300,5359400
20151208,51.2600,51.5300,50.2300,50.5000,7401800
20151209,50.7000,52.0500,50.2600,51.0400,6690200
20151210,52.9300,52.9900,50.8200,51.0000,5222900
20151211,52.5600,53.2800,51.9100,52.2600,6867800
20151214,53.3700,53.8100,51.8500,53.6400,9696100
20151215,53.9900,55.0000,53.7700,53.8800,7483600
20151216,54.3900,54.7400,53.1700,54.2000,4867100
20151217,52.9700,55.3000,52.9400,55.0400,6228100
20151218,53.1700,53.7400,52.1500,52.4400,9205000
20151221,53.6400,53.8500,53.1700,53.5200,3681600
20151222,54.1900,54.2900,53.4100,53.6200,2839200
20151223,54.7900,55.0600,54.1200,54.2600,3861300
20151224,54.8200,55.1500,54.3500,55.0900,1579300
20151228,54.3300,54.4800,53.5800,54.4800,2469500
20151229,55.2800,55.5100,54.4800,54.6100,3472500
20151230,54.6200,55.5000,54.5000,55.0100,2383400
20151231,54.0700,54.7700,54.0200,54.3600,2567500
20160104,53.2800,54.0000,52.7000,52.8800,6703700
20160105,54.0900,54.4200,53.2500,53.6700,5578000
20160106,53.3600,54.4400,52.7800,52.9600,5538700
20160107,51.6100,52.6700,51.5700,52.5200,6146500
20160108,49.4200,51.9300,49.2600,51.7200,6941600
20160111,49.5000,50.2300,48.3300,50.0600,6715100
20160112,50.0900,50.6700,48.7700,49.7300,4297500
20160113,48.8900,50.9900,48.7700,50.5000,4007300
20160114,50.7000,51.6500,48.4100,49.0000,7137200
20160115,49.7100,50.4100,48.0300,48.9000,9056800
20160119,50.2200,51.7800,48.7400,50.5700,7722500
20160120,51.4000,52.1600,49.5400,49.7100,5483500
20160121,51.4400,52.2700,50.4400,51.8600,4234300
20160122,53.1100,53.4100,51.9400,52.6000,3620300
20160125,52.6200,53.6300,52.4000,52.9600,3473000
20160126,53.9300,54.2300,52.0500,52.7300,3610300
20160127,51.2300,53.9200,50.8300,53.8500,6466300
20160128,50.4300,51.9400,49.5000,51.8900,5622800
20160129,52.6900,52.7700,50.2900,50.8400,4789700
20160201,52.3500,52.6700,50.6200,51.9200,5190600
20160202,50.8200,53.0500,50.5300,52.0100,5154400
20160203,52.2600,52.5500,49.3300,51.3800,5603700
20160204,52.3100,53.2100,51.1500,51.9400,4024900
20160205,51.3900,52.9100,50.9500,52.2100,4264800
20160208,50.4500,51.1500,49.3400,50.8100,4848500
20160209,50.7400,51.5900,49.1400,49.7200,5776900
20160210,50.5400,51.7300,49.1400,51.2100,10608700
20160211,41.4200,44.0000,40.0400,43.9500,33270200
20160212,41.8300,42.0000,40.0500,41.3400,15514300
20160216,43.1500,43.2000,41.9400,42.2700,10006000
20160217,46.2700,46.4200,43.7200,43.8000,10055600
20160218,44.7100,47.0500,44.6200,46.4600,8180700
20160219,45.3400,45.9800,43.8000,43.8000,5042200
20160222,46.8100,46.9000,45.6300,46.3500,5242000
20160223,46.7100,47.9700,46.5400,46.7000,6546900
20160224,46.6000,46.7800,44.8600,45.7000,4711300
20160225,47.4200,47.4300,46.1800,46.9800,3544400
20160226,47.1400,47.7700,46.8300,47.0700,3075300
20160229,45.0700,47.0400,45.0400,47.0000,5161300
20160301,46.0600,46.7900,45.1900,46.4600,6180900
20160302,46.1200,46.1700,44.8700,45.9500,4287900
20160303,45.7300,46.1200,45.1700,45.8200,4107600
20160304,44.7800,46.0200,44.3000,46.0000,5896000
20160307,46.1400,47.0200,44.6200,44.8900,5424000
20160308,44.7500,46.0000,44.5600,45.9500,4633600
20160309,46.5500,46.5900,44.6400,44.9800,5782300
20160310,47.2900,48.7100,46.6600,47.2200,7327500
20160311,48.6000,48.6100,46.9500,47.0000,5095500
20160314,47.8700,48.4300,46.3600,48.4000,4389800
20160315,45.9200,47.3000,45.3400,47.1800,6752500
20160316,46.4000,47.1800,45.6100,45.6400,4992500
20160317,44.2200,46.2000,43.6500,46.0800,7654000
20160318,45.0500,45.2800,43.8400,44.6200,6513000
20160321,45.4600,46.1300,45.1000,45.1300,3992200
20160322,46.2100,46.3800,45.2500,45.2900,5707100
20160323,45.4100,46.4500,45.3700,46.2200,2205300
20160324,45.8800,46.1300,44.4700,45.0000,2567700
20160328,45.2000,46.0700,44.8200,45.9800,3589100
20160329,47.0100,47.2000,44.7600,45.0700,3029600
20160330,46.4000,47.2000,45.9500,46.9100,2207000
20160331,46.3500,46.6800,45.5700,46.2100,3305500
20160401,47.5000,47.6600,45.7300,46.2200,3553100
20160404,47.2300,48.4600,47.0600,47.4900,3690500
20160405,45.9200,46.5500,45.6000,46.2500,5762300
20160406,48.3400,48.3900,45.7700,45.9200,5658000
20160407,48.0700,48.8100,47.6600,47.9500,3740800
20160408,47.0000,48.9100,46.6300,48.9100,4405400
20160411,45.5600,47.4700,45.2100,47.3200,5763600
20160412,46.2500,46.9400,45.6100,45.6100,4889200
20160413,47.2200,47.6100,46.1500,46.7100,4063100
20160414,47.5900,48.0000,46.7800,47.3300,2593100
20160415,46.8900,47.6000,46.6400,47.1600,3535800
20160418,47.6000,47.9300,46.6400,46.9500,2575800
20160419,47.7700,48.9600,47.6500,47.7700,3031200
20160420,47.9300,48.4300,47.5000,48.0900,2619300
20160421,48.8000,49.2000,48.0100,48.0400,3474400
20160422,48.2900,49.4200,47.8200,48.7500,2739500
20160425,45.0200,47.0000,44.9800,46.8500,8838000
20160426,44.9900,45.5000,43.8000,45.5000,6884100
20160427,44.4800,45.1300,44.2500,44.8500,6407400
20160428,42.6000,43.8800,42.4600,43.8800,8607700
20160429,41.7100,42.7300,41.3100,42.3700,7526200
20160502,42.7100,42.7600,41.5100,42.1000,5979200
20160503,43.6900,44.5600,41.8500,43.3700,11900900
20160504,41.9400,43.5000,41.5800,43.4000,5543000
20160505,41.4000,42.0300,40.7600,41.8400,9056200
20160506,39.6500,41.2200,38.4600,40.3100,11471900
20160509,40.7700,41.1000,40.1600,40.5200,5440000
20160510,40.8100,41.3700,40.5600,40.8800,4589800
20160511,39.6400,40.7500,39.5700,40.7100,3850000
20160512,38.6200,39.8900,38.0100,39.6500,7380300
20160513,39.1600,39.3200,38.0500,38.3800,5615200
20160516,40.4500,40.5300,39.2000,39.4700,4879400
20160517,41.0200,41.7200,40.2100,40.4000,6066900
20160518,42.0400,42.7600,41.1500,41.1800,5284500
20160519,41.1200,42.4200,40.5000,41.8300,3694900
20160520,41.5100,42.0900,41.0900,41.1700,3550100
20160523,41.2100,41.6600,40.9500,41.5600,3704500
20160524,42.4400,42.6000,41.5000,41.5500,3702800
20160525,42.6800,42.9700,42.1400,42.4700,3340100
20160526,42.8600,43.0000,42.4100,42.6600,1951400
20160527,43.0600,43.8400,42.8900,43.0600,3054000
