20150529,19.2700,19.3500,19.1300,19.3500,1855000
20150601,19.3400,19.5400,19.1600,19.3800,1257600
20150602,19.3800,19.4400,19.2300,19.2300,2236300
20150603,19.4400,19.5430,19.2500,19.2900,1495900
20150604,19.0600,19.4500,19.0400,19.3500,1638100
20150605,19.0900,19.3600,19.0000,19.1200,1449300
20150608,19.0600,19.2300,19.0100,19.0500,1270600
20150609,18.9000,19.1900,18.8500,19.1200,1779400
20150610,19.4000,19.4000,18.8300,18.9400,1741600
20150611,19.5300,19.5950,19.3100,19.3800,1745200
20150612,19.4300,19.5700,19.3200,19.5200,972300
20150615,19.0900,19.2600,18.9800,19.2600,1381600
20150616,19.1400,19.3600,18.9400,19.1100,1887700
20150617,18.6400,19.2400,18.4200,19.2100,2300100
20150618,18.9850,19.0350,18.6000,18.6300,2723900
20150619,18.9300,18.9500,18.7200,18.8900,5057800
20150622,19.0600,19.2050,19.0100,19.0900,1546200
20150623,19.1000,19.2550,19.0900,19.1000,1635600
20150624,18.8300,19.2300,18.8100,19.1100,2881300
20150625,18.5550,18.8500,18.5400,18.8300,1486600
20150626,18.4400,18.8100,18.4300,18.6600,3702100
20150629,18.1100,18.5500,18.0900,18.3600,1975700
20150630,18.2100,18.3900,18.0900,18.2000,1641600
20150701,18.4500,18.5100,18.2300,18.3600,2452600
20150702,18.4500,18.6000,18.3650,18.5400,1941300
20150706,18.6100,18.6200,18.2100,18.2100,2253700
20150707,18.9700,19.0000,18.4800,18.6600,2725000
20150708,18.5700,18.8900,18.5400,18.8600,1865500
20150709,18.5300,18.9200,18.5000,18.7900,1421500
20150710,18.3700,18.7800,18.3300,18.7800,2492900
20150713,18.3600,18.5000,17.4300,17.4300,2258700
20150714,16.4200,17.0200,15.7600,15.9000,8538100
20150715,16.5600,16.6800,16.3400,16.6600,4133500
20150716,16.6700,16.6900,16.4900,16.6900,3180500
20150717,16.8600,16.9000,16.4500,16.4600,3114800
20150720,16.4200,16.9700,16.3900,16.9700,4692600
20150721,16.6000,16.7550,16.4700,16.4700,3615900
20150722,16.2300,16.6700,16.1600,16.6700,3441300
20150723,16.3900,16.4750,16.1600,16.3300,2610800
20150724,16.2200,16.5600,16.2000,16.4500,2282200
20150727,15.7200,16.4500,15.7200,16.1500,2518500
20150728,15.8300,15.9000,15.7500,15.8000,2273000
20150729,15.7700,15.9100,15.7300,15.7700,2008200
20150730,15.5300,15.7800,15.4900,15.7000,2955200
20150731,15.7000,15.9000,15.6500,15.8200,2987200
20150803,15.6600,15.8800,15.5550,15.7700,2110000
20150804,15.5800,15.7450,15.5300,15.6000,1749400
20150805,15.6100,15.9400,15.5950,15.6200,2891300
20150806,15.3700,15.6600,15.2000,15.6600,3549600
20150807,15.6100,15.6250,15.3000,15.3400,2263100
20150810,15.9100,16.0000,15.6900,15.6900,1713100
20150811,15.3900,15.9000,15.3600,15.5300,2697600
20150812,15.3100,15.4900,15.1100,15.4900,2995500
20150813,14.7900,15.3200,14.7500,15.2500,3443400
20150814,14.7600,14.8700,14.5800,14.8300,4360300
20150817,14.8300,14.9600,14.6100,14.7600,3503000
20150818,14.7700,15.0000,14.6000,14.8800,2603700
20150819,14.6200,14.7300,14.5500,14.6600,1921600
20150820,14.0600,14.4850,14.0500,14.4300,3007700
20150821,13.8900,14.2700,13.8900,13.9800,2829300
20150824,13.0600,14.0000,12.8900,13.3400,7450700
20150825,12.0400,13.2300,12.0200,13.2300,9032800
20150826,12.5200,12.5500,12.0100,12.2500,4831200
20150827,13.0000,13.0850,12.6700,12.8100,4580200
20150828,13.0500,13.1500,12.8000,12.9300,2634700
20150831,12.7900,12.9800,12.6800,12.9300,5772300
20150901,12.3500,12.6500,12.3000,12.5100,3658500
20150902,12.1600,12.5300,11.9700,12.4000,3843300
20150903,12.1500,12.3700,12.0900,12.2000,3555300
20150904,11.9400,12.1000,11.7900,11.9600,3019900
20150908,12.3000,12.9900,12.1300,12.7400,5676800
20150909,12.2900,12.5400,12.2100,12.4400,4643500
20150910,12.6400,12.6800,12.2600,12.3100,5694700
20150911,12.4500,12.5700,12.2250,12.5200,7487700
20150914,12.4400,12.5200,12.2800,12.4400,4123200
20150915,12.3700,12.7400,12.2750,12.7400,4439800
20150916,12.6500,12.7100,12.3700,12.3700,7558000
20150917,12.5500,12.9100,12.4800,12.6600,5278400
20150918,12.6600,12.7600,12.2730,12.3900,9403100
20150921,12.6500,12.8000,12.5950,12.7200,4150500
20150922,12.4000,12.6400,12.1100,12.5000,3926600
20150923,12.4700,12.5400,12.2800,12.3800,3997000
20150924,12.5000,12.5300,12.2700,12.3400,4376100
20150925,12.4400,12.6500,12.3400,12.5800,4674000
20150928,12.1600,12.4850,11.9950,12.4000,5161000
20150929,11.6300,12.2300,11.5900,12.1600,8504200
20150930,11.2400,11.8700,10.9450,11.7500,10417200
20151001,10.9600,11.2900,10.6800,11.2400,11040300
20151002,11.0400,11.1100,10.6200,10.7400,7013700
20151005,11.4800,11.6600,11.0800,11.0800,5702500
20151006,11.6300,11.7500,11.3900,11.4300,5169300
20151007,11.9800,12.1000,11.7000,11.7300,8565600
20151008,12.1000,12.2600,12.0100,12.1300,5464300
20151009,11.9600,12.3700,11.9000,12.1400,6033000
20151012,11.8800,12.0600,11.8000,11.9800,3388500
20151013,11.8700,11.9650,11.7800,11.8400,5283000
20151014,11.7700,12.0600,11.7000,11.9200,5383800
20151015,12.0300,12.0650,11.7700,11.8100,3922100
20151016,12.2600,12.3300,11.9500,12.0900,3073700
20151019,12.2700,12.2800,11.9800,12.1700,6179600
20151020,12.6600,12.7350,12.2810,12.3200,5913700
20151021,12.8900,13.1300,12.6500,12.8200,5366900
20151022,12.9600,13.1700,12.7100,12.9900,7368000
20151023,13.5500,13.7700,13.0000,13.0900,6200600
20151026,13.5000,13.5850,13.1600,13.5600,3931400
20151027,13.4100,13.4500,13.1000,13.3900,4673500
20151028,13.8000,13.8300,13.2600,13.4300,3507400
20151029,13.2400,13.8300,13.1700,13.7100,3052200
20151030,13.1900,13.3400,13.1700,13.2800,2088400
20151102,13.4800,13.5100,13.2100,13.2300,2363500
20151103,13.4000,13.6000,12.5100,13.4200,4316700
20151104,13.4100,13.9250,13.3550,13.4700,3981900
20151105,13.2300,13.5320,12.9700,13.4100,3037900
20151106,13.2600,13.4000,13.0750,13.3200,2480800
20151109,12.9500,13.3700,12.8100,13.2800,2205200
20151110,12.7200,13.0000,12.4700,12.9300,3285200
20151111,12.5100,12.7900,12.4000,12.7300,2600100
20151112,12.2400,12.5450,12.1400,12.4100,4548200
20151113,12.0200,12.4400,11.9100,12.4400,3754300
20151116,11.9800,12.1600,11.7700,11.9900,3678000
20151117,11.8900,12.0700,11.8100,12.0300,2199300
20151118,12.0400,12.0600,11.7800,11.9300,2368600
20151119,11.7000,12.1700,11.6800,12.0600,6968700
20151120,11.8500,11.9000,11.6200,11.7600,7120200
20151123,11.9000,12.1600,11.7400,11.8400,5254100
20151124,11.8700,12.0200,11.6500,11.8000,4027500
20151125,11.7300,11.8600,11.7200,11.8500,1470600
20151127,11.7700,11.8200,11.6100,11.7800,676000
20151130,11.9100,11.9300,11.5200,11.9000,5966600
20151201,12.2500,12.2600,11.8000,11.9400,4723900
20151202,11.9800,12.2000,11.8700,12.0400,5222300
20151203,11.7400,12.0950,11.6500,12.0300,4800000
20151204,12.0400,12.1500,11.7600,11.7600,3626300
20151207,11.9200,12.1400,11.7400,12.0000,3763300
20151208,11.7200,11.9250,11.5900,11.8300,3097300
20151209,11.7400,12.1400,11.6600,11.6900,3540200
20151210,12.3800,12.5200,11.7200,11.7500,4387800
20151211,12.3500,12.4400,12.1400,12.3200,5474900
20151214,12.1600,12.5600,12.0100,12.3600,4366100
20151215,12.3550,12.5250,12.2300,12.2500,3823600
20151216,12.7700,12.9500,12.2900,12.4200,7846300
20151217,12.4800,12.9150,12.4700,12.8000,5703500
20151218,11.9200,12.4700,11.9200,12.3900,12972300
20151221,11.8000,12.1300,11.6600,12.0800,3757300
20151222,11.7000,11.9300,11.6000,11.8400,7401200
20151223,12.1500,12.1500,11.7100,11.7500,11500300
20151224,12.6100,12.7700,12.2000,12.2100,1909400
20151228,11.4600,12.5100,11.3100,12.5000,9365300
20151229,11.4900,11.6700,11.4000,11.4900,4835300
20151230,11.3300,11.5720,11.3200,11.5300,3204500
20151231,11.4500,11.5900,11.2300,11.3000,2631800
20160104,11.5000,11.5900,11.1800,11.3400,7240700
20160105,11.3400,11.7400,10.9400,11.5000,5980700
20160106,10.9300,11.2550,10.8300,11.2100,5080500
20160107,10.2700,10.8400,10.2000,10.7400,6119100
20160108,10.1800,10.5200,10.0300,10.3700,7169800
20160111,10.0000,10.2750,9.8000,10.2100,5127800
20160112,10.0100,10.2800,9.8100,10.1500,4644400
20160113,9.4200,10.2030,9.4200,10.0700,5927800
20160114,9.4000,9.5100,9.0400,9.4400,5327600
20160115,9.0000,9.3100,8.9030,9.1300,6395700
20160119,8.7600,9.1500,8.7400,8.9500,5302600
20160120,8.9700,9.0800,8.2900,8.5800,7800100
20160121,9.1600,9.4400,9.0000,9.0800,4435700
20160122,9.2400,9.5890,9.0800,9.3400,5802000
20160125,8.8700,9.2400,8.8200,9.2000,5801300
20160126,9.4500,9.4900,8.8700,8.9000,3971200
20160127,9.4700,9.9800,9.0700,9.0800,7304000
20160128,9.0300,9.8200,9.0000,9.5700,5005200
20160129,9.5600,9.6100,9.0600,9.0900,5873500
20160201,9.3100,9.5950,9.1800,9.5100,4179600
20160202,8.7600,9.2620,8.7500,9.1500,4552900
20160203,9.1800,9.2400,8.3850,8.8000,3704300
20160204,9.5400,9.7300,8.9900,9.1200,3440600
20160205,9.5100,9.6700,9.3750,9.5200,3490500
20160208,8.9400,9.2900,8.6800,9.2800,3613100
20160209,8.5000,8.8900,8.4200,8.8800,10189500
20160210,8.5500,8.7000,8.4400,8.6200,5344300
20160211,8.4100,8.5400,8.2000,8.3800,3718300
20160212,9.1300,9.1500,8.4800,8.4900,4381700
20160216,9.6600,9.6800,9.1400,9.1900,3381900
20160217,9.9100,10.3200,9.7000,9.7300,4335300
20160218,10.1300,10.1800,9.7600,9.9200,3029500
20160219,9.9200,10.1100,9.7300,10.1100,2503400
20160222,10.3600,10.3800,10.1000,10.1300,2574500
20160223,10.2400,10.4900,10.1200,10.2900,2903500
20160224,10.2900,10.3590,9.6700,10.0100,2762700
20160225,10.6600,10.7200,10.1000,10.2900,3027600
20160226,10.5900,10.9900,10.5500,10.7300,3253300
20160229,10.8300,11.0600,10.5600,10.6300,4662300
20160301,10.9400,11.2500,10.6600,10.8900,5382700
20160302,10.8900,10.9000,10.4000,10.8400,3760000
20160303,11.2700,11.3900,10.8100,10.8600,3145200
20160304,11.4000,11.6500,11.1300,11.1300,3672000
20160307,11.3900,11.4650,11.1680,11.3500,4002200
20160308,11.1000,11.3600,10.9400,11.3000,3660100
20160309,11.2000,11.3900,11.0500,11.1900,2781000
20160310,11.6600,11.7500,11.2800,11.2800,5461000
20160311,11.9700,12.0000,11.6400,11.7400,3264100
20160314,11.7100,12.1950,11.6750,12.0000,5537200
20160315,11.5400,11.7500,11.1100,11.7500,5586900
20160316,11.6800,11.9200,11.4400,11.4400,3403600
20160317,11.9400,12.0850,11.5600,11.6800,3672500
20160318,12.4200,12.4900,11.9200,12.0600,9358600
20160321,12.4200,12.5970,12.2650,12.3400,2816200
20160322,12.3700,12.4970,12.1200,12.2900,2954100
20160323,11.8900,12.3700,11.8900,12.3100,2626900
20160324,11.9600,11.9900,11.6500,11.8200,2131400
20160328,11.8100,12.1900,11.7050,12.0400,2274600
20160329,11.9100,11.9850,11.5100,11.7800,3251500
20160330,11.9700,12.1700,11.7300,11.9300,4701300
20160331,11.9700,12.1800,11.9100,11.9700,3802800
20160401,11.6500,11.8700,11.4300,11.8500,4524500
20160404,11.6800,11.9000,11.5300,11.6200,2628300
20160405,11.4400,11.6900,11.4050,11.5900,4037100
20160406,11.6100,11.6900,11.0950,11.4100,2981800
20160407,11.6000,11.7600,11.3200,11.5000,5022800
20160408,11.8200,12.0800,11.6600,11.7500,3143100
20160411,12.1500,12.3900,11.8600,11.8900,3571900
20160412,12.4200,12.4800,12.1500,12.2300,5170200
20160413,12.7000,12.8500,12.4400,12.5100,4028500
20160414,12.6800,12.8500,12.5310,12.6700,2117300
20160415,12.7100,12.8600,12.6000,12.6800,2244100
20160418,12.7900,12.9200,12.5100,12.6000,2270600
20160419,12.9500,13.3200,12.8600,12.8800,4947800
20160420,13.2500,13.3000,12.4000,12.7400,3982400
20160421,13.2700,13.6600,13.2220,13.2700,3332200
20160422,13.6800,13.7950,13.2900,13.2900,4656800
20160425,13.4500,13.6690,13.2000,13.6500,2605100
20160426,13.6600,13.7000,13.4400,13.5400,2320500
20160427,13.9600,13.9950,13.6800,13.6800,3457200
20160428,13.4800,13.9900,13.4550,13.8100,3602200
20160429,13.6700,13.6900,13.3200,13.4600,4671800
20160502,13.6500,13.8700,13.4400,13.7500,2607000
20160503,13.1500,13.4600,13.0200,13.4400,3701300
20160504,12.9600,13.2200,12.8500,13.0000,3579200
20160505,13.0900,13.2600,12.9100,13.0700,3715000
20160506,13.1200,13.3600,12.9700,12.9900,3573300
20160509,13.1700,13.2900,13.0000,13.0500,2272600
20160510,13.2400,13.3450,13.0800,13.2300,2283200
20160511,12.7500,13.2600,12.7500,13.2000,5716900
20160512,12.4900,13.0300,12.4100,12.8600,3870000
20160513,12.3100,12.6200,12.1700,12.4500,2457200
20160516,12.5000,12.6300,12.3500,12.4000,2593100
20160517,12.5900,12.8050,12.4500,12.4500,2267600
20160518,12.7500,12.8900,12.5000,12.5000,3606100
20160519,12.4200,12.8300,12.3450,12.6400,3177500
20160520,12.6900,12.7950,12.4800,12.4800,3146600
20160523,12.7200,12.8800,12.5800,12.6200,2065800
20160524,12.9800,13.0000,12.7700,12.8100,2358000
20160525,13.3300,13.3850,13.0000,13.0800,1908200
20160526,13.3500,13.4900,13.2900,13.4000,2267100
20160527,13.4800,13.6000,13.2800,13.3400,2356300
