20150529,43.7800,44.2600,43.2600,43.7800,4578400
20150601,43.3300,43.7700,42.9900,43.5800,4066000
20150602,44.0300,44.4500,43.0900,43.6700,2709900
20150603,44.3100,44.4300,43.6500,43.9600,3965900
20150604,43.7000,44.0000,43.4000,43.8200,5211200
20150605,44.5900,44.9600,43.3800,43.3900,5337800
20150608,44.6900,44.7600,44.1100,44.3400,5231500
20150609,45.7500,46.5600,45.4100,45.4300,6903900
20150610,46.6300,46.9000,46.2100,46.6100,4936200
20150611,46.6400,46.9300,46.1700,46.6700,3634300
20150612,46.3700,46.7600,46.0800,46.4100,3494100
20150615,45.3800,46.3300,45.3500,45.9500,3411400
20150616,45.5000,45.6800,45.0100,45.2800,3532100
20150617,44.9100,46.2900,44.7400,45.9300,3652200
20150618,44.4600,45.3900,44.3900,45.1500,3456200
20150619,43.5300,44.5400,43.3200,44.1800,4021400
20150622,44.3200,44.6000,43.2000,43.7400,2786600
20150623,44.8000,45.0400,44.1300,44.3500,3567000
20150624,44.7300,44.9100,44.1100,44.5400,3339700
20150625,44.9300,45.3000,44.6600,44.9200,3961600
20150626,44.8100,44.9800,44.4500,44.8200,8807300
20150629,42.6600,44.5100,42.4400,44.1200,5670300
20150630,42.6800,43.2700,42.1300,43.2100,5329400
20150701,41.3000,43.0300,41.0700,43.0300,4585600
20150702,41.0200,41.7400,40.9300,41.1400,3578900
20150706,40.1900,40.7300,39.7100,40.2500,4776200
20150707,40.7700,40.9800,38.7800,40.3300,5919700
20150708,39.0600,40.6100,38.7200,40.3500,5533500
20150709,39.3100,40.1200,39.3100,39.8700,4453300
20150710,39.0600,39.9500,38.8900,39.6700,3640100
20150713,38.9000,39.2300,38.5900,39.2300,4769600
20150714,39.6000,39.7100,38.7300,39.2400,5447500
20150715,38.7500,39.9200,38.5800,39.3100,4132100
20150716,38.3800,39.0700,38.2100,39.0700,3424400
20150717,38.3400,38.8800,37.5400,38.3800,5592600
20150720,36.9700,38.0900,36.9100,38.0900,9410600
20150721,36.8500,37.5400,36.8200,37.0300,7612100
20150722,36.9000,37.2800,36.4100,36.9400,7017200
20150723,36.7000,37.1900,36.2100,36.9400,3993200
20150724,35.3700,36.8400,35.3200,36.8300,4751500
20150727,34.7300,35.4700,34.2500,34.7500,4661800
20150728,35.5000,37.0700,34.7300,35.3600,8547300
20150729,36.1600,36.4500,35.2400,35.3400,6516300
20150730,36.1500,36.6500,35.5400,35.9800,4844900
20150731,35.2300,36.2900,34.9900,35.9000,5629100
20150803,33.7500,34.9700,33.6700,34.9700,6915300
20150804,34.0100,34.7500,33.7100,34.0600,5022000
20150805,33.4100,35.0700,33.3700,34.5400,4921400
20150806,33.9100,33.9900,32.3900,33.0600,6189300
20150807,32.7000,34.2400,32.4400,33.7500,4168400
20150810,34.2400,34.3200,32.6100,32.8000,4565700
20150811,34.1700,34.2100,32.9800,33.2900,4045800
20150812,35.3100,35.6000,33.8800,33.9500,5075800
20150813,36.3000,36.3200,34.8500,35.8700,12258600
20150814,36.0000,37.1000,35.8200,36.2100,6692400
20150817,35.4400,36.1000,35.1900,35.3500,4279400
20150818,35.1000,35.6500,34.8400,35.5700,5064600
20150819,34.2200,35.1000,33.7200,34.8400,4985000
20150820,33.1200,34.4800,33.1200,34.1100,4247000
20150821,32.8500,33.3500,32.3800,32.9100,5688200
20150824,31.1700,32.3700,29.1700,29.2000,9179600
20150825,30.7000,32.6300,30.6000,32.6100,6645300
20150826,31.7500,31.7700,30.8400,31.4900,5143900
20150827,33.6700,34.2400,32.2600,32.4600,7281700
20150828,34.5300,35.2700,33.3200,33.4200,5596700
20150831,33.4100,34.0900,31.5600,32.5000,13431700
20150901,31.1100,32.5200,30.6800,32.3700,10712900
20150902,30.3400,31.7600,29.4800,31.6800,14312000
20150903,30.2100,31.6900,29.9000,30.7600,13545900
20150904,30.7300,31.1200,29.5600,29.8900,15210700
20150908,31.4200,31.5600,30.3600,31.3200,9292300
20150909,30.1900,31.7200,29.8900,30.9400,10660300
20150910,30.7500,31.0800,29.9600,30.1800,6811600
20150911,31.1900,31.2000,30.0300,30.3800,7003800
20150914,30.9000,31.1500,30.4500,31.0800,7121600
20150915,31.5500,31.8000,30.9000,31.1100,5139800
20150916,33.2500,33.3100,31.8300,31.8400,7470600
20150917,33.1100,33.9900,32.8200,33.2000,7894100
20150918,32.3300,32.7400,31.9500,32.4400,7277800
20150921,32.7500,33.1000,32.3000,32.6600,4928600
20150922,32.3100,33.3900,32.0000,32.1700,4683900
20150923,31.8700,32.9200,31.6800,32.4800,5384600
20150924,32.1800,32.5400,31.3100,31.5700,4764600
20150925,31.6100,32.6500,31.4200,32.5200,4580000
20150928,29.5800,31.3300,29.5600,31.3200,5472200
20150929,29.7000,30.0300,29.1300,29.9700,4043000
20150930,30.1800,30.5400,29.6000,30.0000,4035300
20151001,30.1100,31.3400,29.7000,30.6900,5501500
20151002,31.6200,31.6300,29.5600,29.8500,4287200
20151005,33.2600,33.2700,31.8700,31.9900,5348300
20151006,34.5100,34.6000,33.1700,33.3700,6563600
20151007,35.0500,35.6800,34.3300,35.0700,6751500
20151008,37.2700,37.4100,34.8000,35.0200,9433200
20151009,36.7200,37.8800,36.3900,37.5100,5885600
20151012,35.4800,36.7600,34.9800,36.7000,4368800
20151013,34.5600,35.5700,34.4900,34.9900,4697900
20151014,34.7800,35.0500,34.3000,34.5400,4731700
20151015,36.4100,36.8100,34.5700,34.6000,5661800
20151016,37.1000,37.2000,35.9600,36.4900,5018600
20151019,36.2100,36.7200,35.9800,36.1100,5159800
20151020,36.5300,36.9200,36.0200,36.1800,3194300
20151021,35.8500,36.7200,35.7700,36.3200,3688200
20151022,36.4800,36.7400,35.8500,36.2100,4813300
20151023,35.9300,36.3600,35.5400,36.2400,3912700
20151026,34.5900,35.8600,34.4500,35.7900,3915900
20151027,32.9800,34.0200,32.8200,33.6900,10418100
20151028,34.8400,35.1400,32.9100,33.1100,5612400
20151029,35.1000,35.6000,34.4000,34.5300,4357400
20151030,35.8400,36.4500,34.5100,35.2700,5208800
20151102,37.9700,38.5600,36.0000,36.4500,7692200
20151103,38.7000,39.8500,38.3900,38.5200,6031400
20151104,37.8400,38.8800,37.0900,38.6900,4486800
20151105,37.6500,38.6500,37.0800,37.4200,3703500
20151106,36.7900,37.6500,36.2900,37.1400,3698300
20151109,37.2200,37.5200,36.3300,36.8500,3291900
20151110,37.8400,38.3000,36.8100,37.0300,3180900
20151111,36.8800,37.8600,36.5200,37.8000,4342400
20151112,35.2800,36.4300,35.1900,35.9700,3917800
20151113,35.2000,35.3100,34.2500,35.1500,4561600
20151116,37.0000,37.0400,35.0900,35.2400,3698300
20151117,36.4600,37.0000,35.2400,35.2400,3664300
20151118,37.4000,37.5300,36.3400,36.6900,4017000
20151119,36.6000,37.1600,35.9800,36.9600,2304400
20151120,35.6600,36.5600,35.1800,36.5400,4051400
20151123,36.3000,36.3900,35.1700,35.5900,4267000
20151124,37.0000,37.4600,36.5400,36.5400,3725600
20151125,36.9400,37.3700,35.8600,36.6000,1920500
20151127,36.5500,36.9200,36.2800,36.5100,1365200
20151130,36.6700,37.4300,36.4300,36.8400,2934900
20151201,36.9900,37.0400,36.3900,36.7600,2621100
20151202,35.4200,37.0200,35.1800,36.6400,5575200
20151203,35.4800,36.2800,35.1100,35.7800,3860600
20151204,33.8700,35.0800,33.8200,34.9500,5704200
20151207,32.1700,32.7600,31.5200,32.7000,6987900
20151208,32.3000,32.5700,31.1300,31.3300,3811200
20151209,33.0600,34.2500,32.5600,33.5800,5233200
20151210,34.0000,34.3700,32.6500,32.9900,4730400
20151211,32.6300,33.6900,32.4500,33.6400,5740400
20151214,31.7500,32.5700,31.0500,32.4000,6995000
20151215,32.8200,32.8800,31.9100,32.3100,4038900
20151216,32.4200,33.1700,31.8400,32.4500,4402000
20151217,31.2200,32.5700,30.5200,32.4800,5759100
20151218,30.9600,31.9000,30.9600,31.1700,5370900
20151221,31.4900,31.5800,30.3900,31.0800,4055900
20151222,32.3700,32.5900,31.4700,31.6500,4629000
20151223,34.2500,34.2600,33.0300,33.3600,4231500
20151224,34.0900,34.3700,33.5400,34.2500,1288800
20151228,33.0200,33.4800,32.6800,33.2900,2890900
20151229,33.4000,33.9700,33.1400,33.8900,2481500
20151230,32.2200,33.5900,31.7000,32.8200,4394500
20151231,32.9300,33.2600,31.6100,31.9100,3828800
20160104,33.5000,33.5500,32.4100,32.6400,4321700
20160105,33.6500,33.8700,32.9700,33.4400,4027200
20160106,31.6900,32.7200,31.5300,32.7200,5893300
20160107,30.8900,32.6700,30.6400,31.1900,5508600
20160108,30.8300,31.3700,30.3900,31.1300,4062700
20160111,28.9900,30.9900,28.6900,30.8400,6406700
20160112,28.6000,29.5500,27.3400,29.4500,7032700
20160113,27.9400,29.6400,27.7700,29.1200,6731500
20160114,29.0700,29.2200,27.5700,28.3400,7228500
20160115,27.6300,28.3200,26.7600,27.6500,6643200
20160119,25.8200,28.0000,25.2200,27.8900,7155200
20160120,25.7200,26.1200,23.7700,25.1600,8345800
20160121,28.3900,28.7100,25.8000,26.1300,7597200
20160122,29.0300,30.2200,28.1400,29.6900,6668900
20160125,27.2700,29.3500,27.2400,28.2000,5457100
20160126,28.7600,28.8300,27.1700,27.9500,5767600
20160127,29.8700,30.4300,28.1900,28.4500,10647800
20160128,30.9700,31.5100,29.8800,31.4100,5445700
20160129,32.3700,32.6300,31.1600,31.1800,7390800
20160201,31.6500,32.1300,30.9500,31.7100,4417300
20160202,30.6700,31.2600,29.9700,30.6100,3882400
20160203,32.2400,32.2600,29.9700,31.4100,5280000
20160204,31.3800,33.0400,31.2700,32.5100,6135800
20160205,29.2600,30.9400,28.6100,30.9400,8960600
20160208,28.3600,28.6400,27.2200,28.5800,7756900
20160209,27.8600,28.4700,27.0000,27.7400,7705600
20160210,28.0900,28.9400,27.4400,27.8800,6096400
20160211,27.9100,28.1700,26.7100,27.5000,5922900
20160212,28.7300,29.3200,28.2800,28.6000,5051900
20160216,28.6400,29.6100,28.2700,29.6100,5664300
20160217,30.4200,31.1300,29.2400,29.4100,8360100
20160218,29.1800,30.7700,28.3600,30.7700,6660500
20160219,29.8500,29.8600,28.3700,28.8300,5409800
20160222,31.6200,31.9900,30.7700,30.7700,4736500
20160223,29.8900,31.3700,29.7700,31.2200,4059100
20160224,29.8400,30.0500,28.7600,28.8600,3971000
20160225,30.2600,30.5700,29.1400,29.7100,2837600
20160226,29.7300,31.0900,29.6000,31.0500,6388000
20160229,29.5000,30.5400,28.8100,29.8000,5073100
20160301,29.1900,29.6700,27.8500,29.6700,6028500
20160302,31.0500,31.0700,28.9400,29.1300,4186300
20160303,31.8700,31.9400,30.5100,30.8900,6905200
20160304,32.4300,33.5700,31.8900,32.3300,6897600
20160307,32.7100,33.0400,31.4000,32.3800,7496700
20160308,30.7500,32.1800,30.6000,32.1500,5172200
20160309,32.0600,32.3900,30.4600,31.3500,4240100
20160310,31.9800,32.1200,31.0300,31.7800,3224400
20160311,33.5400,33.8600,32.7400,32.7500,4167100
20160314,33.2200,33.5500,32.5900,32.7900,2850800
20160315,32.4900,32.7800,31.9200,32.5700,4868600
20160316,33.7900,33.9500,32.6800,32.7500,4129900
20160317,34.0600,34.4200,33.0500,34.2700,4467900
20160318,34.4700,34.9900,33.8100,34.4800,6001500
20160321,34.1600,35.0400,33.6800,34.2000,3266500
20160322,33.7400,34.5300,33.6400,33.8100,2983900
20160323,32.5500,33.4600,32.2800,33.3300,2938700
20160324,32.3400,32.3800,31.2000,31.8700,3556800
20160328,29.6900,31.7600,29.2400,31.5400,10586800
20160329,30.0500,30.1600,28.8200,29.1100,5605600
20160330,30.7800,31.0700,30.1100,30.5700,5048300
20160331,31.4100,31.6800,30.3700,30.7100,4078600
20160401,30.8600,31.1500,30.4300,30.5600,4394900
20160404,30.0000,31.5300,29.9400,31.2200,3246500
20160405,30.1700,30.5500,29.4700,29.5700,3766100
20160406,31.2600,31.4900,30.2600,30.5500,3585700
20160407,31.0100,31.4500,30.5800,30.9400,2784500
20160408,31.7600,32.2700,31.4000,31.9500,3046700
20160411,32.2300,32.5900,32.0800,32.0900,3460100
20160412,33.6400,34.0100,31.9500,32.5300,4522300
20160413,32.9500,33.7700,32.7400,33.7200,4371200
20160414,33.0700,33.2200,32.5700,33.1800,3646100
20160415,32.1500,32.7700,31.9800,32.7000,2638500
20160418,32.5700,32.6000,30.8600,31.0400,5773800
20160419,34.3400,34.6300,32.7800,32.9900,5531800
20160420,34.7200,35.1100,33.6400,34.0000,4599100
20160421,35.2000,35.5900,34.2000,34.8300,5991100
20160422,36.0400,36.2000,35.2800,35.2800,4171600
20160425,35.0800,35.9200,34.6000,35.8200,4238800
20160426,36.4900,36.5000,35.0500,35.5500,5149900
20160427,37.1100,37.5700,36.2800,36.8900,4257600
20160428,35.7500,37.0900,35.6600,36.7400,4344100
20160429,36.1100,36.5800,35.1200,36.0400,4901500
20160502,36.4400,36.9200,35.5300,36.0000,3789600
20160503,35.2100,36.0600,35.0700,35.7300,4132900
20160504,35.5900,37.3400,35.0200,36.0600,5505300
20160505,35.1700,36.7900,34.7000,36.3200,6682000
20160506,35.5000,35.9400,34.9400,34.9600,3616800
20160509,35.2400,35.5200,34.6300,35.1000,2897100
20160510,36.3500,36.3600,35.4100,35.4400,4340400
20160511,36.3900,37.1100,35.9200,36.3100,3034400
20160512,36.3700,37.4800,36.1300,36.9700,3752000
20160513,35.2100,36.3500,35.1000,36.1600,2922100
20160516,36.1200,36.5800,35.8200,35.9600,3569900
20160517,36.0200,36.4300,35.5000,36.1500,4177700
20160518,35.2600,36.5300,34.9600,36.0700,4859200
20160519,34.8500,35.0500,34.1500,34.6700,3512900
20160520,35.6200,35.7200,34.8700,35.1800,3553900
20160523,35.7000,36.0900,35.0600,35.3700,3485200
20160524,35.3300,36.0700,35.2100,35.9400,3893800
20160525,36.2800,36.7900,35.7600,35.9300,3766600
20160526,35.6400,36.6600,35.5400,36.5900,5277000
20160527,35.8800,35.9200,34.8200,35.4000,3629700
