20150529,51.7500,52.4300,51.7400,52.2900,1059600
20150601,51.4900,52.1600,51.4500,52.0500,1287100
20150602,51.6000,51.6200,51.1900,51.5300,724100
20150603,51.9500,52.3400,51.6800,51.8200,676900
20150604,51.3300,51.9400,51.0300,51.7600,672400
20150605,50.5300,51.6100,50.4300,51.3100,1457100
20150608,50.0300,50.5800,49.5100,50.5800,1541900
20150609,50.1400,50.3600,49.6900,50.1500,962600
20150610,50.7600,50.9600,50.1700,50.1700,1000300
20150611,51.0900,51.2800,50.8600,50.9600,583000
20150612,50.7400,51.1600,50.6700,51.0400,544800
20150615,50.3400,50.5600,49.9300,50.4400,587900
20150616,50.5900,50.7000,50.1900,50.3000,621100
20150617,51.0500,51.3600,50.5100,50.6000,980700
20150618,51.2800,51.5900,51.1400,51.3700,804500
20150619,50.3900,51.1700,50.2200,50.8900,1241300
20150622,50.6200,51.0000,50.4500,50.6300,544200
20150623,50.5400,50.8600,50.4700,50.7800,486800
20150624,49.7400,50.6300,49.7300,50.4800,750800
20150625,49.9600,50.3400,49.8000,49.8800,762000
20150626,49.7000,50.1700,49.6500,50.0200,746200
20150629,48.5500,49.5100,48.5300,49.3100,780900
20150630,48.8100,49.2100,48.6300,48.8700,821900
20150701,48.7100,49.0800,48.3000,48.8000,1171900
20150702,49.1300,49.2000,48.6900,49.0800,1121600
20150706,48.7600,49.2000,48.4400,49.0800,1195200
20150707,48.8400,48.8900,47.8100,48.6900,1317200
20150708,47.8600,48.6200,47.8600,48.5700,1763300
20150709,49.2200,49.8500,48.5000,48.6400,1444400
20150710,50.4800,50.6400,49.5400,50.1700,1013700
20150713,50.6800,51.1800,50.6700,50.9700,778100
20150714,51.1600,51.2900,50.5200,50.6700,529700
20150715,51.2300,51.4000,50.8100,51.0600,630600
20150716,51.8700,51.8700,51.4000,51.5600,681800
20150717,51.8400,51.9000,51.4700,51.7200,520200
20150720,51.7500,52.0100,51.6300,51.7900,470500
20150721,51.2100,51.8100,51.0800,51.7500,738800
20150722,51.7300,51.7800,50.9700,50.9700,912200
20150723,51.5300,52.2200,50.8600,50.8900,731700
20150724,51.8900,52.4200,51.6200,51.6500,663800
20150727,51.1700,51.9000,51.0800,51.7600,940800
20150728,50.6400,51.6700,50.4600,51.3100,1387500
20150729,50.9900,51.2300,48.7700,50.5800,762200
20150730,50.9900,51.1900,50.7300,50.8900,1112800
20150731,51.0300,51.6300,50.7900,51.5800,1054500
20150803,50.9900,51.0300,50.6900,50.6900,923300
20150804,51.3800,51.6000,50.9300,51.1000,2275100
20150805,52.4700,52.5500,51.4500,51.5800,1328700
20150806,52.7800,53.5000,52.3500,52.7200,1508700
20150807,52.9300,53.0000,52.4600,52.5300,1011300
20150810,53.5500,53.9500,53.0900,53.3400,892500
20150811,53.3100,53.5100,52.9400,53.3200,836200
20150812,53.0400,53.1600,52.0100,52.7600,821700
20150813,53.6300,53.9800,52.9400,53.0800,813600
20150814,54.2600,54.3500,53.4500,53.6300,845800
20150817,54.1700,54.4000,53.5500,54.0500,942500
20150818,54.3100,54.6800,54.0600,54.2800,875600
20150819,54.0300,54.2600,53.5800,54.0600,1413500
20150820,53.0600,53.7200,53.0600,53.4600,1251300
20150821,51.5500,53.0500,51.3700,52.6500,4102000
20150824,49.6400,51.4700,47.9500,49.0800,2449800
20150825,48.8400,51.1100,48.8400,50.8800,3335600
20150826,49.6900,50.4900,48.2000,50.1300,5780000
20150827,51.3000,51.3100,50.2400,50.2400,1794600
20150828,51.4900,51.5400,51.0100,51.1100,1276000
20150831,51.1900,51.5500,51.0100,51.1300,1404400
20150901,50.0200,50.6400,49.8200,50.0900,1604500
20150902,50.7800,50.8400,50.0800,50.6300,954800
20150903,51.1500,51.7500,50.8700,50.9900,766800
20150904,50.3000,50.8600,50.0400,50.6900,769400
20150908,51.9600,51.9800,50.9600,51.0600,821400
20150909,50.9500,52.4800,50.8100,52.4100,1006400
20150910,51.3300,51.5500,50.5400,50.8900,719700
20150911,51.7500,51.7600,50.9100,51.1800,551500
20150914,51.3700,51.8200,51.2500,51.7600,886800
20150915,51.7300,52.0000,51.4400,51.7200,933100
20150916,51.8400,51.9100,51.2500,51.4900,1034900
20150917,50.9500,52.1800,50.8400,51.8400,1285100
20150918,50.4700,50.6500,49.8900,50.1500,1888500
20150921,51.1700,51.2100,50.6500,50.8600,1057800
20150922,51.0400,51.0500,50.4400,50.4900,1046400
20150923,51.9800,52.1000,50.9800,51.0000,990500
20150924,51.9400,52.2200,51.4200,51.6100,1512000
20150925,53.4800,54.0000,51.9600,52.4500,1070500
20150928,52.0200,53.4200,52.0000,53.3000,1028700
20150929,51.8100,52.2300,51.4200,52.0300,1318400
20150930,53.3300,53.4400,52.1300,52.4300,1311000
20151001,52.6200,53.5700,51.9800,53.4600,1266600
20151002,52.6300,52.6400,50.9800,51.6700,826500
20151005,53.6500,53.7000,52.8600,53.1100,651300
20151006,53.3800,53.6100,52.9200,53.5900,835700
20151007,53.2600,53.9900,52.8300,53.7500,883100
20151008,53.7800,53.8800,52.7500,53.1600,756500
20151009,53.0900,53.9900,52.8700,53.8200,536400
20151012,54.1300,54.2800,52.8400,53.1800,663400
20151013,53.6100,54.3600,53.2200,53.8100,1157700
20151014,53.6700,54.2000,53.2200,53.7600,726000
20151015,54.9100,54.9400,53.7000,53.8200,912000
20151016,54.9700,55.1900,54.5400,55.0000,894200
20151019,55.4400,55.4600,54.7500,54.7700,760400
20151020,55.8300,56.0200,55.3500,55.3900,606700
20151021,55.2600,56.1800,55.2400,56.0500,1048500
20151022,59.1000,59.3700,55.3300,55.3300,1644600
20151023,58.7200,59.9000,57.8500,59.1200,1807600
20151026,58.4000,59.4100,57.9700,58.9300,1277000
20151027,58.9500,59.0000,57.7300,58.1600,1398400
20151028,59.2800,59.4000,58.8400,58.9700,1085800
20151029,59.2200,59.3500,58.7600,59.0200,1002200
20151030,57.8900,59.4000,57.7000,59.2500,1068400
20151102,59.6700,59.6800,58.0300,58.2500,1620100
20151103,59.3000,59.9800,59.1600,59.7800,788100
20151104,58.1600,59.5000,58.0100,59.2500,1358600
20151105,58.6200,58.9300,58.0700,58.1500,772200
20151106,58.2400,59.3500,57.9300,58.6900,1178400
20151109,57.6800,58.1900,57.4600,58.1100,965200
20151110,58.5700,58.6100,57.2400,57.4700,1313100
20151111,58.4900,59.1300,57.8200,58.4900,775900
20151112,57.7100,58.3200,57.7000,57.9700,955600
20151113,56.5900,58.1200,56.2700,57.3400,1612500
20151116,57.2400,57.2800,56.1900,56.4100,1213700
20151117,57.5600,57.9400,57.0100,57.1200,1402100
20151118,58.6900,58.7300,57.4600,57.5900,1402200
20151119,59.3600,59.4800,58.2800,58.2800,1225700
20151120,59.9700,60.0500,59.3000,59.3600,2787800
20151123,59.2300,60.0000,59.1400,59.7900,1186700
20151124,58.4900,58.8100,58.0200,58.6200,1233100
20151125,58.4500,58.7800,58.3300,58.4900,505500
20151127,58.8700,58.9100,58.2100,58.6200,239000
20151130,58.6200,58.9900,58.2200,58.9400,986800
20151201,58.7200,59.1900,58.3000,58.8900,891800
20151202,58.5100,59.0300,58.3400,58.9300,846300
20151203,56.9800,58.7100,56.2900,58.7100,1367200
20151204,58.9400,59.0900,56.9600,56.9800,948400
20151207,58.2800,58.9400,57.3100,58.7000,865400
20151208,57.9200,58.1000,56.7600,57.0400,1453800
20151209,56.4600,58.1300,56.2300,58.0700,1068400
20151210,55.9600,56.5600,55.7400,56.2600,1140400
20151211,54.8600,55.6700,54.6200,55.1100,1618300
20151214,56.0800,56.1200,54.8000,54.8100,1631600
20151215,56.7700,57.2100,56.5400,56.5600,1179200
20151216,56.8900,57.2900,56.1900,57.1000,1254500
20151217,56.0800,57.3900,55.8400,56.8100,866300
20151218,55.9300,56.1600,55.6100,56.0500,2284000
20151221,56.4700,57.2700,55.9900,56.4900,909700
20151222,58.0100,58.1300,56.2600,56.8500,1451000
20151223,57.9800,58.4600,57.8300,58.3400,934600
20151224,57.9900,58.1700,57.7400,58.0500,368000
20151228,59.1100,59.2000,57.8000,58.0300,1279700
20151229,59.3800,60.1100,59.1800,59.5400,1009400
20151230,59.0200,59.9500,58.7600,59.2900,743300
20151231,58.1700,59.0600,58.1700,58.7700,807900
20160104,56.5400,57.1500,56.0100,56.9000,1299400
20160105,57.4000,57.5300,56.5200,56.5900,1257400
20160106,57.2300,57.7400,56.4200,56.6900,747900
20160107,57.1000,57.8800,56.3200,56.3700,2842200
20160108,55.8100,57.5100,55.7200,57.4700,1372900
20160111,57.2800,57.5900,56.1200,56.5300,1509200
20160112,57.5800,57.9600,57.2800,57.8900,1278600
20160113,55.7300,57.9100,55.4600,57.7700,1448900
20160114,57.4900,57.9900,55.7900,56.0900,1546300
20160115,56.4900,57.5000,55.8300,55.8300,1438900
20160119,57.4700,58.1400,57.0800,57.2100,1287400
20160120,56.3000,56.9700,55.2700,56.4900,1245800
20160121,55.7800,57.2900,55.7400,56.3500,1150100
20160122,57.7300,57.9300,55.4600,56.6600,999400
20160125,56.6000,57.9900,56.5600,57.5400,1075400
20160126,58.5300,58.6200,56.7600,57.0900,1382100
20160127,58.3000,59.9600,57.9700,58.7400,1714800
20160128,58.8900,59.8500,56.2500,57.9800,1903700
20160129,62.0000,62.3600,58.7100,59.4500,2291800
20160201,61.7400,62.1100,60.3900,61.9600,2113800
20160202,62.3200,62.5300,60.7500,61.0000,2176300
20160203,61.6000,62.7700,60.4000,62.5400,2097400
20160204,59.8500,62.2100,58.6900,61.7300,2508700
20160205,59.4000,60.6500,58.5300,60.2800,1970600
20160208,60.2100,60.5800,57.8500,58.6500,2041000
20160209,61.4900,62.2100,59.9500,59.9700,1425900
20160210,60.8800,62.5800,60.5800,61.9300,993500
20160211,59.9700,60.4700,58.9300,59.3300,1044800
20160212,61.3100,61.5400,60.0800,61.4600,783000
20160216,61.6600,62.6100,60.9400,62.5500,883400
20160217,62.9600,63.2100,61.8300,61.8900,986000
20160218,62.8800,63.5300,62.6900,63.1900,1001700
20160219,62.9300,63.1600,62.2300,62.5300,899600
20160222,63.5500,64.3400,63.2400,64.1700,1145700
20160223,63.1400,64.9500,63.0800,64.4700,1343800
20160224,63.6600,63.8200,62.2500,62.2500,1011300
20160225,64.5100,64.5300,63.3600,63.8800,1194200
20160226,63.8500,65.1000,63.8100,64.7300,790800
20160229,63.2900,64.3900,62.7900,63.9600,1373700
20160301,64.2700,64.4200,63.1700,63.8200,1157300
20160302,64.4900,64.9900,63.5800,64.9900,1778800
20160303,65.2000,65.2400,63.8600,64.5600,880700
20160304,64.9400,65.4900,64.0800,65.2500,1176900
20160307,64.2400,64.9000,63.9600,64.7700,760800
20160308,64.8700,65.2400,63.8000,63.8600,953800
20160309,65.3700,65.9500,64.8700,65.4100,749200
20160310,64.9700,65.0800,63.1100,64.8000,2353500
20160311,65.9800,66.4000,64.5400,65.4800,1109400
20160314,66.8300,67.2800,65.5700,65.7100,850100
20160315,67.0400,67.6100,66.5000,66.5700,1237800
20160316,66.6100,66.9500,66.1700,66.5000,1200900
20160317,65.8500,67.0100,65.7700,66.6400,1886400
20160318,64.5100,66.5900,63.8900,65.8700,4388200
20160321,64.2700,64.5000,63.6800,64.2500,2985600
20160322,65.4200,65.4600,63.7500,64.1000,1496800
20160323,65.6400,66.3600,64.5200,64.6100,1579900
20160324,64.0200,65.6500,63.8000,65.3500,1550800
20160328,64.6800,65.0000,64.0700,64.3400,786100
20160329,65.5700,65.5800,64.6700,64.6700,1155800
20160330,65.1700,66.6900,64.8400,66.0300,1349100
20160331,66.3800,66.5500,65.1700,65.3900,1775500
20160401,66.0900,66.6600,65.6000,66.1200,1447500
20160404,65.5500,66.3900,64.8700,66.3900,1314400
20160405,64.9800,65.6200,64.9000,65.1500,1091700
20160406,64.9500,65.0300,63.9300,64.8100,1245200
20160407,64.2600,65.6300,63.7800,64.6800,936400
20160408,63.6500,64.4000,63.4800,64.4000,722000
20160411,64.2800,64.7000,63.7300,64.1700,1027500
20160412,63.1500,64.0500,61.7600,63.6500,1978400
20160413,63.9500,64.1700,63.2100,63.4400,1263300
20160414,63.6700,64.3300,63.3700,63.3700,677600
20160415,64.4400,64.5200,63.5000,63.8200,1269900
20160418,64.1400,64.5500,63.9000,64.0300,723500
20160419,64.1700,64.5300,63.6000,64.3000,856600
20160420,64.1300,64.3500,63.7600,64.1300,735500
20160421,63.8100,64.3400,63.5400,63.9800,625200
20160422,63.9900,64.4300,63.5500,63.7000,674600
20160425,64.1700,64.2000,63.5300,63.7500,649900
20160426,64.4100,64.7200,63.9100,64.2100,1249700
20160427,64.1300,65.2500,63.5900,65.0900,1163600
20160428,62.8600,64.3900,62.6700,63.5900,865800
20160429,61.7100,62.5800,61.2500,62.5800,1116700
20160502,63.0100,63.1800,61.5700,61.7400,748300
20160503,62.2700,62.4800,61.6200,62.0900,458900
20160504,62.5800,62.9700,61.9500,61.9500,836100
20160505,63.2000,63.4000,62.6900,62.6900,846700
20160506,64.0300,64.2600,62.9400,63.1700,1029400
20160509,64.5000,64.5600,64.0300,64.0300,689300
20160510,64.5900,64.6400,64.0500,64.3300,1140900
20160511,63.6200,64.6600,63.4400,64.4300,959000
20160512,64.1800,64.3500,63.6900,63.7600,720400
20160513,63.6800,64.4600,63.4500,64.0900,554800
20160516,63.7300,63.9800,63.3100,63.5200,517700
20160517,62.5300,63.9000,62.3100,63.7300,643000
20160518,63.0500,63.1900,61.5900,62.3000,1280100
20160519,63.0400,63.4500,62.6700,62.8400,623200
20160520,63.6200,64.0000,63.0800,63.4100,565300
20160523,63.5700,63.7900,63.0700,63.5000,624200
20160524,65.6200,65.7000,63.8400,64.0000,981500
20160525,65.5000,65.9200,65.0900,65.6800,821500
20160526,65.0200,65.4500,64.6600,65.3800,587100
20160527,65.6700,65.6900,65.2200,65.3400,424900
