20150529,18.5383,18.6758,18.5029,18.5894,4926600
20150601,18.4912,18.6326,18.4754,18.5226,3281500
20150602,18.2790,18.4008,18.1297,18.3929,4172000
20150603,18.0904,18.3418,18.0079,18.2790,4970900
20150604,17.9489,18.1690,17.9332,18.0079,3430200
20150605,17.7957,17.8468,17.5914,17.7564,3693000
20150608,17.6857,17.8939,17.6739,17.8075,4399000
20150609,17.7053,17.8114,17.6660,17.6935,2690300
20150610,17.9332,18.0000,17.7642,17.8271,3629700
20150611,18.2122,18.2200,17.9607,18.0314,5998600
20150612,18.0589,18.2043,18.0079,18.1022,4679000
20150615,18.2122,18.2672,17.9568,18.0747,6674000
20150616,18.3379,18.3418,18.0707,18.1454,5796700
20150617,19.0177,19.3163,18.3458,18.3458,16656800
20150618,19.1434,19.2377,18.9587,19.0216,8946700
20150619,18.8802,19.1434,18.8684,19.0373,6882700
20150622,18.9823,19.2181,18.8841,18.9666,6191000
20150623,18.6090,18.8959,18.4008,18.4008,5500800
20150624,18.4676,18.6012,18.3969,18.5580,4831700
20150625,18.2868,18.5540,18.2436,18.5069,5423400
20150626,18.1729,18.2829,18.1179,18.2829,7501100
20150629,18.0550,18.3929,18.0432,18.1925,5545600
20150630,17.9136,18.0825,17.8546,17.9214,7406200
20150701,17.8585,17.9607,17.6857,17.9214,9519800
20150702,16.9900,17.9400,16.9100,17.6100,16010300
20150706,16.8400,17.0900,16.6500,16.9500,11163000
20150707,17.1200,17.1400,16.7000,16.9600,10865400
20150708,17.1400,17.3200,16.9500,17.0900,7037800
20150709,16.7500,17.4700,16.7500,17.4700,6645500
20150710,16.9100,16.9600,16.6900,16.7600,4268700
20150713,16.9100,17.1200,16.6900,17.0000,4825600
20150714,16.7800,16.9300,16.7000,16.9000,3821500
20150715,16.9800,16.9800,16.6100,16.8300,4408600
20150716,17.3200,17.3400,16.8500,17.0000,5929600
20150717,16.9000,17.2700,16.8900,17.2300,6035200
20150720,16.9100,16.9400,16.7700,16.9000,4777300
20150721,16.8400,16.9900,16.7800,16.9100,3341500
20150722,16.9600,17.0400,16.8200,16.8200,3500400
20150723,16.5400,17.0000,16.4900,16.9200,3763000
20150724,17.0300,17.0800,16.5300,16.5500,4693700
20150727,17.2500,17.3200,16.9900,17.0000,4558900
20150728,17.2400,17.3300,17.1700,17.2200,4858600
20150729,17.0400,17.1600,16.9700,17.0400,4476200
20150730,17.1200,17.1300,16.9000,16.9600,2744900
20150731,17.4600,17.6300,17.2300,17.2600,6072300
20150803,17.0700,17.3400,16.4400,16.6000,5230900
20150804,16.8200,17.0900,16.7000,17.0000,4899100
20150805,16.8300,17.1700,16.8100,16.9200,4681500
20150806,16.8500,16.9300,16.5300,16.8200,4300100
20150807,16.9100,16.9900,16.6900,16.8300,3678800
20150810,16.8800,17.0300,16.7800,16.9600,3927400
20150811,17.0900,17.1800,16.7600,16.9100,4103200
20150812,17.7100,17.7300,17.0100,17.0800,5583600
20150813,17.7200,17.8200,17.4900,17.6200,3453000
20150814,17.8200,17.9500,17.6100,17.6900,3645500
20150817,18.0000,18.1800,17.7600,17.8400,4302700
20150818,17.7400,18.0400,17.6600,17.9600,3228300
20150819,17.8100,17.9100,17.5600,17.6800,2811500
20150820,17.5400,17.8000,17.5400,17.7900,3851000
20150821,17.2800,17.5900,17.2400,17.4500,3596200
20150824,16.5200,17.1200,16.4300,16.8700,5984900
20150825,16.2000,16.8500,16.2000,16.7800,6058100
20150826,16.7000,16.7300,16.2400,16.4800,5629600
20150827,17.0500,17.0600,16.7000,16.7800,2348700
20150828,17.0600,17.0900,16.9000,17.0200,1990500
20150831,16.7900,16.9900,16.6700,16.9700,2694900
20150901,16.4800,16.7400,16.4000,16.4900,3510700
20150902,16.2900,16.6400,16.2100,16.6200,3440000
20150903,16.4600,16.5400,16.2800,16.3400,2243200
20150904,16.1700,16.3200,16.0400,16.3000,2303900
20150908,16.6300,16.7500,16.4100,16.4100,2914800
20150909,16.4700,16.7500,16.4100,16.6400,2804500
20150910,16.5800,16.7800,16.3500,16.4600,3303900
20150911,16.6100,16.6800,16.4100,16.5000,3573600
20150914,16.7400,16.7600,16.5600,16.6200,2247200
20150915,16.8600,16.9700,16.6600,16.8300,2084800
20150916,17.1900,17.2300,16.8600,16.8700,2235900
20150917,17.4800,17.7600,17.0500,17.2000,2828700
20150918,17.4200,17.7200,17.3300,17.3500,6332000
20150921,17.4900,17.5700,17.3800,17.4800,2093700
20150922,17.3200,17.4900,17.2700,17.4100,2607900
20150923,17.4400,17.5800,17.2800,17.3600,2567000
20150924,17.5900,17.5900,17.3000,17.3800,3230300
20150925,17.9500,18.1300,17.6700,17.6700,4170800
20150928,17.8300,18.0000,17.6700,17.8900,3034600
20150929,17.9000,18.0600,17.7200,17.8500,2790700
20150930,18.5500,18.5700,17.9300,17.9900,3570900
20151001,18.4700,18.8000,18.3300,18.7000,3535800
20151002,18.8200,18.8300,18.4000,18.5600,3600900
20151005,19.0500,19.1600,18.8200,18.9100,3733500
20151006,18.7200,19.0400,18.6700,19.0100,4287900
20151007,18.9300,19.0600,18.7500,18.8200,4831300
20151008,19.0900,19.1500,18.7900,18.9000,2573300
20151009,18.9800,19.0800,18.9200,19.0700,2522900
20151012,19.0500,19.1500,18.9400,19.0400,2257200
20151013,19.1100,19.2900,18.8100,18.8100,3736400
20151014,19.0700,19.1800,19.0300,19.1200,1517600
20151015,19.3900,19.4200,18.9400,19.1200,2204800
20151016,19.4600,19.5200,19.2900,19.4700,1855900
20151019,19.5500,19.5500,19.2900,19.4200,1818400
20151020,19.5400,19.5600,19.3000,19.5000,3464900
20151021,19.4000,19.7500,19.3600,19.5900,1543500
20151022,19.7500,19.8000,19.3900,19.4400,1742700
20151023,19.6100,19.8500,19.4900,19.7200,2385200
20151026,19.5700,19.6500,19.4300,19.6500,1544900
20151027,19.2700,19.5600,19.1300,19.5200,2805600
20151028,19.1000,19.2800,18.8500,19.1900,3182000
20151029,18.8900,19.1000,18.7400,19.1000,4103600
20151030,19.1600,19.3500,18.9200,18.9200,2835500
20151102,19.1800,19.2800,19.0400,19.1300,3131700
20151103,19.1200,19.4400,19.0000,19.2200,2628600
20151104,19.3600,19.3900,19.1200,19.1200,3315700
20151105,19.5600,19.7000,19.2500,19.3700,3686800
20151106,18.9600,19.3100,18.7700,19.2400,4611500
20151109,18.9200,19.0500,18.7600,18.8300,2636900
20151110,19.2500,19.3000,18.9000,18.9400,3071400
20151111,19.4200,19.5700,19.2900,19.3200,2365200
20151112,19.1400,19.5200,19.0900,19.3600,1754700
20151113,19.0800,19.2000,19.0000,19.0700,1670000
20151116,19.3200,19.3200,19.0000,19.0400,2094200
20151117,19.1800,19.4800,19.1300,19.2400,1674100
20151118,19.5800,19.6000,19.1500,19.3400,3404400
20151119,19.7100,19.7500,19.5200,19.6000,1447200
20151120,19.8300,20.1300,19.7200,19.7700,2877200
20151123,19.7500,20.0100,19.6500,19.8500,2326200
20151124,19.5200,19.7300,19.4900,19.7300,2330700
20151125,19.1400,19.5000,19.0800,19.5000,3029900
20151127,19.2200,19.3800,19.1200,19.1800,866100
20151130,19.1900,19.3100,19.0000,19.2600,4042100
20151201,19.3900,19.4100,19.1400,19.2300,2023800
20151202,19.2900,19.4100,19.1900,19.3900,3364400
20151203,18.9300,19.3900,18.9000,19.3200,2083000
20151204,19.1000,19.1500,18.8700,18.9900,3416800
20151207,19.1400,19.1500,18.7200,19.0000,4429200
20151208,19.2500,19.3100,18.9700,19.0700,2757500
20151209,19.2600,19.4300,19.0800,19.2900,2863300
20151210,19.0400,19.5400,19.0200,19.2600,3151100
20151211,18.6600,18.9500,18.6300,18.9100,2169700
20151214,18.8400,18.8400,18.6000,18.6300,2007800
20151215,18.7100,18.8900,18.6800,18.8400,2758800
20151216,19.3100,19.3100,18.7600,18.8400,2892300
20151217,19.2800,19.4300,19.1200,19.3700,1638700
20151218,18.9600,19.2000,18.8500,19.1800,3578000
20151221,18.8900,19.0600,18.7900,19.0300,2753900
20151222,19.1100,19.1200,18.6400,18.8900,1741900
20151223,19.3300,19.3800,19.0200,19.1200,2683100
20151224,19.3100,19.4600,19.3000,19.3300,815400
20151228,19.4700,19.4700,19.1700,19.2800,1355300
20151229,19.8000,19.8300,19.5000,19.5000,1580400
20151230,19.8200,19.8900,19.7400,19.7500,1780400
20151231,19.5100,19.8600,19.4900,19.7800,2559200
20160104,19.5200,19.6600,19.3100,19.4100,2592700
20160105,19.8300,19.9300,19.2800,19.5000,3138800
20160106,19.9400,20.0000,19.5900,19.6900,3525700
20160107,19.5000,19.8400,19.4000,19.7200,3047600
20160108,19.4700,19.7900,19.4200,19.5200,2933800
20160111,19.7900,19.8500,19.5000,19.5000,2156500
20160112,19.5400,19.9000,19.4600,19.8200,2405300
20160113,19.4700,19.6600,19.3400,19.5200,2140100
20160114,20.0000,20.1500,19.4800,19.4800,2402800
20160115,19.7400,19.9100,19.5300,19.6800,1995300
20160119,20.0400,20.1100,19.7800,19.8900,2419800
20160120,19.4600,20.0200,19.0500,19.9000,3218100
20160121,19.5300,19.8000,19.3300,19.5000,2703400
20160122,20.2800,20.3400,19.5400,19.7300,2744600
20160125,20.3800,20.4300,20.1300,20.2400,3481800
20160126,20.3100,20.6700,20.2900,20.4000,2447500
20160127,20.1400,20.3800,19.9900,20.3100,3681900
20160128,20.7500,20.8500,20.2000,20.2700,3868200
20160129,21.0100,21.1300,20.8600,21.0100,4958300
20160201,21.3000,21.3200,20.8500,21.0200,4254200
20160202,21.2600,21.5300,21.0700,21.2300,5417300
20160203,21.4800,21.6600,21.3100,21.3800,4137300
20160204,21.1600,21.5300,21.0600,21.4500,3624000
20160205,20.9800,21.1400,20.6800,21.0700,3763500
20160208,20.9100,21.2400,20.7200,21.0700,1950300
20160209,21.2400,21.3800,20.7600,20.8000,2964700
20160210,21.4800,21.6500,21.0600,21.2000,4691300
20160211,21.1000,21.4200,20.9400,21.3500,4161700
20160212,21.2800,21.3900,21.0200,21.3800,3222800
20160216,21.1100,21.5600,20.9600,21.4400,2595600
20160217,21.3500,21.4900,20.8800,21.1700,4240500
20160218,21.8700,22.1000,21.1500,21.2500,4141100
20160219,21.8700,22.1400,21.5200,21.7300,3276000
20160222,21.9100,22.0700,21.6800,21.8200,2411200
20160223,21.8000,22.0200,21.7500,21.8800,3131800
20160224,21.7500,21.9100,21.6200,21.7000,2485200
20160225,22.0300,22.0600,21.7400,21.8600,1971600
20160226,21.5100,22.0000,21.4500,21.9200,2716200
20160229,21.4800,21.7300,21.4700,21.5200,2250600
20160301,21.5000,21.7200,21.4400,21.5700,2536300
20160302,22.0700,22.1000,20.9400,21.4100,2960500
20160303,22.3400,22.3600,21.8700,22.0800,2536900
20160304,22.4000,22.5100,22.0900,22.2300,1997000
20160307,22.3600,22.5500,22.1600,22.2400,3312600
20160308,22.4800,22.6600,22.3000,22.4100,1999100
20160309,22.6200,22.7900,22.4800,22.5100,1169100
20160310,22.7700,22.8200,22.4100,22.5000,2101200
20160311,22.7400,22.9900,22.6700,22.8400,1848700
20160314,22.7800,22.9000,22.6600,22.6600,1542200
20160315,22.6700,22.9600,22.5700,22.7400,2853800
20160316,23.1000,23.1500,22.4900,22.6500,1985600
20160317,23.3300,23.4200,23.1100,23.2000,2056400
20160318,22.8000,23.3500,22.7900,23.3500,4019500
20160321,22.8900,22.9400,22.6000,22.8300,2197800
20160322,22.8000,23.0000,22.7500,22.9200,1285800
20160323,23.0200,23.1400,22.7300,22.8400,1600100
20160324,23.0300,23.1500,22.8600,22.9800,2304100
20160328,22.9200,23.2100,22.8400,22.9900,1850900
20160329,23.1700,23.1700,22.5300,22.7000,2305000
20160330,23.3900,23.5600,23.1900,23.2100,2170000
20160331,23.5600,23.7400,23.3700,23.4100,2854700
20160401,23.8200,23.8900,23.4000,23.4100,2962600
20160404,23.6000,23.9200,23.4200,23.8100,2349000
20160405,23.2400,23.6700,23.2200,23.5100,3483500
20160406,23.4400,23.4600,23.1300,23.2400,3215900
20160407,23.4200,23.4500,23.2800,23.4200,2289100
20160408,23.5500,23.7000,23.4700,23.4900,1469700
20160411,23.4700,23.7100,23.3400,23.5900,2027400
20160412,23.6300,23.7500,23.3000,23.5200,1721900
20160413,23.4000,23.7700,23.3500,23.6800,2494900
20160414,23.4300,23.5200,23.2200,23.3100,1670500
20160415,23.6800,23.7200,23.3700,23.4700,1648700
20160418,23.8200,23.8200,23.5200,23.6900,1581700
20160419,23.9800,24.0100,23.7700,23.8300,1991600
20160420,23.0700,24.0000,23.0200,23.9600,3960800
20160421,22.1300,23.0700,21.9700,22.9600,6309500
20160422,22.2500,22.5000,22.1500,22.2100,3462500
20160425,22.3300,22.3300,22.1700,22.2200,3293000
20160426,22.2900,22.5800,22.2100,22.4200,2392800
20160427,22.4900,22.6000,22.0100,22.2400,2266100
20160428,22.5500,22.6300,22.2100,22.2900,1841300
20160429,22.7100,22.7300,22.2500,22.4300,1937500
20160502,22.9600,23.1100,22.6000,22.6900,3054100
20160503,23.1100,23.3400,22.9100,22.9600,2844200
20160504,23.5300,23.7200,23.0100,23.0700,2929600
20160505,23.4800,23.7900,23.4400,23.5300,3040500
20160506,23.4100,23.5200,23.1200,23.4600,3059100
20160509,23.6000,23.6500,23.3400,23.4700,2224300
20160510,23.5300,23.7000,23.4600,23.6200,2352300
20160511,23.7900,23.8400,23.5400,23.5800,2270700
20160512,23.9600,24.0000,23.5900,23.7500,2532900
20160513,24.1200,24.2100,23.7500,23.9900,3357800
20160516,24.3000,24.3100,23.9900,24.1200,2782100
20160517,23.9000,24.3100,23.7400,24.2200,2689800
20160518,23.4500,23.9600,23.3300,23.7300,4159300
20160519,23.5200,23.5900,23.1200,23.3100,3048500
20160520,23.8200,23.8400,23.4100,23.6200,4647800
20160523,23.6800,23.9700,23.6700,23.8600,2193300
20160524,24.0700,24.0700,23.7400,23.7500,4064000
20160525,23.9500,24.2100,23.8600,24.2100,2439500
20160526,24.0400,24.2000,23.8300,23.9200,2357100
20160527,24.1200,24.1700,23.9400,24.0900,2582100
