20150529,50.8350,51.1900,50.5200,51.1500,5562200
20150601,50.8800,51.1450,50.7250,50.8850,4944000
20150602,51.0550,51.3450,50.7500,50.9000,4974400
20150603,51.2550,51.5450,50.8850,51.1450,4766800
20150604,50.9750,51.6500,50.8100,51.0300,4467200
20150605,51.0150,51.1250,50.5650,50.7500,3791800
20150608,50.7200,50.9450,50.6900,50.8000,4314000
20150609,50.6750,50.9650,50.3900,50.7450,3476800
20150610,51.6700,52.0150,50.8300,50.9150,6270400
20150611,51.9400,52.5600,51.7350,52.5450,6178000
20150612,51.8900,52.0500,51.6050,51.7750,4133000
20150615,51.6750,51.9250,51.3650,51.5500,4902000
20150616,52.2800,52.4900,51.7200,51.7400,5034000
20150617,52.3750,52.5850,52.0400,52.3700,4072400
20150618,53.0000,53.3350,52.5050,52.5250,5690600
20150619,53.2650,53.4250,52.9700,53.0150,7285600
20150622,53.3950,53.7250,53.3250,53.4300,4186600
20150623,53.6000,53.6300,53.4100,53.6000,5934200
20150624,53.1100,53.6850,53.0200,53.6000,5056200
20150625,52.6100,53.4050,52.3350,53.4050,10811400
20150626,54.8550,55.1700,54.1850,54.1850,20287600
20150629,53.8350,54.7450,53.8300,54.6350,9005000
20150630,54.0100,54.4400,53.9000,54.4250,7531200
20150701,54.7150,54.7150,54.2950,54.4750,5924000
20150702,54.9350,55.3650,54.5450,54.9550,5900000
20150706,54.9200,55.2550,54.5050,54.5450,4991400
20150707,55.6450,55.6650,54.5300,55.0400,7207000
20150708,54.6350,55.3750,54.5000,55.1100,6733600
20150709,54.7200,55.4600,54.5950,55.1200,6168400
20150710,55.2600,55.4000,54.5000,55.2650,5159200
20150713,56.2050,56.2750,55.4000,55.6200,5047600
20150714,56.1700,56.5300,55.9600,56.4200,5561400
20150715,55.9500,56.1950,55.8450,56.0000,5016400
20150716,56.1700,56.4500,55.9250,56.3800,4334600
20150717,56.4000,56.4900,55.9500,56.1850,4545400
20150720,56.5650,56.7750,56.4100,56.6350,5978200
20150721,56.4950,56.7850,56.3600,56.4900,4626400
20150722,57.0450,57.1100,56.4350,56.4350,5954200
20150723,57.0000,57.3500,56.9050,57.2500,6714200
20150724,56.4950,57.0900,56.2350,57.0900,5967200
20150727,55.8650,56.4600,55.4750,56.2000,6648000
20150728,56.7350,56.9550,55.9250,56.0350,6948200
20150729,57.4600,57.6700,56.7500,56.7900,6839800
20150730,57.5050,57.7000,56.9700,57.4750,5594000
20150731,57.6100,57.9700,57.4150,57.7500,5078600
20150803,57.4150,58.0000,56.7950,57.7550,4992000
20150804,57.8850,57.9650,57.1650,57.4750,5229000
20150805,58.3750,58.8600,58.1750,58.3050,6853000
20150806,57.5600,58.7500,57.1850,58.5000,6211400
20150807,57.2550,57.4800,56.5500,57.3600,5907800
20150810,57.6800,58.0850,57.4250,57.6950,4613200
20150811,57.2300,57.4950,56.8150,57.0700,5107400
20150812,56.5300,56.8750,55.3250,56.7700,7127000
20150813,56.8000,57.2650,56.4750,56.6350,5907800
20150814,57.1800,57.2850,56.5550,56.7950,4685200
20150817,57.4900,57.5650,56.5450,57.0600,3917400
20150818,57.4100,57.8400,57.2950,57.5600,3669400
20150819,57.4800,58.0250,56.7750,57.0000,6216400
20150820,56.1500,57.2250,56.1200,56.8550,6536800
20150821,53.4350,55.8300,53.4200,55.7350,15912800
20150824,51.9350,53.6900,47.2500,50.1300,19882600
20150825,51.7650,53.6550,51.7400,53.6400,13616200
20150826,54.3800,54.5050,51.9900,53.2500,15156000
20150827,56.3100,56.3450,54.8150,55.1850,13617400
20150828,56.2500,56.5000,55.8200,56.3000,7526200
20150831,55.8750,56.2450,55.6150,56.1950,7073600
20150901,54.3150,54.9150,54.0150,54.4900,9385200
20150902,55.3500,55.3900,54.6000,55.0750,8536400
20150903,55.4250,56.0450,55.2050,55.6150,6065000
20150904,54.8450,55.2150,54.4700,54.6100,7126200
20150908,55.8750,55.9350,55.1100,55.7300,5511400
20150909,54.9300,56.4950,54.8050,56.3550,6349800
20150910,55.1900,55.5200,54.4700,54.8300,7363000
20150911,55.9100,55.9200,54.9950,55.1150,5589600
20150914,55.9450,56.0300,55.5700,55.7550,6833200
20150915,56.9200,57.0400,55.4000,55.9500,7699400
20150916,57.7900,57.9550,56.9200,57.1650,8104400
20150917,57.6350,58.3950,57.2800,57.6200,8062600
20150918,57.5250,57.8150,56.8800,57.0750,18615000
20150921,58.2800,58.5450,57.3800,57.8350,8746600
20150922,57.9850,58.0800,57.1900,57.6250,7555400
20150923,57.7150,58.3000,57.6000,57.9850,9055800
20150924,57.3950,57.5750,56.7500,57.1500,14352600
20150925,62.5000,62.9750,61.3500,61.5650,36968200
20150928,61.0700,62.3800,60.4250,62.2500,16450800
20150929,59.8350,61.0450,59.5250,61.0000,14414400
20150930,61.4850,61.5600,60.3700,60.3700,9437800
20151001,61.9150,61.9700,60.6400,61.5800,8994200
20151002,62.6050,62.6050,60.7800,61.0450,9114400
20151005,62.1350,63.2450,62.0450,62.9200,9646400
20151006,61.5950,62.4000,61.2950,62.1350,7665400
20151007,61.0500,62.2250,60.5000,61.8050,10215400
20151008,62.4550,62.6200,61.3350,61.4600,7622600
20151009,62.4700,62.6700,62.0450,62.2800,6940600
20151012,63.2150,63.5500,62.5100,62.6000,5449000
20151013,62.9050,63.2700,62.7950,63.0000,6355400
20151014,62.9200,63.3050,62.6950,62.9950,6509000
20151015,64.3950,64.5850,63.4800,63.6100,10764800
20151016,65.2350,65.2950,64.4350,64.7500,9318000
20151019,66.6050,66.7600,65.5550,65.8550,12587800
20151020,66.1850,66.6800,65.9850,66.5250,9104200
20151021,66.2350,66.6100,65.9150,66.3250,5504000
20151022,66.2050,66.7250,65.2900,66.4350,9294800
20151023,65.2650,66.6000,64.4550,66.5350,10517800
20151026,65.6900,66.1150,65.1350,65.1350,6882800
20151027,65.4100,65.6200,64.8300,65.5000,6150000
20151028,65.6450,66.0250,64.9650,65.8600,7091400
20151029,65.5600,65.7350,64.9800,65.3400,4959000
20151030,65.5150,65.8100,65.0350,65.7750,7230800
20151102,65.5950,66.0000,64.7300,65.8650,6123200
20151103,65.7000,65.8500,65.3400,65.6200,5492000
20151104,65.1800,65.9350,64.9400,65.6950,5190200
20151105,65.9300,66.2200,65.2300,65.5900,5068200
20151106,65.8900,66.4700,65.6800,65.8000,4837600
20151109,65.2400,65.7100,64.6350,65.6250,6181200
20151110,65.0000,65.3450,64.7650,65.0450,5287400
20151111,63.7100,65.2950,63.6400,65.1400,8578000
20151112,62.9900,64.0000,62.7050,63.5000,9388000
20151113,60.9300,62.6100,60.5750,62.5400,16371000
20151116,61.7300,61.7400,60.6700,60.9000,9146400
20151117,61.2900,61.8000,60.2100,61.5250,10581600
20151118,62.8900,63.0150,61.3300,61.5200,10597800
20151119,62.8900,63.4950,62.6900,63.1300,8557600
20151120,66.3250,66.4000,65.2400,66.0350,19064800
20151123,66.2300,66.5000,65.8900,66.4100,7135600
20151124,66.2550,66.4900,65.6300,65.8150,5311600
20151125,67.0650,67.2750,66.5150,66.5400,6989000
20151127,67.1650,67.6500,66.6650,67.4600,4527800
20151130,66.1400,67.0950,65.8200,66.9650,8738800
20151201,66.6550,66.7100,65.9600,66.0600,6857000
20151202,66.3250,66.6100,66.0500,66.4250,7965600
20151203,64.5600,66.6800,64.5000,66.5550,10649800
20151204,66.1650,66.4600,64.9000,64.9000,7410400
20151207,65.8000,66.4500,65.3050,66.3750,6190000
20151208,65.8500,66.3700,65.2150,65.4350,5605800
20151209,64.4200,65.7700,63.8700,65.3800,7442800
20151210,64.3200,64.8200,64.0050,64.3600,5682600
20151211,63.1450,63.8700,62.8350,63.8100,8276000
20151214,63.9300,64.1650,63.0600,63.3150,7991400
20151215,64.3050,65.0000,64.1750,64.8000,6852400
20151216,65.4650,65.6000,64.4100,64.6850,7542200
20151217,65.1100,65.9250,65.0350,65.8500,7400800
20151218,64.2600,65.2650,64.1850,64.8650,13804600
20151221,64.9000,65.1550,64.3050,64.8400,8972600
20151222,65.9250,65.9250,64.9100,65.7400,17218400
20151223,64.3550,68.1950,63.9100,68.1200,57319400
20151224,63.1800,64.7300,62.1500,64.5500,13890800
20151228,63.8100,63.8800,62.8000,63.2100,8786800
20151229,64.2600,64.4800,64.0200,64.3100,6708600
20151230,63.2500,64.4000,63.1700,64.3600,5817900
20151231,62.5000,63.1700,62.5000,63.1500,6454700
20160104,61.5200,61.9100,60.8600,61.1100,11626800
20160105,62.3800,62.5900,61.7200,61.7200,9220600
20160106,61.4900,62.0400,61.1500,61.3000,6551600
20160107,59.8500,61.2600,59.7800,60.3900,10881300
20160108,58.8700,60.7900,58.6600,60.0600,11191300
20160111,59.5500,60.0400,58.5400,58.9700,12825000
20160112,59.9400,60.8200,59.5700,60.3500,8292200
20160113,58.7800,60.5300,58.6700,60.5300,9944300
20160114,58.5100,59.3500,57.2800,59.0000,9989000
20160115,57.5600,58.1400,56.5900,56.9300,12208300
20160119,58.3200,59.0700,57.6700,58.1900,9924300
20160120,59.0400,59.5900,56.7500,57.2500,16234200
20160121,60.5600,61.1600,59.0600,59.0800,16121600
20160122,60.8800,61.4700,60.5900,61.2900,8430100
20160125,60.7000,61.3000,60.6200,61.0900,10383400
20160126,61.1100,61.3700,60.2700,60.4900,8005200
20160127,59.5800,61.1000,59.2000,60.9600,8593700
20160128,61.2000,61.6000,59.9800,60.3200,10207000
20160129,62.0100,62.1600,61.2000,61.2000,10475200
20160201,63.1600,63.4700,61.7000,61.7500,8247800
20160202,62.5500,63.5000,62.3100,63.0200,9458500
20160203,62.4900,62.9000,61.3000,62.8800,7213500
20160204,60.1700,62.1600,59.9900,62.0200,10455700
20160205,57.1700,59.8400,56.9800,59.7600,14415900
20160208,55.0400,56.2100,53.6400,56.1000,21214500
20160209,55.6800,56.6200,54.2800,54.5000,10915700
20160210,57.4100,58.1800,55.9300,56.5400,13376800
20160211,56.0000,56.9100,55.3900,56.4600,13090900
20160212,56.4200,57.4500,55.5000,57.3700,10229500
20160216,57.7900,58.0000,56.8200,57.5700,8058000
20160217,58.1700,58.6000,57.1000,58.6000,10332700
20160218,58.6000,58.9600,57.9800,58.1700,9658600
20160219,59.3100,59.3100,57.6300,58.5000,10080100
20160222,60.1700,60.4800,59.2600,59.3100,11523400
20160223,60.2100,60.7400,59.8900,60.2600,7504600
20160224,60.4000,60.7000,59.2000,59.7400,10390800
20160225,62.3800,62.3800,60.6300,60.6800,8524300
20160226,62.6000,63.4900,62.4700,62.6400,8896100
20160229,61.5900,62.6800,61.5800,62.4600,7720600
20160301,62.9200,63.1000,61.7500,61.9700,7438300
20160302,62.2200,62.8900,61.5000,62.5200,8465800
20160303,61.4700,62.2000,60.9200,62.0500,7924400
20160304,61.2600,61.5400,60.3800,61.4200,7274300
20160307,59.2500,61.1400,58.7900,61.0700,12801900
20160308,59.8100,60.6000,58.7100,59.0300,9280800
20160309,58.3300,59.6200,57.9500,59.5800,12757600
20160310,58.8800,59.0400,57.9700,58.7000,9345000
20160311,60.0800,60.4400,59.1300,59.1300,8565200
20160314,60.8100,61.3300,60.1000,60.1900,7082200
20160315,61.4000,61.7500,60.3600,60.5000,6187700
20160316,61.8600,62.2300,61.2900,61.4700,7008000
20160317,63.1800,63.3800,61.7400,61.7600,9862800
20160318,62.9900,63.9800,62.8500,63.5500,13121300
20160321,64.7200,65.2900,63.4000,63.5500,13393000
20160322,64.9000,65.4400,64.1700,64.8300,15378200
20160323,62.4400,63.4500,61.1500,61.3300,26950000
20160324,61.6500,62.1400,61.1200,62.0600,12205100
20160328,61.3400,61.9800,61.2500,61.5800,7891600
20160329,61.4900,61.9000,61.2500,61.2600,7404100
20160330,62.0400,62.4100,61.7700,61.7700,7834100
20160331,61.4700,62.6400,61.3100,61.9900,7819300
20160401,61.5900,61.8200,61.1500,61.2200,7552600
20160404,59.9700,61.8500,59.4200,61.7300,16511700
20160405,59.6700,60.1700,59.4400,59.6200,7537600
20160406,60.3100,60.6800,59.1900,59.6000,10194900
20160407,60.3000,60.5800,59.7100,59.7900,7081600
20160408,59.4200,60.5600,59.3200,60.4900,8747800
20160411,57.9200,59.7800,57.8200,59.7300,12581900
20160412,58.5500,58.6200,56.8900,58.0000,12408900
20160413,59.5800,59.9500,58.8300,59.0200,10622300
20160414,59.4900,60.3400,59.4400,59.7100,7756900
20160415,59.5000,59.5900,58.3900,59.0200,7642500
20160418,59.5700,60.0000,59.3800,59.3800,6059600
20160419,59.5600,59.9900,59.3300,59.9600,6544800
20160420,59.6200,60.2400,59.4300,59.4300,6469600
20160421,60.0800,60.5300,59.7100,60.5300,7074200
20160422,59.4300,60.2200,58.9700,60.1800,8031400
20160425,59.2100,59.4200,58.7600,59.3400,6020500
20160426,59.5400,59.9700,59.2700,59.3100,5573400
20160427,59.2700,59.7300,58.6300,59.6300,7917700
20160428,58.5400,59.8900,58.4200,58.9500,5945600
20160429,58.9400,59.0900,58.1000,58.4100,8080500
20160502,59.5900,59.7500,58.9900,59.0900,8624500
20160503,59.5200,59.8500,59.0300,59.2400,7911400
20160504,59.1100,59.9600,58.8200,59.2300,6435800
20160505,58.1900,58.9800,58.0000,58.9400,7816000
20160506,58.4300,58.4400,57.3800,58.1600,7152000
20160509,58.7200,59.1900,58.4500,58.5900,5565600
20160510,59.2000,59.9900,58.6100,58.6100,7544700
20160511,57.0100,58.6800,56.8500,58.5000,12732900
20160512,57.9900,58.3400,57.3100,57.5200,8070000
20160513,57.3100,58.1200,57.2800,57.7400,7358000
20160516,57.1400,57.5300,56.6300,57.2700,8023300
20160517,57.1000,57.3800,56.6500,57.1500,7599800
20160518,56.1200,56.8700,55.6700,56.7600,11426100
20160519,57.0400,57.3000,55.6700,55.8200,9003800
20160520,56.4800,57.0600,55.4100,55.8800,13573500
20160523,55.9900,56.9700,55.9500,56.6000,7742800
20160524,56.5900,56.7700,55.8600,56.0500,11038900
20160525,55.9900,56.6900,55.7700,56.4700,9921500
20160526,55.8400,56.3600,55.6000,56.0500,9004600
20160527,56.1900,56.5300,55.9800,56.1700,8479000
