20150529,44.9900,45.2600,44.7100,45.1300,2076300
20150601,44.8300,45.2500,44.8000,45.1800,1554300
20150602,44.7200,44.7600,44.3000,44.3100,1687700
20150603,45.3500,45.5500,44.6700,44.7600,1882500
20150604,44.9200,45.4900,44.8500,45.0800,1955000
20150605,44.7600,44.9500,44.4500,44.8500,1236000
20150608,44.3000,44.7300,44.2900,44.6700,1362700
20150609,44.5100,44.6900,44.2600,44.3000,1380400
20150610,45.2200,45.3000,44.5600,44.6200,978400
20150611,45.0600,45.1300,44.8700,45.0000,3091200
20150612,44.9400,45.0800,44.8100,44.9000,1051700
20150615,44.7600,44.8600,44.4600,44.5900,2076100
20150616,44.8200,44.9800,44.4800,44.7900,1880900
20150617,45.0200,45.2700,44.7700,44.9400,1659000
20150618,45.6200,45.8000,45.0300,45.1400,2951000
20150619,45.5400,45.7100,45.2700,45.4700,3387600
20150622,45.9000,46.1700,45.6100,45.7600,2349700
20150623,45.7200,46.0500,45.5900,45.8500,1648000
20150624,45.6100,46.0400,45.4600,45.8100,2204900
20150625,45.5700,45.8300,45.5200,45.6500,1777100
20150626,46.2200,46.8500,45.6000,45.7300,8506400
20150629,44.7300,46.0000,44.6900,45.8300,2339700
20150630,44.7700,45.1300,44.6100,45.0700,2081200
20150701,45.1200,45.7100,44.9400,45.4100,1842800
20150702,44.9900,45.3900,44.6700,45.3000,1575100
20150706,44.8000,45.1300,44.6100,44.6200,1308000
20150707,44.9600,44.9800,44.3100,44.8800,1722400
20150708,44.1600,44.8000,43.9500,44.6500,1835500
20150709,44.4600,44.7900,44.4600,44.6900,1928600
20150710,45.2700,45.3600,44.8500,45.0000,1636500
20150713,45.7900,45.8800,45.4800,45.7000,1504000
20150714,45.6000,45.9600,45.5800,45.9600,1475900
20150715,45.5600,45.6600,45.3600,45.5700,1304500
20150716,45.8100,45.9500,45.5600,45.7400,1024800
20150717,45.5200,45.9500,45.4300,45.9500,1683800
20150720,45.6300,45.7700,45.4000,45.4000,1632100
20150721,45.3300,45.6500,45.1900,45.6000,991500
20150722,45.3100,45.6600,45.1700,45.2600,1062100
20150723,45.3200,45.3600,44.9700,45.2500,1255700
20150724,45.1700,45.5200,45.0800,45.3700,1553400
20150727,44.8000,45.1500,44.4100,44.7900,2635400
20150728,47.1800,47.3900,45.7800,46.1500,3306000
20150729,48.3200,48.5200,47.3800,47.3800,3309700
20150730,49.0600,49.2800,47.8300,48.0200,5419500
20150731,48.4600,49.3700,48.3800,49.2800,2683300
20150803,47.9500,48.4100,47.6400,48.3000,3246200
20150804,47.9500,48.1100,47.7300,48.0800,1786200
20150805,48.0500,48.1400,47.5800,47.9900,2720600
20150806,46.5500,47.9400,46.1000,47.8500,4707800
20150807,46.4500,46.7000,46.1900,46.3400,3058900
20150810,48.0000,48.2500,47.1400,47.1400,3488200
20150811,47.8700,47.9100,47.4100,47.5400,1604500
20150812,47.8300,47.8700,47.0700,47.3200,1853500
20150813,48.1100,48.3300,47.3000,47.4500,1987400
20150814,48.5100,48.6200,48.0300,48.1200,956000
20150817,48.3600,48.4200,48.0800,48.3400,995300
20150818,48.3500,48.3800,48.0000,48.3500,1375700
20150819,48.2200,48.5400,47.7700,48.0700,1329300
20150820,47.4300,48.0500,47.3000,47.7500,2676600
20150821,45.9200,47.2200,45.8800,46.9000,3012400
20150824,43.6500,44.6500,43.2900,43.5600,3828800
20150825,42.8000,44.9100,42.7600,44.9100,4793800
20150826,44.2300,44.2800,42.8000,44.1300,3114900
20150827,45.3500,45.7000,44.4200,44.6600,2403500
20150828,45.2600,45.4300,44.9000,45.1800,1312800
20150831,45.2300,45.5800,44.6500,45.0100,1479100
20150901,43.5700,45.0600,43.3000,44.2000,3529600
20150902,45.3700,45.3800,44.2000,44.3300,3423700
20150903,45.5100,46.3700,45.2400,45.4700,1958700
20150904,44.9600,45.4300,44.5000,44.6100,1871000
20150908,46.2500,46.4000,45.5400,45.7900,1698600
20150909,46.2300,46.9400,46.1500,46.9100,1710300
20150910,46.1300,46.6100,45.9300,46.2800,1423400
20150911,45.8800,46.0600,45.3800,45.9700,1450200
20150914,45.6900,46.0500,45.3300,45.8000,994400
20150915,46.5500,46.7400,45.8700,45.9200,1058900
20150916,47.2400,47.4100,46.7100,46.7700,1969200
20150917,47.1800,47.8600,46.9000,47.1800,1543500
20150918,46.7400,47.6100,46.4500,46.6500,3305300
20150921,47.5500,47.6700,46.4600,46.8400,1635100
20150922,47.1100,47.4400,46.8300,47.0000,2038100
20150923,47.2500,47.4100,46.9200,47.0800,1426500
20150924,47.1700,47.2200,46.7400,46.7900,2664400
20150925,46.7500,47.4600,46.3000,47.3700,3232400
20150928,45.5300,46.7400,45.2600,46.3400,3002300
20150929,45.2400,45.7200,44.7200,45.4600,2734000
20150930,44.4700,45.5800,43.8500,44.1700,6014400
20151001,44.9000,45.3900,44.2700,44.4100,3906500
20151002,45.7400,45.7700,44.1300,44.2100,3257700
20151005,46.3300,46.4800,45.9300,45.9800,2199000
20151006,46.3000,46.5400,46.1500,46.1900,1494200
20151007,46.6700,47.2100,46.4300,46.8200,2586800
20151008,46.6200,46.8100,46.2700,46.5600,2871000
20151009,46.5000,46.8000,46.4200,46.6000,2396100
20151012,46.9900,47.1400,46.4300,46.4500,1228600
20151013,46.9400,47.1400,46.5300,46.6900,1250900
20151014,46.8200,47.5100,46.7500,46.9900,1669700
20151015,47.7200,47.7700,46.9200,46.9300,1778800
20151016,47.7400,48.0900,47.6100,47.8100,1679500
20151019,48.1800,48.1800,47.6800,47.7200,2021400
20151020,48.5300,48.7800,48.1100,48.1100,3751600
20151021,45.8500,47.3800,44.9700,47.3800,4080300
20151022,47.4200,47.9400,46.2100,46.2400,3523600
20151023,48.2700,48.4500,47.5300,47.7500,1679300
20151026,48.3800,48.6100,47.8600,48.1600,1665200
20151027,47.7700,48.1100,47.4100,48.0100,969500
20151028,48.3500,48.6000,47.6500,47.9500,1529800
20151029,47.9500,48.4500,47.7200,48.0300,1519800
20151030,47.5100,48.2300,47.3100,47.7800,2010600
20151102,47.7200,47.9200,46.7900,47.2900,2535500
20151103,47.8000,47.8500,47.4100,47.6700,1508600
20151104,47.5900,47.9300,47.4000,47.7500,1571600
20151105,47.8400,47.8500,47.1100,47.4900,1445800
20151106,48.0500,48.3900,47.5200,47.7400,1860700
20151109,47.8700,48.0500,47.6400,47.7300,1136700
20151110,47.4900,48.0000,47.3100,47.6600,1269900
20151111,47.5200,47.8000,47.3400,47.7100,1085400
20151112,47.1800,47.6300,47.0500,47.0500,957700
20151113,46.4500,47.3400,46.3500,47.1200,989600
20151116,46.8300,46.8500,46.0500,46.3200,2107100
20151117,46.6400,47.0000,46.5100,46.8000,1717300
20151118,47.8800,47.9900,46.7100,47.0800,2097500
20151119,47.6700,47.9600,47.4500,47.9400,1073500
20151120,47.7100,47.9600,47.3700,47.9600,1044900
20151123,47.2600,47.7300,47.2200,47.7100,1313200
20151124,46.9300,47.1700,46.4900,46.9200,2048500
20151125,46.7600,47.0400,46.6400,46.6700,2353800
20151127,47.1000,47.1200,46.3300,46.6100,489600
20151130,46.6800,47.2800,46.6300,47.1200,1594300
20151201,47.4600,47.4900,46.6600,46.9300,1609200
20151202,46.6400,47.5000,46.4600,47.5000,1933100
20151203,45.6700,47.0800,45.4000,47.0800,2598500
20151204,46.8900,46.9700,45.6300,45.8000,2639400
20151207,46.6800,46.9100,46.1500,46.6600,1722700
20151208,45.6100,46.3900,45.4400,46.1900,2599700
20151209,45.0900,46.1900,44.8900,45.5400,3354200
20151210,45.7000,46.0500,44.8300,45.0000,2112800
20151211,45.4600,46.7800,45.1900,45.5400,4850100
20151214,44.7800,45.4800,44.2400,45.4400,3164100
20151215,46.0800,46.2000,45.0500,45.1700,2206700
20151216,46.9800,47.0100,46.1200,46.2900,1901000
20151217,46.2500,47.1600,46.2200,47.0100,3510900
20151218,45.6400,46.1600,45.6400,46.1600,2982900
20151221,46.1800,46.2800,45.6300,46.1000,1580500
20151222,46.2600,46.6500,45.9400,46.5600,1577900
20151223,46.5900,46.8800,46.3400,46.6200,1830300
20151224,46.4700,46.7000,46.2600,46.4200,543500
20151228,46.9600,47.0300,46.2800,46.2800,1400800
20151229,47.3400,47.4500,47.0600,47.2500,1355700
20151230,47.0400,47.4500,47.0100,47.3000,1038800
20151231,46.6000,47.0000,46.4900,46.8400,1245000
20160104,45.6700,45.9300,45.1700,45.7700,2854500
20160105,46.4000,46.5700,45.5700,45.6800,2402300
20160106,46.1300,46.3900,45.8200,46.0000,1936700
20160107,45.1400,45.8800,45.0300,45.2800,6471700
20160108,44.3300,45.6300,44.2800,45.4900,6200400
20160111,44.9900,45.2700,44.4500,44.5100,3385500
20160112,45.2900,45.6200,44.7400,45.2700,1956000
20160113,44.6200,45.6800,44.5800,45.4300,2417800
20160114,45.7000,45.9900,44.3100,44.7500,3528600
20160115,44.6900,45.3900,44.1600,44.2700,3204200
20160119,45.0200,45.5000,44.6100,45.1400,2436000
20160120,43.9400,44.7800,42.9000,44.4100,3789000
20160121,43.8900,44.4000,43.4200,43.9700,3562800
20160122,45.3100,45.3400,44.3100,44.6500,3454800
20160125,44.7300,46.5700,44.6400,45.3600,1712800
20160126,45.5700,45.7000,44.7300,44.8000,2514500
20160127,45.9100,46.6500,45.4700,45.6500,3198700
20160128,46.8600,47.2600,46.1700,46.4100,3259500
20160129,48.1600,48.2000,47.0200,47.2800,3554900
20160201,48.0300,48.3000,47.1800,47.7700,3909800
20160202,47.2100,47.9700,46.9900,47.5600,3895300
20160203,46.7000,47.5000,46.0600,47.3600,2595800
20160204,46.7000,47.0700,46.4500,46.6800,2581600
20160205,45.6300,46.6600,45.4000,46.4900,2410300
20160208,44.7200,45.2800,43.9100,45.1400,3373800
20160209,45.1300,45.4300,44.1500,44.1700,3893200
20160210,45.4200,46.4700,45.2800,45.4000,4534400
20160211,47.3300,47.6500,45.2000,45.5000,6772900
20160212,47.2900,48.0000,46.9900,47.3300,3597900
20160216,47.9900,48.2000,47.0600,48.0700,2753700
20160217,48.4100,48.5500,47.9600,48.2200,2622500
20160218,47.8500,48.5100,47.8200,48.5000,1926000
20160219,48.0900,48.1100,47.4300,47.5300,1984200
20160222,49.4500,49.4700,48.5200,48.6300,2353600
20160223,48.7200,49.2400,48.3000,49.2400,2300800
20160224,49.4500,49.4600,47.8000,48.3800,2723800
20160225,49.6600,49.9500,49.3500,49.4500,1659300
20160226,49.7500,49.9200,49.2400,49.6900,2266100
20160229,50.3400,51.3500,49.5200,49.5200,3550000
20160301,50.6000,50.8700,50.0200,50.2900,3130100
20160302,50.7800,50.9200,50.2800,50.3400,1903800
20160303,51.2300,51.4300,50.6100,50.8000,1959300
20160304,51.7300,51.8400,50.9900,51.1900,1374400
20160307,51.8600,52.0700,51.3700,51.4200,1986000
20160308,51.1200,51.7000,50.9400,51.5600,2554400
20160309,50.6400,51.0000,50.4500,50.8000,2950300
20160310,50.3900,50.9200,50.1600,50.6600,2099500
20160311,50.6700,51.0300,50.3100,50.7300,2045200
20160314,51.0300,51.2100,50.5000,50.7500,1103700
20160315,51.0600,51.2300,50.5000,50.8600,1412700
20160316,51.7900,52.0000,51.0700,51.1800,1323200
20160317,52.8400,53.0300,51.6700,51.6700,4298900
20160318,52.2700,53.0500,52.1300,53.0300,3171800
20160321,52.0100,52.3400,51.7700,52.3400,1521500
20160322,51.8000,52.2000,51.6500,51.9800,1621600
20160323,51.9300,52.1700,51.3700,51.7800,1517400
20160324,52.0000,52.0300,51.5700,51.6200,1043900
20160328,52.2200,52.4200,51.7600,52.0400,1313500
20160329,52.3800,52.4400,51.9700,52.0500,1877900
20160330,52.8000,52.8400,52.3200,52.5300,1672200
20160331,52.6600,53.0800,52.5700,52.6700,1794900
20160401,53.4500,53.5300,52.4000,52.4900,2269500
20160404,53.0100,53.5200,52.4900,53.3300,1868500
20160405,52.3300,52.7700,51.9700,52.7700,3057100
20160406,52.6200,52.7500,52.2500,52.3800,1931900
20160407,52.2900,52.9000,52.1300,52.4900,1572800
20160408,52.5100,52.7900,52.2500,52.7000,1270300
20160411,52.6600,52.8600,52.5000,52.6500,1388800
20160412,52.9000,53.0400,52.3900,52.5700,1541100
20160413,53.1900,53.3100,52.6700,53.2800,1835400
20160414,52.9600,53.4200,52.8800,53.3000,1453900
20160415,52.7000,53.1800,52.5400,52.8700,2571700
20160418,53.2600,53.3200,52.6400,52.6400,1460100
20160419,53.9600,54.0500,53.3300,53.3300,2309300
20160420,52.8600,54.5900,51.7600,54.4800,4090900
20160421,51.8600,52.8600,51.8200,52.7000,2293000
20160422,51.9200,52.0900,51.5100,51.8000,1603700
20160425,51.6300,51.9600,51.4700,51.9100,1386400
20160426,51.9800,52.1800,51.6500,51.8000,1614900
20160427,51.5600,52.0600,51.1500,51.6800,2307300
20160428,51.7800,52.1200,51.2400,51.3000,2319700
20160429,52.1400,52.2400,51.6300,51.7600,3366600
20160502,52.5100,53.0100,52.0100,52.1400,3084100
20160503,51.5600,52.1700,51.2900,52.0200,2214700
20160504,51.3300,51.6800,51.0600,51.2400,2433700
20160505,50.9800,51.5600,50.8900,51.3800,2712500
20160506,51.2800,51.2900,50.6600,50.9300,1544200
20160509,51.7000,51.8300,51.2000,51.2800,1681200
20160510,52.3900,52.4400,51.6400,51.8500,1417800
20160511,52.0400,52.5700,51.9500,52.3900,1252800
20160512,52.3000,52.4600,51.9700,52.1700,1002800
20160513,52.0600,52.5500,52.0000,52.2300,1042600
20160516,52.3400,52.6500,51.7700,52.0800,1361400
20160517,51.9900,52.6000,51.8500,52.2500,1583500
20160518,51.9700,52.4100,51.6400,51.8100,1129800
20160519,51.5900,51.9300,51.0700,51.7700,1183200
20160520,52.2000,52.5500,51.6700,51.9500,1342000
20160523,52.2200,52.4000,51.8800,52.1500,894800
20160524,53.0100,53.1600,52.2600,52.5400,1202200
20160525,52.9500,53.2100,52.7800,53.0700,1275000
20160526,53.3600,53.4500,52.7500,52.9300,915200
20160527,53.7200,53.9200,53.4300,53.4800,1235800
