20150529,92.0000,93.5100,91.8500,93.4800,2521200
20150601,92.7600,93.0600,91.8500,92.4800,1598500
20150602,92.7000,93.8100,92.2800,92.5400,1777100
20150603,92.5000,93.5800,92.0300,92.6500,1568100
20150604,91.9600,93.0600,91.5900,92.0100,2135700
20150605,92.5100,92.7400,91.8600,92.2500,1624400
20150608,91.0600,92.4100,90.9800,92.2700,1480200
20150609,90.4400,91.2500,90.3900,91.0000,1473200
20150610,90.5400,91.0000,89.7300,91.0000,1981100
20150611,92.5300,92.7900,90.4200,90.8200,2996700
20150612,91.7000,92.8400,91.3700,91.8900,1965700
20150615,91.3600,91.9100,90.8900,91.2400,1331500
20150616,91.3600,91.9900,91.1700,91.2200,1132900
20150617,91.7000,91.8400,91.0000,91.4200,1439200
20150618,92.9600,93.2400,91.8300,91.9500,1742800
20150619,92.3200,93.1200,92.0700,92.6700,2141200
20150622,92.8100,93.3000,92.3900,92.6700,1575600
20150623,92.3100,93.0900,92.2500,92.7200,1546600
20150624,90.0300,92.3200,89.9900,91.9600,2117400
20150625,88.7600,90.6200,88.7400,90.3300,1945400
20150626,88.8700,89.6300,88.5100,89.0900,2984700
20150629,86.9800,88.6700,86.9400,88.2000,1722600
20150630,87.3600,87.8900,86.7400,87.3700,2404000
20150701,88.1000,88.1300,87.6300,87.8800,2323600
20150702,87.8300,88.6500,87.7200,88.3100,2217000
20150706,86.9400,87.9800,86.4400,87.2300,1466400
20150707,87.8200,88.2100,86.1200,86.9000,2097900
20150708,85.4000,87.4900,85.1700,86.9700,1986100
20150709,85.6200,86.8100,85.6100,86.2400,1838100
20150710,86.3500,86.6900,85.9100,86.5800,1627600
20150713,86.4600,87.2100,86.1700,86.9500,1781500
20150714,86.7200,87.1700,85.8100,86.2700,3043000
20150715,86.9600,87.9800,86.8200,87.1000,2807700
20150716,85.6000,87.6800,85.4800,86.9000,1727200
20150717,85.9400,86.8300,85.6000,85.6000,1906400
20150720,86.0900,86.6300,85.7600,86.1700,1270900
20150721,85.9200,86.9700,85.5900,86.1000,1522300
20150722,85.3700,86.4500,85.0400,85.9300,1237600
20150723,83.4800,85.1700,83.1300,85.1700,1943100
20150724,82.9600,84.1400,82.6000,83.4800,2048400
20150727,82.8000,84.6700,82.3100,82.3100,2039500
20150728,84.9200,85.0600,83.0000,83.0000,2041800
20150729,85.9700,86.0400,84.4800,84.8600,2021900
20150730,85.8000,86.1100,85.5100,85.5800,2107300
20150731,84.3300,85.9100,84.1200,85.4600,2610300
20150803,83.0100,84.5300,82.6800,84.2700,2438200
20150804,83.1800,83.5700,82.4800,82.7500,6077500
20150805,82.5800,84.0200,82.4800,83.1500,2911600
20150806,81.6000,82.6600,80.9300,82.4800,2905600
20150807,81.1100,81.8500,80.8800,81.4500,2541300
20150810,82.6200,82.9600,80.9400,81.7400,2711900
20150811,80.9800,81.9600,80.4700,81.7900,1698300
20150812,81.3400,81.6800,79.9300,80.4600,1692600
20150813,81.0200,81.5200,80.8500,81.2800,1136600
20150814,81.7400,82.1300,80.7200,80.7400,1464600
20150817,82.1500,82.2100,80.9200,81.4800,1420800
20150818,82.3500,82.4800,81.8900,82.1600,1513100
20150819,81.5000,82.1000,81.1700,81.6900,1531100
20150820,79.9500,80.8400,79.7400,80.6800,2315900
20150821,77.9800,79.9400,77.9800,79.2900,3243500
20150824,74.7400,77.2900,72.1000,72.8300,3599000
20150825,72.4400,77.0600,72.4000,77.0600,2551500
20150826,74.1200,74.5000,72.6600,74.1700,2860400
20150827,77.9200,77.9300,74.9900,75.2400,3186900
20150828,79.2000,80.0500,77.5300,77.5400,3264300
20150831,77.9100,78.8300,77.7100,78.7900,1773000
20150901,75.7100,76.8800,75.3600,76.2300,2034300
20150902,76.5400,76.8600,75.5900,76.6800,2846700
20150903,77.1600,78.0000,76.5800,77.0200,1568200
20150904,76.5300,77.0400,75.8500,76.2000,1914000
20150908,78.6900,78.7200,77.7700,78.0400,1822400
20150909,78.9400,80.0000,78.5800,79.3200,3485600
20150910,79.0400,79.3000,78.0100,78.9900,3590100
20150911,79.1700,80.3100,78.8600,79.4800,2556900
20150914,78.6900,79.1900,78.5400,79.1700,2656000
20150915,80.5200,80.7600,78.7100,79.1000,1527100
20150916,81.6900,81.9100,80.3300,80.4400,2657000
20150917,81.1100,82.3000,80.9200,81.4000,2180000
20150918,78.9500,80.2600,78.7300,80.0500,3592600
20150921,79.5700,80.1600,78.6700,79.3300,1929600
20150922,77.4300,78.5400,77.0400,78.5100,1771000
20150923,76.3400,77.6300,76.0000,77.4200,1524900
20150924,75.6900,76.0900,74.7300,75.5100,2179000
20150925,75.6200,76.7600,75.3300,76.3200,2004500
20150928,74.6600,75.3700,74.5800,75.0400,1920600
20150929,74.9100,75.0600,74.3600,74.8200,1600600
20150930,76.4000,76.5000,75.2000,75.7900,1559600
20151001,77.3300,77.9700,76.6700,77.2300,1896800
20151002,79.0100,79.0500,75.9200,76.2000,1805000
20151005,79.9800,80.5400,78.0900,78.4900,2201500
20151006,79.4300,80.5200,79.3700,79.9200,1745100
20151007,81.2000,81.7100,79.7800,79.7800,2314400
20151008,82.9800,83.1700,80.9400,80.9400,1720700
20151009,82.9100,84.0000,82.1700,83.0800,2055200
20151012,80.9800,82.3700,80.0700,82.2600,2337000
20151013,79.2900,80.6600,79.2100,80.2000,1366200
20151014,78.2300,79.7100,77.6000,78.7600,1886500
20151015,79.4600,79.5900,77.9400,78.9800,1442200
20151016,78.3600,79.8000,78.0500,79.7500,1617300
20151019,77.7700,78.1800,77.3100,77.7800,1100700
20151020,78.8400,79.3800,77.3200,77.6200,1035800
20151021,78.7000,79.4600,78.5900,79.1500,1372200
20151022,80.5200,81.4900,79.2100,79.2500,1852600
20151023,81.0000,81.5200,80.3800,80.9400,1539800
20151026,80.2800,81.2700,79.9800,80.9800,1301200
20151027,77.4400,79.6900,77.2000,79.6900,3055200
20151028,81.6000,82.4300,79.2800,79.2800,3549800
20151029,81.0900,82.1600,80.7700,81.3200,2171800
20151030,80.0300,81.3900,79.9200,80.9100,1724900
20151102,80.3800,80.6200,79.0500,79.0800,1893600
20151103,80.6800,81.1500,80.1100,80.1300,1317900
20151104,80.3500,80.7100,79.8100,80.1200,2179900
20151105,80.1500,81.0200,79.7600,80.4300,1731500
20151106,79.8700,80.4600,79.1200,80.0000,1428900
20151109,88.6200,90.9600,78.4700,79.6500,8631000
20151110,88.5700,88.9600,85.7200,86.6600,4610900
20151111,88.8900,89.3800,87.7900,88.6700,2468800
20151112,88.7500,90.0000,87.4600,87.9800,2589000
20151113,88.9600,89.7900,88.3000,88.4800,1860000
20151116,88.3000,89.6500,86.9200,88.8100,2376000
20151117,86.9700,88.2300,84.1100,88.2300,2988300
20151118,92.4900,93.6900,90.4500,90.6900,8541200
20151119,96.8500,97.9000,90.8700,92.0000,5417500
20151120,97.5600,98.7500,95.0600,96.5600,4150500
20151123,95.5600,98.1400,94.9300,97.4000,3031200
20151124,94.5500,96.1700,94.2500,94.3700,1836700
20151125,95.4000,96.1700,94.1400,94.6900,1646700
20151127,95.3800,95.8400,94.9600,95.6900,638100
20151130,95.0600,95.9300,94.0200,95.3800,3061900
20151201,94.8100,95.8800,94.1500,95.2000,1611000
20151202,92.1500,94.6900,91.8300,94.4600,2772900
20151203,93.1100,93.9900,91.8600,92.0200,2426400
20151204,92.0600,92.5000,86.5900,88.9700,5803100
20151207,91.5200,94.3500,91.3600,93.7900,2766900
20151208,86.3200,89.7800,85.4400,87.9000,4932300
20151209,87.5500,88.1100,85.7600,85.9300,3031600
20151210,87.6800,88.4700,87.3000,88.3200,1840400
20151211,89.4400,89.9400,87.7600,89.1300,3170200
20151214,89.3500,90.7500,88.9000,89.6000,2338900
20151215,91.0200,91.5900,89.7100,90.1700,1609500
20151216,89.7900,91.8000,88.4800,91.3300,2226600
20151217,85.0600,89.6000,84.9100,89.5100,2554400
20151218,84.2700,85.9900,83.2300,84.5900,3228300
20151221,84.0800,85.5300,83.6900,85.1000,1306100
20151222,86.0700,86.4700,84.6100,84.8900,1043900
20151223,86.8500,87.1100,86.0000,86.6800,865300
20151224,86.7800,87.3300,86.1700,86.9000,434000
20151228,85.5900,86.9800,85.4900,86.5700,862700
20151229,85.5600,86.3100,85.5000,85.8600,829300
20151230,84.8600,85.5700,84.7800,85.5000,843300
20151231,84.5900,85.1800,84.0900,84.1600,920100
20160104,81.8100,83.6600,80.9000,83.6400,2558100
20160105,82.2700,82.5600,81.4000,81.7600,1043500
20160106,79.4800,81.7000,79.0100,81.2200,1345400
20160107,78.0000,78.8300,77.5500,78.0600,1900900
20160108,77.7900,79.0000,77.5500,78.3000,1417600
20160111,75.9700,78.3400,75.0000,78.0200,1524400
20160112,75.9300,77.3500,73.6000,76.5400,1862200
20160113,71.4400,76.4900,70.0900,76.1600,1988100
20160114,72.1500,73.6000,71.4600,71.5000,1916800
20160115,71.7700,72.0300,70.1800,70.2300,1786600
20160119,71.8500,72.5700,70.6900,72.2600,1552300
20160120,71.1800,72.3400,67.8500,70.7200,2123100
20160121,70.0700,71.3000,66.5100,70.9500,3863900
20160122,68.5900,71.6500,68.5800,71.2800,2322100
20160125,67.7300,69.3600,67.5100,68.6400,1704200
20160126,68.9000,69.3500,67.9800,68.0000,1551700
20160127,69.8900,70.7600,67.8800,68.1000,1829300
20160128,70.1100,71.4000,69.2400,69.9200,1396200
20160129,70.5000,71.4700,70.0400,70.8000,2058000
20160201,70.1900,70.5500,69.0000,70.1600,1468600
20160202,66.6000,69.5100,66.4600,69.1300,1426000
20160203,67.3200,67.6800,64.5100,66.8800,1876400
20160204,69.3700,69.9900,67.5200,67.5200,2092800
20160205,70.1400,70.6100,68.5600,69.1300,1514000
20160208,70.4900,71.5600,69.1500,69.3500,2735900
20160209,71.4200,73.3000,69.1200,69.7000,4331800
20160210,73.0200,73.6600,71.6800,72.1700,1607300
20160211,71.6700,72.2200,69.9900,71.7300,1860100
20160212,72.5600,73.5900,71.0600,71.6700,1523200
20160216,73.9900,74.3300,72.5600,72.9500,1389400
20160217,75.7700,76.0200,73.6300,74.3500,2035100
20160218,74.8300,76.2100,74.0900,75.6700,1049200
20160219,75.0000,75.5000,74.0500,74.5000,1437200
20160222,75.9600,77.1500,75.0000,75.0000,1846000
20160223,73.8700,76.9400,73.7200,76.1200,948700
20160224,73.9400,74.2400,72.0100,72.5300,781400
20160225,73.6700,74.9700,72.6400,74.2300,977900
20160226,74.7000,76.1500,73.7900,73.9500,1333000
20160229,73.1700,75.3800,73.1600,74.6900,1536800
20160301,75.3100,75.6800,73.3100,73.6900,1852600
20160302,76.4000,77.4300,75.6500,76.0700,1730500
20160303,77.0000,78.4700,76.4700,76.4700,1616500
20160304,77.4000,78.6900,77.2400,77.2500,1116300
20160307,79.7200,79.9900,76.7000,77.0400,3191600
20160308,76.3600,79.7200,75.9600,79.3700,5996200
20160309,75.7500,77.5000,75.2700,76.9700,2479000
20160310,75.7600,77.0500,74.7000,76.8600,2232000
20160311,79.0100,79.3100,76.2100,76.6700,1851400
20160314,78.9700,80.0400,78.2400,78.3100,1538100
20160315,79.0000,79.0900,77.3000,78.2700,987200
20160316,80.9900,81.4100,77.5800,78.6000,1461000
20160317,82.8000,82.9900,80.2900,80.9700,1670500
20160318,84.0200,84.5700,83.1100,83.1100,3346500
20160321,84.0400,85.2400,83.2300,83.7400,1019800
20160322,84.3000,85.2500,83.2700,83.3700,1808700
20160323,82.8600,84.5400,82.7400,84.3700,1101200
20160324,83.8700,83.9200,81.4000,82.1900,640200
20160328,81.7500,83.7800,80.8700,83.7800,1539100
20160329,82.8000,83.3300,80.4900,81.1400,874900
20160330,84.7500,86.6600,83.2400,83.3200,1814900
20160331,83.2500,84.4100,83.1500,84.4100,1576100
20160401,82.9700,83.4500,81.8400,82.4300,1391700
20160404,82.4900,84.0900,82.4200,83.1300,935200
20160405,81.2000,82.1100,80.8200,81.7500,1119600
20160406,81.1500,81.4900,79.5200,80.9400,1065600
20160407,80.1000,81.8700,79.7500,80.6900,1657100
20160408,81.4900,82.5700,80.6500,80.6500,1805400
20160411,79.2800,81.1800,78.1500,79.1200,3142900
20160412,78.7200,79.6900,78.2200,79.4400,2634100
20160413,81.1400,81.7600,79.3100,79.4400,4334200
20160414,82.1400,82.4300,81.2000,81.4900,1877400
20160415,81.6300,82.6000,81.3800,82.3200,1476100
20160418,81.5400,82.2200,80.7000,81.6000,1769200
20160419,82.7700,83.3900,82.1400,82.4300,2321200
20160420,83.1600,83.5400,82.1300,82.9600,1608300
20160421,82.6300,84.0000,82.5700,83.2700,2020300
20160422,91.3300,91.4300,88.3300,89.3100,6173300
20160425,91.3700,91.3700,89.4500,91.2500,2571300
20160426,93.0500,93.9100,90.9100,91.1600,2475300
20160427,93.2300,94.1000,92.2000,92.9900,1742800
20160428,91.9800,93.7200,91.7500,92.7900,1085500
20160429,90.1100,91.9700,89.5000,91.5700,2555900
20160502,90.7200,91.0500,89.9100,90.8200,1390100
20160503,89.1400,90.5200,88.0900,90.5200,1828000
20160504,88.8700,89.4800,87.9800,87.9800,1608000
20160505,88.9500,90.2400,88.6800,89.1500,1217800
20160506,89.6600,89.9400,87.8200,87.9600,1292500
20160509,88.2800,89.7900,87.9900,89.1700,1641600
20160510,90.3100,90.7000,88.2900,88.7200,1197200
20160511,88.8200,90.5000,88.8000,90.0700,1426800
20160512,88.1800,89.6300,87.6300,89.2200,1313300
20160513,85.9700,88.6300,85.2900,87.8100,1825000
20160516,86.2400,87.6300,86.0000,86.0000,1585000
20160517,85.8600,88.0000,85.7000,86.1100,2169500
20160518,85.5100,87.7700,84.6000,85.6500,2083100
20160519,84.3300,85.8400,83.6700,85.5200,1598900
20160520,85.4400,85.7500,84.5400,84.7900,1418800
20160523,84.6900,85.7900,84.4400,85.3600,1669600
20160524,82.2300,85.4400,81.4800,85.0000,3320100
20160525,83.3100,83.7500,82.1500,82.3000,3812500
20160526,83.8300,84.2800,82.8500,83.4600,1603700
20160527,84.0000,84.3500,83.2200,83.9400,999400
