20150529,33.4000,33.4200,32.9700,33.2600,7223700
20150601,33.1600,33.4000,32.8700,33.2700,4324900
20150602,33.3400,33.5800,32.9800,33.0400,5554400
20150603,33.2400,33.8300,33.2100,33.4000,3286400
20150604,33.8700,33.8700,32.9400,33.0100,5443100
20150605,33.9400,34.0000,33.5200,33.8700,5040000
20150608,33.1600,33.9800,32.9200,33.9500,4179200
20150609,33.1000,33.3900,32.9700,33.2900,4099600
20150610,33.5400,33.9200,33.1800,33.9200,5439200
20150611,33.6800,33.9600,33.4000,33.5400,3124800
20150612,33.4800,33.6100,33.2700,33.4800,2830400
20150615,33.5500,33.6100,32.9700,33.3500,3633000
20150616,33.5500,33.7300,33.3000,33.4500,2460100
20150617,33.7800,33.9200,33.5600,33.6500,3019600
20150618,33.7700,34.0700,33.7200,33.8100,3325400
20150619,33.9300,34.0000,33.6800,33.8200,6715600
20150622,34.3900,34.4800,33.9400,34.0000,3570800
20150623,34.5500,34.7200,34.1600,34.1600,3909200
20150624,33.1800,34.5100,33.0900,34.4700,5315600
20150625,32.6500,33.2800,32.4600,33.2000,6071000
20150626,32.3600,32.8400,32.2400,32.6200,4692400
20150629,31.6800,32.3700,31.6300,32.0400,4804800
20150630,31.5600,31.9900,31.4200,31.8800,3358100
20150701,31.5900,32.2800,31.4600,32.2800,2781900
20150702,31.5000,31.7200,31.3800,31.5000,2802100
20150706,31.3000,31.4900,31.1000,31.2200,2857100
20150707,31.6000,31.6300,30.9100,31.4400,3726200
20150708,30.6000,31.6200,30.5100,31.6200,4466000
20150709,30.3500,30.9900,30.2600,30.7300,4697700
20150710,30.6000,30.9200,30.4000,30.7400,2364900
20150713,30.9100,30.9700,30.5000,30.6900,2656400
20150714,30.8900,31.1000,30.7200,30.9700,2913200
20150715,31.1400,31.4000,30.9300,31.2100,4241100
20150716,31.2200,31.3700,31.0600,31.1400,3851100
20150717,31.1400,31.2100,30.9700,31.1700,3505100
20150720,30.9400,31.2900,30.8700,31.1900,4063200
20150721,30.8900,30.9200,30.2500,30.8400,3298600
20150722,31.1500,31.2500,30.4200,30.6800,3544400
20150723,31.4000,32.1800,31.1100,31.2300,4704000
20150724,31.1000,31.6200,31.0300,31.4600,3067800
20150727,30.8000,31.0300,30.6200,30.8700,3924500
20150728,30.9500,31.1100,30.7700,31.0000,4003800
20150729,30.9600,31.1700,30.8100,30.8900,3509100
20150730,31.5700,31.6400,30.8400,30.9000,2484400
20150731,31.1500,31.6200,31.1000,31.6200,2641900
20150803,30.6900,31.4500,30.5700,31.1700,1839400
20150804,30.5800,30.7600,30.4400,30.6400,2128300
20150805,30.8700,31.2400,30.5500,30.8600,3243400
20150806,30.6900,31.0000,30.5200,30.9600,2813500
20150807,30.5200,30.8900,30.4700,30.5900,1911100
20150810,31.5000,31.6800,30.7500,30.7500,2843600
20150811,30.7100,31.3600,30.5600,31.3500,1968000
20150812,30.9900,30.9900,30.2800,30.5500,2918000
20150813,30.6200,31.0600,30.5400,30.9400,2008700
20150814,30.7500,30.8000,30.4500,30.4500,2415700
20150817,30.5400,30.5600,30.0000,30.2500,3448000
20150818,30.2800,30.7300,29.9200,30.4000,3342100
20150819,29.7800,30.2700,29.5400,30.2000,6541300
20150820,30.7800,32.2900,30.4800,31.9800,14103300
20150821,30.2100,31.1900,30.2100,30.4400,7086200
20150824,29.8700,29.8700,28.8800,28.9600,9015800
20150825,29.0700,30.5100,29.0500,30.5100,6646300
20150826,30.5800,30.6400,29.4600,29.6400,5517600
20150827,31.3900,31.4400,30.7300,30.8500,4360500
20150828,31.6200,31.8400,31.3100,31.3400,3294400
20150831,31.9600,32.0400,31.4100,31.5200,4870500
20150901,30.9600,31.2800,30.8000,31.0700,4465100
20150902,31.2700,31.4500,30.8900,31.4200,2848400
20150903,31.1900,31.6900,31.1200,31.2700,3113000
20150904,30.5700,30.9500,30.5200,30.7500,3484000
20150908,31.4900,31.5500,30.7800,30.9000,3501500
20150909,31.1200,31.9500,31.0700,31.7300,2495300
20150910,31.3600,31.6400,30.9500,31.0700,2416800
20150911,31.5800,31.5900,31.0500,31.1800,1930100
20150914,31.1400,31.6200,31.0500,31.6200,2103700
20150915,32.1900,32.2200,31.2200,31.3800,3790400
20150916,32.3600,32.4800,31.9100,32.0200,2060400
20150917,32.2100,32.7300,32.1600,32.3400,2754900
20150918,31.3600,32.1200,31.1800,31.8100,7859100
20150921,31.2200,31.7200,31.1500,31.4300,2690900
20150922,30.0700,30.3900,29.7400,30.2900,5679300
20150923,29.7000,30.1800,29.5400,30.1400,2588000
20150924,29.4900,29.8900,29.1100,29.5000,3338700
20150925,29.5700,29.7000,29.3700,29.5800,4860400
20150928,29.1000,29.6600,29.0900,29.3600,3042800
20150929,28.9500,29.7300,28.8100,29.2500,3255900
20150930,29.6000,29.7300,28.7500,29.2000,4669200
20151001,29.2400,29.7500,28.8700,29.6500,3108500
20151002,29.9300,29.9300,28.8500,28.8900,2737800
20151005,30.8900,30.9500,30.1200,30.1800,2336700
20151006,31.3300,31.5800,30.8400,30.8400,2896400
20151007,31.5300,31.7700,31.0700,31.3400,3386500
20151008,32.2700,32.2800,31.4600,31.6200,3788800
20151009,33.1600,33.2000,32.3000,32.3000,4768200
20151012,33.3700,33.6600,32.6800,33.5700,4380100
20151013,33.4300,33.8700,32.9000,33.1000,3464600
20151014,33.8800,33.9500,33.4200,33.4600,3204400
20151015,33.7800,33.7800,33.3700,33.6300,3037400
20151016,33.8200,33.8300,33.4800,33.7900,2324400
20151019,33.6800,33.9200,33.6000,33.7400,1625900
20151020,33.7200,33.8400,33.5000,33.5300,2017800
20151021,33.4000,33.8500,33.3200,33.7800,2947400
20151022,34.3800,34.4000,33.3400,33.5600,2748300
20151023,34.6700,34.8100,34.2200,34.5000,2917700
20151026,33.1500,34.0300,33.1100,33.9200,3371900
20151027,33.3600,33.5400,32.8600,32.9700,3926400
20151028,34.0600,34.0800,33.3800,33.5600,2682200
20151029,33.7600,34.0700,33.6100,33.7300,1732000
20151030,34.0000,34.0900,33.3900,33.9700,1900700
20151102,34.3800,34.3900,33.8600,33.9300,2187500
20151103,34.4900,34.7300,34.1800,34.2800,2015100
20151104,33.8200,34.5300,33.7700,34.4900,2833700
20151105,34.2000,34.6000,33.9300,33.9500,3309700
20151106,34.4000,34.4400,33.8800,33.9600,2313500
20151109,34.1400,34.3800,33.9600,34.3100,2221600
20151110,33.3300,34.0300,33.2100,34.0100,2433100
20151111,32.4300,33.5100,32.3100,33.4800,3901600
20151112,31.8400,32.4400,31.6900,31.6900,4147500
20151113,31.3100,31.8700,30.8300,31.3800,3980200
20151116,31.4900,31.6500,31.1800,31.2800,2793700
20151117,31.3000,31.9400,31.1400,31.4800,3816400
20151118,31.0400,31.4700,30.7600,31.2000,5732500
20151119,30.9700,31.4800,30.1200,31.3500,7206400
20151120,31.0500,31.2500,30.5000,31.1200,3363800
20151123,31.0100,31.5900,30.9300,31.1100,2370600
20151124,30.9300,31.1000,30.6900,30.8100,2043800
20151125,30.7600,31.0100,30.7100,30.9900,1864700
20151127,30.6900,30.9000,30.5900,30.7700,949200
20151130,30.6600,30.9800,30.6100,30.7300,2915300
20151201,30.9700,31.0000,30.2200,30.2900,2472900
20151202,30.9300,31.1300,30.7000,30.8500,2526000
20151203,30.8600,31.0300,30.3800,31.0200,4044200
20151204,31.2800,31.3100,30.6200,30.8900,3214400
20151207,31.5300,31.6400,31.2000,31.3000,5269700
20151208,31.0800,31.3900,31.0100,31.2500,3618200
20151209,30.1200,31.1800,30.0200,31.0200,3218800
20151210,30.1900,30.5000,29.8500,30.1200,3178100
20151211,29.0600,29.7100,28.9400,29.5400,3367600
20151214,28.6700,29.3700,28.3000,29.3700,4687000
20151215,28.5700,29.0100,28.5200,28.9200,6816500
20151216,28.9400,29.2800,28.5300,28.5800,3661800
20151217,28.3000,29.0600,28.0800,29.0600,3896800
20151218,27.6000,28.2700,27.4100,28.0900,7834700
20151221,27.6000,27.8400,27.4400,27.8400,3198300
20151222,26.2300,26.8000,25.2100,25.6600,10491000
20151223,26.5200,26.9100,26.2800,26.3200,5506200
20151224,26.5200,27.1600,26.4600,26.6600,2460100
20151228,26.5700,26.7700,26.1700,26.4900,3527300
20151229,26.8800,26.9700,26.5000,26.6400,3206900
20151230,26.8700,27.0100,26.7800,26.7800,3003500
20151231,26.5300,26.8700,26.5300,26.8200,3371200
20160104,26.0200,26.2400,25.8100,26.1600,4495600
20160105,25.4000,26.1800,25.3600,26.0900,4239200
20160106,24.6900,25.1000,24.6100,24.8000,3794200
20160107,23.3700,24.4600,23.1500,24.1500,6396000
20160108,23.0000,23.5700,22.9300,23.4600,4284500
20160111,22.9800,23.2100,22.4700,23.2000,4001200
20160112,22.6000,23.3000,22.3000,23.2000,4090100
20160113,22.5200,23.3100,22.3800,22.7600,6178200
20160114,23.2200,23.4300,22.6400,22.6500,5989100
20160115,22.2500,22.5100,21.4600,22.3300,6811300
20160119,21.4500,22.5800,21.2900,22.5600,5330700
20160120,21.3500,21.5600,20.6600,21.1700,3787700
20160121,21.3500,21.8100,21.1100,21.4700,3499900
20160122,21.5100,22.1400,21.3400,21.7900,3072500
20160125,21.2200,21.5800,21.1800,21.5600,3262500
20160126,22.0300,22.0700,21.2500,21.2600,5272000
20160127,21.3100,22.2400,21.2400,21.9300,3733200
20160128,21.4800,21.6200,21.2500,21.5200,4166000
20160129,21.9300,22.3800,21.3900,21.6600,5123700
20160201,21.8600,21.9000,21.3800,21.6900,3820000
20160202,21.5600,21.9600,21.5100,21.6900,3855500
20160203,22.2000,22.3600,21.3200,22.1400,3973600
20160204,22.5800,23.1500,21.4700,21.7600,3617800
20160205,22.6400,23.0800,22.4400,22.5700,4058200
20160208,22.3500,22.5900,22.0300,22.3300,4213800
20160209,22.0400,22.6400,22.0000,22.0700,3523300
20160210,22.3800,22.8700,22.1000,22.2600,4240700
20160211,21.7300,22.0400,21.2200,21.9600,5544500
20160212,21.8900,22.0600,20.8900,21.1800,5065400
20160216,23.0900,23.1400,21.8800,22.0800,5391800
20160217,23.5500,23.6600,23.1600,23.2100,5951000
20160218,23.9300,24.3300,22.9000,22.9700,9829200
20160219,24.6400,24.8000,23.7000,23.9100,7297900
20160222,24.9700,25.4600,24.8700,24.8700,4689300
20160223,24.3200,24.8900,24.2900,24.7600,4653800
20160224,24.9900,25.0500,23.8800,24.1400,4542500
20160225,24.6300,24.9700,24.4400,24.9700,4072100
20160226,25.1200,25.5600,24.3800,24.8800,3668000
20160229,24.8400,25.1400,24.8000,25.0400,4221200
20160301,25.5400,25.7900,24.8900,25.0400,3006500
20160302,25.6900,25.8500,25.1800,25.4800,2731300
20160303,26.0700,26.1700,25.4300,25.7600,3092400
20160304,26.0000,26.3700,25.7200,26.1400,4322500
20160307,26.8700,27.2500,25.5600,25.8200,5915800
20160308,25.9500,26.7300,25.8800,26.5900,3069200
20160309,26.1700,26.5700,26.0900,26.1500,4162700
20160310,26.3300,26.5900,25.7700,25.7700,3333300
20160311,27.0600,27.0700,26.1900,26.6200,4003800
20160314,26.6100,27.0800,26.3700,26.7800,3491500
20160315,25.8300,26.5400,25.6600,26.4900,3133300
20160316,26.2900,26.3700,25.4600,25.6800,2137400
20160317,26.6600,26.7600,26.2700,26.3800,2107300
20160318,27.2400,27.5100,26.5200,26.7800,4171900
20160321,26.7900,27.0000,26.5200,26.5800,3301700
20160322,27.1500,27.2700,26.5200,26.5700,2397500
20160323,26.3800,27.2000,26.2700,27.1900,2044300
20160324,26.3400,26.4400,25.6600,26.2600,1845000
20160328,26.4800,26.7500,26.3500,26.3900,1563200
20160329,27.2600,27.3000,26.1000,26.3500,2625700
20160330,26.6600,27.5000,26.3900,27.3600,3164200
20160331,27.2900,27.3000,26.6600,26.7100,3149700
20160401,26.9700,27.1900,26.5900,26.9900,2813200
20160404,26.6200,26.8900,26.5300,26.8900,1777600
20160405,26.6300,26.8300,26.2200,26.5000,2792000
20160406,26.5600,26.6000,25.9300,26.5000,3225900
20160407,25.7200,26.5300,25.5400,26.3500,3185900
20160408,25.8100,26.4000,25.7100,25.9700,2046200
20160411,26.1200,26.5700,25.6400,25.9100,2064200
20160412,26.1300,26.3000,25.7000,26.1300,2003100
20160413,26.7000,26.7000,26.2400,26.3200,2180500
20160414,25.6400,26.2900,25.2200,26.2900,3447700
20160415,25.1200,25.6400,25.0600,25.6400,3158500
20160418,24.7800,24.8300,24.3200,24.5500,4765800
20160419,24.4400,25.1200,24.3900,24.9300,3233200
20160420,24.1200,24.3800,23.4400,24.3000,5518600
20160421,24.1100,24.3000,24.0900,24.1700,2849300
20160422,24.2400,24.6900,24.0900,24.1400,2346100
20160425,24.5200,24.6000,24.1000,24.1100,2706000
20160426,24.5300,24.7600,24.4600,24.5400,2715000
20160427,24.7300,24.7500,24.3600,24.4600,2302800
20160428,24.3100,24.6900,24.2800,24.6500,2582700
20160429,23.6400,24.1700,23.3800,24.1700,3860800
20160502,23.3000,23.7900,23.2000,23.6900,2395100
20160503,23.0000,23.1600,22.7600,23.1600,2824800
20160504,22.9000,23.0300,22.7500,22.8700,2729600
20160505,22.8200,23.1000,22.7700,22.9800,3249000
20160506,23.1500,23.2400,22.5000,22.7000,2722300
20160509,23.0100,23.2100,22.9200,23.1900,2126300
20160510,23.4700,23.4700,23.0100,23.1600,2204900
20160511,23.3300,23.6000,23.2300,23.4600,2378100
20160512,22.9900,23.5400,22.8300,23.4700,2753100
20160513,23.0400,23.3400,22.7500,22.8800,2632400
20160516,23.3900,23.5000,22.8700,23.0000,1860100
20160517,23.5900,23.8900,23.2600,23.3500,2573300
20160518,23.8300,23.9500,23.5100,23.6200,2376400
20160519,23.4000,23.7800,23.2500,23.6200,2056700
20160520,24.2200,24.2700,23.4300,23.4300,2761100
20160523,24.6900,24.7300,24.1800,24.2100,2989100
20160524,25.2100,25.3200,24.7900,24.7900,4204500
20160525,25.5200,26.3100,25.3100,25.3100,5622800
20160526,24.9000,25.1200,23.5000,23.6100,8044700
20160527,25.3100,25.6400,24.9400,25.0700,4568200
