20150529,14.9500,15.1300,14.9100,15.0600,887400
20150601,15.0000,15.0600,14.8600,14.9700,601200
20150602,14.9100,15.0400,14.8600,14.9400,706300
20150603,14.9400,15.0300,14.8600,14.9400,495700
20150604,14.7200,14.9400,14.6900,14.8900,605900
20150605,14.6400,14.7300,14.5600,14.7300,781100
20150608,14.5700,14.6800,14.5500,14.5900,613600
20150609,14.3000,14.6000,14.2900,14.6000,866700
20150610,14.2900,14.4600,14.2500,14.3300,1272400
20150611,14.2600,14.3700,14.2200,14.3700,859100
20150612,14.1800,14.2800,14.0700,14.2400,752600
20150615,14.0500,14.2000,14.0300,14.1500,644200
20150616,13.9900,14.1000,13.9900,14.0500,544700
20150617,13.9500,14.1300,13.8800,13.9900,744500
20150618,14.2300,14.3200,14.0400,14.0400,1145000
20150619,14.5800,14.6600,14.1700,14.1700,1702100
20150622,14.6800,14.8000,14.6300,14.6400,806300
20150623,14.6600,14.8000,14.6600,14.6800,1188800
20150624,14.4700,14.7600,14.4400,14.6400,1724900
20150625,14.3400,14.5400,14.3300,14.4800,1389500
20150626,14.6200,14.7400,14.2700,14.4100,8440600
20150629,14.0300,14.6100,14.0200,14.5400,1247600
20150630,14.2400,14.3000,13.9100,14.0900,1557200
20150701,14.3000,14.4000,14.2200,14.3500,1063600
20150702,14.2100,14.6500,14.2000,14.3600,1097800
20150706,13.8300,14.0900,13.7900,14.0500,2606800
20150707,14.0300,14.0600,13.6400,13.8300,1439600
20150708,13.8100,13.9900,13.7700,13.9400,1055600
20150709,13.7500,14.0200,13.7400,13.9200,1022900
20150710,13.8300,13.9700,13.7600,13.8500,425900
20150713,14.0000,14.0800,13.9000,13.9100,1106400
20150714,14.0200,14.0400,13.9100,13.9600,472000
20150715,14.1000,14.1100,13.9500,14.0200,822900
20150716,14.2900,14.2900,14.1400,14.1700,619500
20150717,14.3500,14.4200,14.2300,14.3500,893000
20150720,14.4800,14.4900,14.3100,14.4000,571600
20150721,14.2400,14.4600,14.2200,14.4300,740500
20150722,14.2600,14.3600,14.1200,14.2100,972200
20150723,14.4100,14.4100,14.1600,14.2500,922000
20150724,14.4300,14.4700,14.2100,14.4000,1434700
20150727,14.3500,14.6200,14.3000,14.4000,1272100
20150728,14.2900,14.4500,14.0000,14.4500,688800
20150729,14.3400,14.3800,14.1700,14.2600,1447800
20150730,14.2900,14.3200,14.1300,14.2800,901200
20150731,14.2700,14.4500,14.2300,14.3400,702600
20150803,14.0600,14.3300,14.0000,14.3300,1018100
20150804,14.1300,14.3100,14.0200,14.0500,629400
20150805,14.2000,14.2800,14.0800,14.2200,1037800
20150806,13.7100,14.2200,13.4600,14.2200,1560500
20150807,13.8300,13.8400,13.5000,13.6400,431500
20150810,14.0200,14.0600,13.7800,13.8800,682700
20150811,13.7400,14.0000,13.6400,13.9400,1136400
20150812,13.8500,13.9800,13.4900,13.5900,1230000
20150813,14.8900,15.6200,14.4400,14.4400,1712500
20150814,14.9100,15.0100,14.8200,14.8500,1362200
20150817,15.0600,15.0900,14.8800,14.8800,1247800
20150818,14.9800,15.0900,14.9200,15.0000,1000300
20150819,14.8900,15.0300,14.7400,14.9800,895400
20150820,14.1700,14.7800,14.1500,14.7500,1032000
20150821,13.8700,14.2500,13.8500,14.1000,2112700
20150824,13.0400,13.2500,12.6200,13.1000,3264900
20150825,13.1700,13.6800,13.1000,13.4800,4156100
20150826,13.4300,13.5900,13.0300,13.4800,2289100
20150827,13.8100,13.8700,13.4800,13.5800,1585500
20150828,14.0200,14.1000,13.7500,13.7500,1300400
20150831,13.8300,13.9400,13.6700,13.9300,1245000
20150901,13.3100,13.6000,13.2100,13.5800,2551200
20150902,13.3300,13.7500,13.1900,13.4600,2068100
20150903,13.5800,13.7400,13.2500,13.3300,1266300
20150904,13.0900,13.4600,13.0500,13.3800,1215000
20150908,13.4600,13.5100,13.2600,13.3400,1508200
20150909,13.3300,13.6600,13.3000,13.5600,1315100
20150910,13.1500,13.3800,13.1100,13.2900,1327300
20150911,13.1500,13.1700,13.0100,13.0800,966500
20150914,12.9000,13.0700,12.8300,13.0600,1234200
20150915,12.9800,13.0500,12.8100,12.9300,936700
20150916,13.0000,13.0600,12.8500,12.9900,1358600
20150917,13.1500,13.4700,12.8600,12.9600,3200800
20150918,12.8300,13.2600,12.7900,13.2600,18792600
20150921,12.9000,13.2200,12.8600,12.8800,2148300
20150922,12.9100,13.0100,12.6900,12.7300,3045300
20150923,12.8300,12.9400,12.7300,12.9000,1316600
20150924,12.8800,12.9600,12.7100,12.7100,1146300
20150925,12.8600,13.0000,12.7900,13.0000,1250800
20150928,12.4400,13.0000,12.4300,13.0000,1776300
20150929,12.4200,12.6100,12.3300,12.4700,1078500
20150930,12.8200,12.8300,12.4200,12.6200,1144200
20151001,12.8700,13.0700,12.6500,12.8500,1287900
20151002,13.1400,13.1400,12.2400,12.2500,1408300
20151005,13.4800,13.5200,13.2200,13.2600,1144600
20151006,13.5500,13.6500,13.3800,13.4400,1668400
20151007,13.6900,13.8300,13.5300,13.5700,1622700
20151008,14.1000,14.1000,13.6600,13.6600,1436000
20151009,14.1100,14.1600,13.9000,14.0900,1009300
20151012,14.0900,14.2000,14.0000,14.0900,728700
20151013,14.0300,14.2100,13.9700,14.0500,509300
20151014,14.1900,14.2500,13.9700,14.0600,834100
20151015,14.4500,14.4600,14.0900,14.2200,1025300
20151016,14.6700,14.7000,14.1800,14.5100,664900
20151019,14.7600,14.7700,14.5300,14.5700,928900
20151020,14.7900,14.8200,14.6400,14.7500,814500
20151021,14.4200,14.8500,14.4100,14.8200,827600
20151022,14.8400,14.8700,14.4200,14.5300,987100
20151023,15.1500,15.1600,14.8200,14.9100,1095200
20151026,14.8500,15.2000,14.6100,15.1500,833300
20151027,14.7300,14.8100,14.5500,14.7600,1296000
20151028,15.0200,15.0300,14.6400,14.8300,1489900
20151029,15.1700,15.2400,14.6400,14.9800,989100
20151030,15.4800,15.5100,15.0200,15.2100,1418000
20151102,15.6900,15.7400,15.2500,15.4700,1062400
20151103,15.5700,15.7200,15.4300,15.6200,893400
20151104,15.6100,15.6700,15.3900,15.6300,1336700
20151105,15.3900,15.6200,15.3500,15.5700,1161100
20151106,15.1400,15.6000,14.8000,15.4200,1701700
20151109,14.6800,15.0600,14.5100,15.0600,1784100
20151110,14.6400,14.7200,14.5000,14.6300,840200
20151111,14.5900,14.7500,14.4800,14.6800,1126900
20151112,14.2800,14.7300,14.2500,14.4500,1294000
20151113,13.9600,14.2700,13.9300,14.2700,1416900
20151116,14.2600,14.2800,13.8800,13.9700,952200
20151117,14.2300,14.4300,14.0000,14.2400,677000
20151118,14.3600,14.3700,14.1900,14.3000,678200
20151119,14.2600,14.4000,14.1600,14.3600,1111200
20151120,14.4200,14.4700,14.2400,14.3300,911800
20151123,14.4600,14.6300,14.2600,14.4200,574400
20151124,14.6000,14.6100,14.3700,14.4000,704700
20151125,14.6000,14.6300,14.4800,14.6200,547000
20151127,14.3700,14.6600,14.3200,14.6100,286000
20151130,14.4600,14.5200,14.2900,14.3900,1065800
20151201,14.7800,14.8000,14.5100,14.5600,624600
20151202,14.6100,14.8000,14.5500,14.7700,731000
20151203,14.0400,14.6900,13.8300,14.6100,1904100
20151204,14.3100,14.3300,13.9600,14.0800,827200
20151207,14.1700,14.3100,14.1000,14.2600,863000
20151208,13.7900,14.0300,13.7600,13.9900,685000
20151209,13.8200,14.0700,13.6900,13.7100,1177200
20151210,14.1100,14.2200,13.7800,13.7800,870000
20151211,13.6600,13.9500,13.6000,13.8700,609100
20151214,13.6400,13.7500,13.4800,13.7200,1187800
20151215,13.8100,14.0000,13.6800,13.7700,875600
20151216,14.0800,14.1700,13.8300,13.8900,1000700
20151217,13.7500,14.1600,13.7500,14.1000,972300
20151218,13.6200,13.7900,13.5500,13.6800,2137800
20151221,13.8300,13.8500,13.5600,13.7100,1550200
20151222,13.8500,13.9400,13.7100,13.8900,1008100
20151223,14.2500,14.3100,13.9400,13.9800,1544300
20151224,14.2300,14.4500,14.2200,14.2600,455400
20151228,14.0600,14.4500,13.8800,14.1400,489300
20151229,14.2900,14.3400,14.1400,14.1400,644200
20151230,14.1000,14.3700,14.0600,14.2200,580800
20151231,13.9600,14.1000,13.9400,14.0300,564800
20160104,13.6700,13.7300,13.5500,13.7100,1400000
20160105,13.1100,13.7100,13.0600,13.6600,2102000
20160106,13.2300,13.3200,12.8200,12.9000,1916000
20160107,13.0100,13.1300,12.9000,12.9600,1825500
20160108,13.0100,13.1500,12.9000,13.1200,1434600
20160111,12.6600,13.1000,12.5000,13.0700,1731500
20160112,12.8300,12.9000,12.6400,12.7900,832700
20160113,12.5300,12.9500,12.4600,12.8800,901100
20160114,13.0900,13.1700,12.5400,12.5800,1158600
20160115,12.8100,13.0400,12.6100,12.6900,1583000
20160119,12.7300,12.9700,12.4900,12.9700,1064800
20160120,12.4800,12.6300,12.1300,12.5500,1552900
20160121,12.7200,12.9100,12.3900,12.5100,653200
20160122,13.0400,13.0700,12.8700,12.9600,1106100
20160125,12.8300,13.0500,12.7800,12.9700,818900
20160126,13.1600,13.1800,12.7800,12.9100,773800
20160127,13.0600,13.3300,12.9900,13.1000,666200
20160128,13.1800,13.3000,12.9000,13.2200,596400
20160129,13.3500,13.3900,13.1900,13.2500,716700
20160201,13.1200,13.3300,12.8800,13.1900,850300
20160202,12.5700,12.9800,12.5000,12.9800,898600
20160203,12.6900,12.8500,12.3500,12.7000,1637200
20160204,12.7800,12.9900,12.6600,12.6600,2195600
20160205,11.9200,12.3600,11.5100,12.3600,5496100
20160208,11.2600,11.8100,10.9600,11.7300,2870500
20160209,11.0900,11.2900,10.9600,11.0800,1922700
20160210,11.1300,11.4100,11.1100,11.1200,1427000
20160211,10.8900,11.1200,10.7400,11.1200,1162000
20160212,11.2700,11.2900,11.0300,11.0400,2223700
20160216,11.5400,11.6600,11.3100,11.4600,1238800
20160217,11.6000,11.8400,11.5100,11.6800,1171600
20160218,11.4500,11.6400,11.4300,11.6400,965100
20160219,11.5900,11.6800,11.3300,11.4500,1933800
20160222,11.7500,11.8200,11.6400,11.7400,600200
20160223,11.6200,11.8400,11.6000,11.6800,1435700
20160224,11.5500,11.5700,11.3800,11.4400,689300
20160225,11.4900,11.5900,11.3000,11.5700,904900
20160226,11.5800,11.6600,11.4600,11.5700,496900
20160229,11.4100,11.6300,11.4100,11.5800,837100
20160301,11.4000,11.5300,11.3000,11.4900,920400
20160302,11.5700,11.5800,11.3500,11.3600,650200
20160303,11.5800,11.6000,11.4200,11.5700,787300
20160304,11.7300,11.8100,11.4900,11.6400,1256400
20160307,11.9500,11.9900,11.5800,11.5800,623600
20160308,11.5900,11.9500,11.5700,11.9100,843700
20160309,11.8400,12.0200,11.6300,11.6600,1154400
20160310,11.7300,11.9100,11.5500,11.8600,792400
20160311,12.4000,12.4000,11.7000,11.8600,750500
20160314,12.1500,12.3900,12.0400,12.3500,815900
20160315,12.2900,12.3200,11.9600,12.0500,1308100
20160316,12.7800,12.8000,12.2200,12.2700,3958400
20160317,13.1000,13.2800,12.7900,12.7900,901000
20160318,12.9100,13.2800,12.8800,13.1600,1202200
20160321,13.0100,13.0500,12.8300,12.9000,515400
20160322,13.2000,13.2200,12.9200,12.9200,979000
20160323,13.0200,13.3000,13.0100,13.1800,1790300
20160324,13.0500,13.0600,12.8200,12.9100,662600
20160328,13.3600,13.3900,13.0400,13.1100,864900
20160329,13.4000,13.4500,13.1800,13.3200,463500
20160330,13.2500,13.4900,13.1300,13.4600,1201900
20160331,13.2500,13.3700,13.1900,13.2600,557700
20160401,13.5300,13.5500,13.0000,13.1400,577000
20160404,13.2100,13.5100,13.2100,13.5100,915700
20160405,13.0500,13.1900,13.0100,13.0600,560900
20160406,13.2500,13.2800,12.9500,13.0800,986500
20160407,12.9900,13.2500,12.8900,13.1900,1098800
20160408,12.7700,13.0900,12.7300,13.0900,1552300
20160411,12.7200,12.9000,12.7200,12.7800,469200
20160412,12.9100,12.9800,12.7500,12.7600,474400
20160413,13.0900,13.1000,12.9300,12.9700,617500
20160414,13.1800,13.3200,13.1500,13.1500,795800
20160415,13.1000,13.1900,13.0000,13.1700,534900
20160418,12.9200,13.0900,12.8800,13.0300,855600
20160419,12.9800,13.1200,12.8200,12.9200,473000
20160420,12.9700,13.1200,12.9600,12.9800,531900
20160421,13.2100,13.3500,12.9900,12.9900,848900
20160422,13.3000,13.3700,13.1900,13.1900,879200
20160425,13.0800,13.3000,13.0200,13.2800,666000
20160426,13.2700,13.3300,13.0200,13.0800,594500
20160427,13.1900,13.3900,13.0900,13.2600,747900
20160428,13.0700,13.3100,13.0100,13.0900,666200
20160429,12.9600,13.0900,12.7600,13.0300,732900
20160502,13.1800,13.2500,12.9400,12.9800,659900
20160503,12.8300,13.1100,12.7700,13.0500,660200
20160504,12.6900,12.8300,12.6400,12.7500,777900
20160505,12.7300,12.7700,12.6200,12.7700,449400
20160506,13.1600,13.1800,12.4100,12.7300,1411100
20160509,12.7200,13.1400,12.5700,13.1000,726100
20160510,12.7700,12.8000,12.6200,12.7900,535100
20160511,12.6300,12.7400,12.5200,12.6700,998200
20160512,12.3500,12.6800,12.3100,12.6600,764000
20160513,12.0500,12.4200,12.0400,12.3100,801500
20160516,12.1800,12.2100,12.0500,12.1000,769300
20160517,12.0900,12.3300,12.0800,12.1200,666300
20160518,12.0000,12.1000,11.7700,12.0300,1634600
20160519,11.9400,12.0300,11.9000,11.9500,1106500
20160520,12.2500,12.3200,11.8300,12.0000,956800
20160523,12.1200,12.3800,12.1000,12.2700,639300
20160524,12.2200,12.2400,12.1100,12.1800,748000
20160525,12.4100,12.4700,12.2500,12.2500,544400
20160526,12.2400,12.4600,12.2300,12.4000,681100
20160527,12.3000,12.3300,12.1900,12.2400,749100
