20150529,45.5700,46.1500,45.5300,46.0800,2932300
20150601,45.9100,46.0900,45.5400,45.7100,1681500
20150602,45.8000,45.9200,45.4000,45.8300,1654900
20150603,45.2500,45.7300,45.1200,45.5800,2310700
20150604,45.6000,45.7800,44.7200,45.2100,2878200
20150605,45.2500,45.7800,44.6500,44.9500,4113900
20150608,45.6200,45.9700,45.3300,45.3300,2290900
20150609,45.0100,45.7900,44.9500,45.5000,1533700
20150610,45.1600,45.5700,44.6700,45.1600,1619700
20150611,45.5900,45.8400,45.3500,45.5200,1448400
20150612,45.3400,45.6800,45.2600,45.5200,1367700
20150615,45.0700,45.5200,45.0500,45.3900,1292100
20150616,45.3100,45.4000,45.0300,45.1900,1377500
20150617,45.9200,46.0100,45.1000,45.3800,1765200
20150618,46.6400,47.0500,46.0500,46.0500,1983700
20150619,46.0700,46.6100,46.0700,46.5600,3243300
20150622,45.4900,46.3200,45.4500,46.1800,1704400
20150623,45.1100,45.5200,44.9200,45.5200,1461300
20150624,44.7800,45.3100,44.7100,45.1300,1194300
20150625,44.4200,45.0500,44.2300,44.7800,2018800
20150626,44.9400,45.0400,44.3000,44.4300,1436300
20150629,44.3700,45.2400,44.3500,44.7600,1703900
20150630,44.3900,44.9900,44.3500,44.6000,1915900
20150701,45.1000,45.1000,44.2000,44.4700,1966000
20150702,45.3900,46.1900,45.2600,45.5000,1698900
20150706,45.9300,46.0200,45.1700,45.1700,1886200
20150707,46.3300,46.6100,45.8500,46.1300,2406000
20150708,46.2700,46.4300,46.0500,46.1500,1615500
20150709,45.9500,46.6800,45.8100,46.5000,1727800
20150710,46.3600,46.6300,45.9100,46.1000,1684800
20150713,46.1600,46.8500,45.7900,46.4300,1722200
20150714,46.4500,46.5000,46.0100,46.3300,1173200
20150715,46.7100,46.7600,46.2400,46.2900,1170700
20150716,47.2000,47.2200,46.6300,46.8500,1282000
20150717,46.9900,47.3100,46.8300,47.2000,1229500
20150720,47.1900,47.1900,46.6600,46.8600,945900
20150721,47.0000,47.4000,47.0000,47.1300,1536600
20150722,47.2700,47.4000,47.0600,47.0600,1057900
20150723,46.7800,47.2500,46.4800,47.2000,1410600
20150724,47.0800,47.2700,46.6700,46.7000,1450000
20150727,47.2200,47.5000,46.9900,46.9900,1571100
20150728,47.4200,47.6800,47.0700,47.2800,1694500
20150729,47.8300,47.9400,47.1000,47.4000,1681700
20150730,47.6100,47.9900,47.2100,47.5000,1620000
20150731,48.2900,48.4600,47.8500,47.9000,3067100
20150803,48.7800,48.8300,48.1500,48.2800,1575300
20150804,48.1400,48.8800,48.0400,48.5000,1526600
20150805,47.3800,48.2200,47.0500,48.0400,1869200
20150806,47.5300,47.6500,46.9500,47.3200,1807300
20150807,47.4600,47.5600,46.9700,47.5000,1861100
20150810,47.3600,47.6400,47.1600,47.6300,1171000
20150811,47.4500,47.8300,47.1400,47.2000,1363500
20150812,47.6200,47.6700,47.1500,47.3800,1750000
20150813,47.5400,47.7700,47.1000,47.6800,1642900
20150814,47.8400,47.8500,47.2700,47.5600,1191600
20150817,48.0200,48.0900,47.5200,47.6100,1274600
20150818,48.4600,48.4600,47.8500,47.8900,1228000
20150819,48.0500,48.3000,47.6500,48.1900,1444400
20150820,48.1000,48.6500,47.7000,47.8200,1561400
20150821,47.6200,48.3400,47.6100,48.1400,2205100
20150824,45.8200,46.7500,45.6000,46.4600,3713100
20150825,44.4700,46.9000,44.4500,46.5100,2889100
20150826,45.4700,45.5400,44.4700,45.2000,2467300
20150827,46.3600,46.7100,45.5300,46.0300,1877000
20150828,45.9400,46.2200,45.6100,46.0600,1641500
20150831,44.6900,46.0000,44.6700,45.9800,2131800
20150901,43.9400,44.5700,43.6300,44.2900,2283600
20150902,44.2300,44.5200,43.8200,44.4300,1804700
20150903,44.1700,44.5000,44.0100,44.4300,1312300
20150904,43.3800,43.9000,43.1500,43.8600,1853000
20150908,44.3100,44.4400,43.8000,44.4400,1944800
20150909,43.9700,44.7400,43.8900,44.6900,2588700
20150910,44.2000,44.6200,43.9200,44.0000,1464300
20150911,45.0800,45.0900,44.0900,44.1600,1380900
20150914,45.3500,45.4500,45.0200,45.1800,1411400
20150915,45.8000,45.9100,45.0800,45.4900,1437000
20150916,46.2800,46.4000,45.6000,45.6900,1233600
20150917,46.8900,47.7200,46.0100,46.3000,2115200
20150918,47.4900,48.3000,46.3700,46.3700,3631000
20150921,47.6700,48.0900,47.5300,47.6400,1714200
20150922,47.1400,47.7500,46.9500,47.4000,1922300
20150923,47.3300,47.6200,47.0300,47.2000,1234700
20150924,46.9700,47.4300,46.6900,47.2800,1421100
20150925,47.0600,47.3900,46.8400,47.0900,1581500
20150928,46.6400,47.2000,46.1800,46.9400,1920200
20150929,47.1100,47.1500,46.3700,46.4100,1490800
20150930,47.3900,47.8300,46.9200,47.3300,2145100
20151001,47.3500,47.6200,46.9700,47.6200,1426100
20151002,46.0000,47.3500,45.6500,47.3500,11940000
20151005,47.1100,47.1100,46.0800,46.1000,4673000
20151006,46.9900,47.1600,46.8400,47.0400,2032300
20151007,47.4300,47.4300,46.8300,47.2200,2460500
20151008,47.6500,47.7700,47.1300,47.4500,2330300
20151009,47.7700,47.8000,47.3200,47.6800,1353700
20151012,48.1600,48.6800,47.5300,47.7700,2807100
20151013,48.0800,48.3700,47.8800,48.0000,1307000
20151014,47.6800,48.3100,47.5300,48.1100,1613900
20151015,48.5100,48.5500,47.7600,47.8200,1443900
20151016,48.6100,48.9100,48.5600,48.6600,3770000
20151019,48.8800,48.9400,48.5200,48.6000,1359100
20151020,48.9600,49.0300,48.6100,48.7800,1509900
20151021,48.8800,49.2600,48.8200,49.1700,1316000
20151022,50.1900,50.5000,49.3000,49.3700,2537700
20151023,49.9000,50.4000,49.5000,50.1000,1655200
20151026,50.2500,50.2600,49.6800,49.9700,1564600
20151027,50.3100,50.4500,49.8100,50.1200,1936500
20151028,50.6000,50.9800,49.7500,50.1000,2914800
20151029,49.6800,50.0000,49.0500,49.0900,3167800
20151030,49.4600,49.9900,49.4100,49.6600,3956800
20151102,50.5900,50.6000,49.2700,49.4000,2284100
20151103,50.1400,50.4000,49.8100,50.4000,1611100
20151104,49.4500,50.1900,49.2400,50.0000,1880300
20151105,50.0000,50.0500,49.1200,49.4100,1818600
20151106,47.4700,49.0800,47.1400,49.0600,3896600
20151109,46.3900,47.4100,45.9800,47.4100,2676900
20151110,46.9400,47.0700,46.3900,46.4600,2323400
20151111,47.4400,47.7000,46.8100,47.0300,1656900
20151112,47.4400,47.8000,47.1700,47.3600,2010400
20151113,47.4400,47.8500,47.0200,47.5000,2188000
20151116,48.1900,48.1900,47.2500,47.4300,2162800
20151117,48.4400,48.6700,47.8000,48.0400,2287200
20151118,49.2200,49.2400,48.4300,48.4800,2428100
20151119,49.3700,49.4600,49.1100,49.4500,1886100
20151120,49.6700,50.0400,49.3700,49.4100,3168400
20151123,49.7200,50.1500,49.5500,49.8200,1523900
20151124,49.4500,49.5800,48.9500,49.5100,1558800
20151125,49.6100,49.7000,49.3500,49.4500,1565300
20151127,50.0300,50.0600,49.3800,49.3900,1015000
20151130,49.6200,50.4900,49.4200,50.1300,4731900
20151201,50.6200,50.6800,49.7900,49.9900,2302800
20151202,49.6100,50.4700,49.5400,50.1900,2102300
20151203,48.7800,49.6400,48.6200,49.4200,2538600
20151204,50.0100,50.0800,49.0000,49.0700,2044200
20151207,50.2700,50.4600,49.8100,49.9900,2005700
20151208,50.1400,50.4900,50.0100,50.1900,2861700
20151209,49.6200,50.1100,49.3400,49.7400,1673300
20151210,48.9400,49.9200,48.9200,49.5700,1927900
20151211,48.6500,49.0200,48.3700,48.6300,2328600
20151214,49.3400,49.3800,48.5100,48.5700,2071100
20151215,49.9400,50.3800,49.6300,49.7800,2213600
20151216,51.2300,51.2600,50.1000,50.2000,2309500
20151217,51.0000,51.2800,50.8500,51.2100,2450200
20151218,51.0800,51.8100,50.7500,50.9100,5277300
20151221,51.0800,51.5800,50.7500,51.5800,1520500
20151222,51.1800,51.7800,51.1600,51.3200,1364100
20151223,51.5100,51.5500,51.1700,51.2500,1777000
20151224,51.3000,51.5100,51.1200,51.4300,662600
20151228,51.7500,51.7600,51.0800,51.2600,1094600
20151229,52.1800,52.2500,51.7300,51.9200,1517900
20151230,51.9200,52.4100,51.8500,52.0800,1290400
20151231,51.6300,52.1500,51.5400,52.0000,1242800
20160104,51.1800,51.4200,50.4700,51.1400,2030700
20160105,52.2900,52.4300,51.2100,51.3900,1944200
20160106,52.6000,52.6000,51.8600,51.8600,1769000
20160107,51.6900,52.4900,50.6400,51.6800,2146000
20160108,51.1700,52.1300,51.1000,51.7600,1581900
20160111,52.2700,52.5400,51.3000,51.3900,2261100
20160112,52.4300,52.5900,51.7600,52.5200,2794900
20160113,51.8400,53.1700,51.7000,52.4500,2608700
20160114,52.2500,52.7800,51.6500,51.9800,2713400
20160115,52.1900,52.2900,51.0900,51.6800,3406000
20160119,53.0100,53.2800,52.3000,52.5100,1986700
20160120,51.8700,52.8400,50.9600,52.7100,2865600
20160121,52.5200,53.3000,51.7200,52.2900,1897400
20160122,54.0400,54.2000,52.8800,52.9900,1816600
20160125,53.8900,54.7200,53.6100,54.1200,2039100
20160126,55.2000,55.3600,54.0500,54.0500,2639700
20160127,55.0800,55.7400,54.4300,54.9900,2403500
20160128,54.8700,55.5200,54.6200,54.8500,3329900
20160129,55.7900,55.8800,55.0100,55.3000,4807600
20160201,56.6500,57.2000,55.1900,55.5600,3282800
20160202,57.2200,57.4200,56.3200,56.7300,2182900
20160203,57.3500,58.1800,57.1400,57.4100,3066400
20160204,57.4800,57.9000,56.8600,57.2100,2953900
20160205,55.8900,57.2500,55.5100,57.0600,3205700
20160208,56.1700,56.3000,54.8200,55.7100,2651700
20160209,56.3600,56.7500,55.6300,56.0000,2910900
20160210,56.7800,57.5000,56.4800,56.5000,2440800
20160211,60.1200,60.2200,56.6900,56.7100,6346600
20160212,60.4800,61.2600,59.6500,59.9000,5543500
20160216,59.8200,60.4100,58.7600,60.3300,3678700
20160217,59.8100,60.5700,59.3600,60.0000,2873700
20160218,60.4500,60.7100,59.5200,59.8000,2205600
20160219,60.2200,61.3400,60.0500,60.2600,2994400
20160222,59.7200,60.6900,59.4700,60.5600,2415900
20160223,59.7100,60.0800,59.1100,59.7800,2124900
20160224,59.5300,60.2600,59.2700,59.5300,1578800
20160225,60.1200,60.6300,59.6600,59.7600,1939700
20160226,58.6300,59.8600,58.5100,59.8600,2491800
20160229,58.5400,59.2200,58.1500,58.5100,3739400
20160301,58.8300,59.3300,58.2500,58.9200,2150700
20160302,59.0400,59.1000,58.1600,58.4700,1674600
20160303,59.0200,59.3400,58.2900,59.1400,1551100
20160304,58.1600,58.9800,57.8100,58.9800,1880700
20160307,57.7500,58.1600,57.4800,58.1000,2237500
20160308,58.6400,59.0500,57.5000,57.7500,2209200
20160309,58.9300,59.5700,58.3800,58.5100,1573300
20160310,59.2500,59.5300,58.7200,59.2600,1890100
20160311,59.6300,59.8900,59.0600,59.7800,1594900
20160314,59.7500,59.8200,59.2700,59.3600,1215000
20160315,59.8600,60.2900,59.5100,59.7000,1554600
20160316,60.8800,61.0000,58.9000,59.6700,2086900
20160317,61.5700,61.8500,60.5000,60.9100,1823400
20160318,61.2400,61.5200,60.7600,61.4600,3018700
20160321,60.7700,60.9900,60.1700,60.9500,1611900
20160322,60.8800,61.5000,60.6200,60.7500,1094200
20160323,61.4100,61.7800,60.6400,60.6400,1353700
20160324,61.4600,61.7000,61.2400,61.4500,1277400
20160328,62.1100,62.2500,61.4400,61.5100,1290100
20160329,62.8700,62.8900,61.9300,62.2100,1753700
20160330,62.2100,62.8400,61.8700,62.7800,1546700
20160331,62.5100,62.7400,62.1700,62.3200,2227100
20160401,62.2500,62.4400,61.8600,62.1800,2039800
20160404,62.1600,62.8000,61.6600,62.2600,1768600
20160405,62.8600,62.9200,62.0000,62.0000,1719800
20160406,62.9700,63.0400,62.4900,62.7700,1658700
20160407,62.6500,63.2100,62.5300,62.7700,1322100
20160408,63.0000,63.2700,62.5100,62.6500,893900
20160411,63.0000,63.4900,62.9000,62.9600,1153800
20160412,63.7400,63.9200,63.0700,63.1200,2140300
20160413,63.0800,63.8900,62.2900,63.8900,1559800
20160414,62.6700,62.9600,62.3800,62.7700,1129900
20160415,63.0100,63.0800,62.4000,62.6700,1147300
20160418,63.1500,63.2400,62.4700,63.0300,977900
20160419,63.2900,63.5400,62.8300,63.1500,1146700
20160420,61.5600,63.5000,61.4800,63.3400,1478600
20160421,59.0300,61.4900,58.8600,61.4000,3517300
20160422,59.3700,60.0300,59.0400,59.3100,1650000
20160425,60.3200,60.3200,59.1500,59.3700,1422200
20160426,59.6000,60.6800,59.2900,60.3400,2098600
20160427,59.4500,59.9300,58.4400,59.9300,2123600
20160428,59.4700,59.5400,58.8300,58.8800,1505600
20160429,59.2000,59.4000,58.6900,59.2000,2300800
20160502,59.8100,60.4000,59.3000,59.3900,1384400
20160503,60.7100,60.7400,59.7300,59.8100,1599100
20160504,62.3800,62.9500,60.3500,60.4300,2570100
20160505,62.4100,63.1000,62.0100,62.0500,1934000
20160506,63.5800,63.5800,62.1400,62.4600,1544500
20160509,64.0400,64.1000,63.1600,63.7500,1454900
20160510,64.2200,64.3500,63.7600,64.1700,1260500
20160511,63.2700,64.1900,62.3100,64.0600,1742200
20160512,64.1400,64.5500,62.7900,63.3000,1599200
20160513,63.6200,64.0000,63.0300,63.9000,1060800
20160516,63.9100,64.1100,63.2300,63.6100,1184600
20160517,62.5000,63.6700,62.2500,63.6700,2069800
20160518,60.8700,62.5000,60.1600,62.2900,2590800
20160519,59.0500,59.1600,58.5000,58.8500,6157500
20160520,59.1900,59.3300,58.3200,59.3300,3345600
20160523,59.0500,59.4400,58.7600,59.2500,2302200
20160524,59.4300,59.6300,59.1800,59.3500,2345300
20160525,59.3800,59.4900,58.3000,59.4500,1901500
20160526,59.9000,59.9400,59.2000,59.4000,1628800
20160527,59.9000,60.2800,59.5600,59.9000,2012500
