20150529,23.9000,24.0600,23.7300,23.9100,9575800
20150601,24.3600,24.4000,23.8500,24.0100,2488500
20150602,24.4500,24.6500,24.2900,24.3200,1658500
20150603,24.4000,24.6900,24.3200,24.4800,1044100
20150604,24.2500,24.3500,24.1500,24.2900,1219300
20150605,24.3200,24.4300,23.9300,24.0000,1177200
20150608,24.2300,24.3800,24.1700,24.3300,1371800
20150609,24.3400,24.4200,24.1200,24.3100,1212200
20150610,24.5400,24.6500,24.2600,24.4200,1441700
20150611,24.6600,24.7600,24.5100,24.6400,795300
20150612,24.3100,24.6100,24.2600,24.6100,1324300
20150615,23.9000,24.2600,23.8300,24.2500,2190700
20150616,23.8100,23.8900,23.7400,23.8500,1695700
20150617,23.9400,23.9900,23.7000,23.9000,1397900
20150618,24.0900,24.2600,23.9300,24.0500,1122600
20150619,24.1200,24.1800,23.9100,23.9500,2853400
20150622,24.1400,24.3200,24.0600,24.2700,1376100
20150623,24.2300,24.3100,24.0600,24.1200,783300
20150624,23.9000,24.2500,23.8400,24.1600,1132700
20150625,23.7200,23.9500,23.7000,23.8800,1341600
20150626,23.6700,23.7300,23.4800,23.7000,3357500
20150629,23.0600,23.5000,23.0100,23.5000,1873100
20150630,22.9400,23.3100,22.8700,23.2300,2550300
20150701,22.9300,23.1800,22.7300,23.1100,1743100
20150702,22.9100,23.1100,22.7100,22.9600,1272900
20150706,22.5300,22.8000,22.3500,22.6900,1498100
20150707,22.6300,22.6300,21.9900,22.4600,1273100
20150708,21.7500,22.6500,21.7500,22.2600,2079700
20150709,22.0500,22.1400,21.8900,22.0800,1947700
20150710,22.1000,22.3400,22.0600,22.2500,954700
20150713,22.2200,22.2800,22.0200,22.2000,1253600
20150714,22.1900,22.2700,21.9700,22.0900,718700
20150715,22.0500,22.2100,21.9000,22.1500,1315300
20150716,22.2700,22.3400,22.1400,22.1400,997100
20150717,21.9800,22.2300,21.8800,22.2300,1098600
20150720,21.7200,21.9600,21.6900,21.9300,1064100
20150721,21.6200,21.7900,21.5500,21.6800,1947300
20150722,21.4900,21.6100,21.4100,21.5300,1782600
20150723,21.5000,21.6100,21.1900,21.6100,3122200
20150724,20.8400,21.5600,20.8100,21.4300,3481600
20150727,20.5900,20.7800,20.3400,20.7000,2925200
20150728,20.9600,21.0200,20.5200,20.7800,1708800
20150729,21.4100,21.4600,20.9700,20.9900,2523200
20150730,21.4900,21.5700,20.8500,21.4500,2992900
20150731,21.3500,21.6600,21.1100,21.5600,2116200
20150803,20.8200,21.3800,20.7500,21.2700,1559200
20150804,20.8600,21.0400,20.7700,20.8000,1215400
20150805,21.1300,21.4200,20.8600,21.0300,2031100
20150806,21.1600,21.2800,20.9400,21.1200,1263400
20150807,20.9000,21.2200,20.7800,21.1000,1291800
20150810,21.8200,21.9400,21.0300,21.0400,1850600
20150811,21.6400,21.7700,21.3900,21.5600,1290100
20150812,21.8600,21.9200,21.3100,21.4800,1562600
20150813,21.5000,21.8700,21.4500,21.7700,983200
20150814,22.1000,22.1200,21.3600,21.4800,1416700
20150817,22.2200,22.2900,21.5900,22.1100,1763700
20150818,22.0800,22.2400,21.9700,22.2000,940600
20150819,21.7200,21.9600,21.4500,21.9300,985100
20150820,21.0900,21.6700,21.0600,21.5800,1109200
20150821,20.3200,20.9400,20.3200,20.9400,1891100
20150824,19.7400,20.9400,19.5000,19.5000,3825400
20150825,19.4200,20.5100,19.4100,20.3800,2943500
20150826,19.8200,20.0100,19.4300,19.9100,2146100
20150827,20.7700,21.0200,20.1000,20.1900,2277800
20150828,20.8200,20.9900,20.4600,20.6300,1867400
20150831,20.8500,21.1900,20.3000,20.6100,1936700
20150901,19.9900,20.5400,19.7800,20.3500,1851600
20150902,20.2100,20.4700,19.8200,20.3200,1726800
20150903,20.4900,20.6900,20.0300,20.2600,1562200
20150904,19.8600,20.2500,19.8000,20.1200,1408100
20150908,20.9300,20.9600,20.2800,20.3300,1215800
20150909,20.6600,21.4000,20.6300,21.2000,1588600
20150910,20.5100,20.8300,20.4400,20.7300,1104800
20150911,20.0300,20.4000,19.8600,20.3300,1327300
20150914,20.0800,20.1000,19.5700,19.9500,1974100
20150915,21.4200,21.5700,20.5400,20.7900,6425800
20150916,21.6700,21.7800,21.3000,21.4600,4021300
20150917,21.4300,21.8400,21.3800,21.6300,2233800
20150918,21.4300,21.5700,20.9400,21.2200,2924600
20150921,22.1500,22.2400,21.3900,21.5900,3419100
20150922,21.6000,21.9000,21.4800,21.7600,2147000
20150923,21.1000,21.6500,21.0400,21.5700,1260500
20150924,20.8400,20.9200,20.5100,20.8200,1803000
20150925,21.1200,21.2600,20.7800,21.0400,1923500
20150928,20.6400,20.9900,20.5700,20.9900,1810100
20150929,20.4700,20.8500,20.3600,20.5800,1474700
20150930,20.7200,20.8300,20.3300,20.6900,1407900
20151001,20.8900,21.1300,20.5000,20.8000,1475900
20151002,21.4000,21.4100,20.4900,20.7000,2063000
20151005,21.8500,22.0300,21.5000,21.6200,2185200
20151006,21.9000,22.0400,21.5200,21.8500,1895300
20151007,22.3700,22.4800,21.8900,22.0000,1813100
20151008,23.4000,23.4800,22.2700,22.2900,2120500
20151009,23.4600,23.5500,23.2100,23.3700,1610500
20151012,23.3800,23.5100,23.1900,23.5100,823700
20151013,23.2100,23.5400,23.1200,23.2400,1234800
20151014,23.5500,23.8000,23.0200,23.2100,1627700
20151015,23.7900,23.8400,23.2500,23.6500,1003700
20151016,23.4500,23.8000,23.3500,23.7800,1378100
20151019,23.3900,23.6200,23.2100,23.4500,622700
20151020,23.5700,23.6900,23.3000,23.3400,605900
20151021,23.1300,23.6700,23.0900,23.5400,986900
20151022,23.8300,23.8700,23.2900,23.3100,1095400
20151023,23.6000,24.0500,23.5900,23.9500,1324900
20151026,23.4000,23.6600,23.3800,23.5300,993700
20151027,22.6600,23.2200,22.4000,23.2200,1789900
20151028,21.7500,22.6500,21.3000,22.5300,2618100
20151029,21.4400,21.7900,21.4100,21.5300,1370700
20151030,21.5500,21.7600,21.2700,21.4300,1467700
20151102,21.7900,21.9400,21.4200,21.4200,1234100
20151103,22.1700,22.4000,21.7300,21.7400,1901400
20151104,21.9200,22.3100,21.8900,22.2500,1179500
20151105,21.5100,22.3300,21.5000,21.9700,1522700
20151106,21.2600,21.5000,21.0300,21.3600,1493800
20151109,20.6600,21.2500,20.5200,21.2000,1062700
20151110,20.1100,20.5600,19.9400,20.5600,1833200
20151111,19.9600,20.2500,19.9100,20.1400,1203800
20151112,18.8000,19.8200,18.7600,19.8200,2410800
20151113,18.7500,19.0300,18.6700,18.8400,1716300
20151116,19.0200,19.0700,18.6200,18.7400,1879800
20151117,18.7900,19.2100,18.4800,19.0300,2449600
20151118,18.8300,18.9700,18.6200,18.8300,1557500
20151119,18.9200,18.9800,18.6300,18.8600,991800
20151120,18.7600,19.2200,18.7500,19.0100,1016900
20151123,19.1900,19.3600,18.8000,18.8100,1363600
20151124,19.5900,19.7200,18.8300,19.1000,1835700
20151125,19.3100,19.5900,19.2100,19.5200,942500
20151127,19.2400,19.3900,19.0100,19.3000,395100
20151130,19.2900,19.4300,19.1000,19.2400,1516100
20151201,19.3500,19.5700,19.2800,19.4100,1051400
20151202,18.9100,19.5500,18.9000,19.3100,1319800
20151203,18.9000,19.1600,18.8200,19.0300,1227600
20151204,19.3000,19.3400,18.8600,18.9200,1454000
20151207,18.8200,19.1900,18.7500,19.0800,1332900
20151208,18.0300,18.6600,18.0000,18.5900,1870600
20151209,18.0000,18.2200,17.7100,18.0400,2955700
20151210,18.1600,18.3600,17.7700,18.0200,2399100
20151211,17.5100,17.8900,17.4700,17.4700,1825500
20151214,17.2100,17.6200,17.0500,17.4600,2268400
20151215,17.2900,17.4500,17.1900,17.2700,1720000
20151216,17.3600,17.5000,17.1500,17.3400,2539700
20151217,16.9400,17.4300,16.7500,17.3600,4396500
20151218,17.0600,17.2000,16.7500,16.8200,3276000
20151221,16.9600,17.2900,16.8700,17.2000,1685600
20151222,17.0100,17.1100,16.8500,16.9600,1753200
20151223,17.5700,17.6100,17.0700,17.2700,2270900
20151224,17.6600,17.7600,17.4000,17.6000,618400
20151228,17.4700,17.5700,17.2500,17.5500,1109500
20151229,17.6900,17.7300,17.3900,17.5800,1102000
20151230,17.5200,17.8000,17.4700,17.6300,998900
20151231,17.4200,17.6400,17.3700,17.4600,1123900
20160104,17.0600,17.1300,16.6300,17.1300,1504400
20160105,16.2800,17.0200,16.2100,17.0200,2044700
20160106,15.8500,16.1400,15.7600,16.0900,1475900
20160107,15.3500,15.7100,15.2900,15.4700,2173900
20160108,15.0200,15.5000,14.9800,15.3500,2121300
20160111,14.6200,15.0900,14.3700,15.0000,2034000
20160112,14.1100,14.8900,13.8600,14.7700,3425300
20160113,13.6600,14.4600,13.6100,14.2400,3045900
20160114,13.8000,13.9300,13.4000,13.7300,2751700
20160115,13.0900,13.4000,12.8900,13.4000,2526500
20160119,12.5900,13.3400,12.3300,13.3400,3457900
20160120,12.4200,12.5400,11.9200,12.3400,2898500
20160121,12.6800,12.8900,12.3900,12.4700,2322900
20160122,12.8700,13.2000,12.6200,12.9400,1940600
20160125,12.4500,12.8600,12.4300,12.7200,2078500
20160126,12.9900,13.0000,12.6000,12.6500,3264600
20160127,13.2100,13.4600,12.7800,12.8800,3418300
20160128,12.5900,13.5100,12.5200,13.3700,2378500
20160129,12.9400,12.9500,12.3500,12.6000,2611600
20160201,12.6600,12.7700,12.3600,12.7300,2151400
20160202,12.0600,12.4300,11.9900,12.3500,2107600
20160203,12.3300,12.3400,11.5800,12.0600,2578800
20160204,12.9400,13.3400,12.4300,12.4500,2776000
20160205,12.9000,13.3400,12.8100,12.8900,1845700
20160208,12.3100,12.7200,12.0900,12.7000,2457900
20160209,13.5400,13.7700,12.0000,12.1100,5562200
20160210,13.4100,13.8600,12.9400,13.3800,3693600
20160211,12.5800,13.4200,12.3800,13.1700,3334400
20160212,13.0400,13.3100,12.3600,12.6800,2962000
20160216,13.6200,13.7200,12.6500,13.2800,2414300
20160217,14.2000,14.5100,13.5100,13.7600,3899400
20160218,14.8600,14.9800,14.0900,14.2400,4183400
20160219,14.0600,14.7500,13.8900,14.7000,2259300
20160222,14.9400,15.0000,14.3400,14.4400,2664100
20160223,14.7300,15.1900,14.6900,15.0200,2397200
20160224,15.3400,15.3700,14.1400,14.4100,2804900
20160225,15.0800,15.4900,14.6200,15.2400,2563900
20160226,15.1800,15.4500,15.0000,15.2700,1447000
20160229,14.9600,15.2700,14.8700,15.1700,2827000
20160301,14.5400,15.3900,14.0200,15.2600,4429100
20160302,14.6800,14.6900,13.7400,14.5800,5463500
20160303,15.2200,15.2400,14.4900,14.7000,3055700
20160304,15.1300,15.6900,14.9100,15.3000,2476600
20160307,15.0500,15.4400,14.7500,15.0700,1993600
20160308,14.0100,14.7800,13.8600,14.5800,2782400
20160309,14.1100,14.3400,13.7600,14.0800,1999600
20160310,14.1600,14.2400,13.7900,14.1100,2385500
20160311,14.7500,14.8100,14.2300,14.3700,2910000
20160314,15.1100,15.2500,14.6200,14.6900,3202200
20160315,14.3700,14.9700,14.1800,14.9000,2697700
20160316,14.9800,15.0900,14.2200,14.3500,2801800
20160317,16.2400,16.4400,15.0700,15.0700,3926800
20160318,16.1500,16.6400,15.8700,16.5400,4210700
20160321,16.1900,16.3500,15.9300,16.0700,1710500
20160322,16.2900,16.4400,15.8300,15.9400,1659500
20160323,15.8000,16.1700,15.7900,16.0900,1327100
20160324,15.7500,15.8000,15.0700,15.5600,1377100
20160328,15.8500,15.9000,15.5000,15.7800,1048000
20160329,15.8700,15.9100,15.2200,15.2800,1913400
20160330,15.7400,16.0400,15.4200,15.9800,1700300
20160331,15.9600,16.0300,15.5900,15.7700,2133100
20160401,16.0900,16.1200,15.5600,15.7500,1788400
20160404,15.6700,16.1900,15.6500,16.1000,1365800
20160405,15.4600,15.6800,15.2700,15.4900,1381500
20160406,16.3300,16.4200,16.0200,16.0300,2776900
20160407,16.1600,16.6000,16.0500,16.5600,1785000
20160408,16.3400,16.7200,16.2400,16.4300,1395900
20160411,16.8300,16.9900,16.4800,16.4800,2334700
20160412,17.0300,17.1100,16.7600,16.8900,1975400
20160413,17.4700,17.5800,17.1100,17.2600,1869600
20160414,17.5900,17.6800,17.2700,17.5300,1835800
20160415,17.7000,17.7300,17.5100,17.5400,1525300
20160418,17.8900,17.9100,17.4400,17.5300,2098000
20160419,18.0400,18.1700,17.8400,17.9400,1711300
20160420,18.1100,18.2100,18.0100,18.1000,1723000
20160421,18.0200,18.4300,17.9500,18.1800,1894100
20160422,18.3300,18.5000,17.9800,18.1000,1815800
20160425,17.8100,18.3300,17.6300,18.2300,1833300
20160426,18.3000,18.3400,17.8100,17.9400,1625100
20160427,18.4600,18.5100,18.3000,18.3100,2237900
20160428,18.3800,18.6100,18.1700,18.2800,2304500
20160429,18.4600,18.5600,18.2700,18.4200,2195200
20160502,18.6100,18.7100,18.3200,18.4600,2406700
20160503,19.2000,19.6400,18.6200,19.0600,4625300
20160504,19.1600,19.3700,18.6900,19.0800,3795100
20160505,18.8100,19.4000,18.8000,19.3200,3825500
20160506,18.7700,18.9400,18.4200,18.8100,2788700
20160509,18.5400,18.6300,18.2300,18.4800,1471100
20160510,19.3100,19.3600,18.5600,18.6400,2421100
20160511,19.4200,19.6600,19.0300,19.3000,1882200
20160512,18.9700,19.7200,18.7600,19.3500,2259000
20160513,18.4300,19.1000,18.3500,18.9500,2290500
20160516,18.7700,18.9800,18.5700,18.5700,1006300
20160517,18.7800,19.1600,18.5900,18.7400,1755100
20160518,18.3400,18.9100,18.2400,18.5700,2052000
20160519,18.0500,18.2100,17.7000,18.1000,1363000
20160520,18.4100,18.5000,18.1400,18.1400,1693500
20160523,18.4200,18.7900,18.3000,18.3100,1662800
20160524,18.6200,18.7300,18.3700,18.5200,1019700
20160525,18.8800,18.9800,18.6400,18.7000,1021600
20160526,18.4800,19.0400,18.4800,18.9600,980700
20160527,18.9100,18.9800,18.5500,18.5700,981500
