20150529,41.9200,42.3600,41.6100,42.2500,2346500
20150601,41.3100,42.0500,41.2300,41.8800,1750900
20150602,41.5700,42.0700,41.2700,41.3400,1569700
20150603,40.6900,41.3800,40.6900,41.2600,1781900
20150604,39.7500,40.7000,39.7200,40.4000,2019200
20150605,39.8900,40.0900,38.6400,39.1200,4608700
20150608,39.4600,40.0400,39.3400,39.7000,2163600
20150609,39.4400,40.0100,39.3300,39.7700,1811700
20150610,39.3200,40.0500,39.2900,39.9600,2336200
20150611,39.3800,39.6700,39.1000,39.4600,3169400
20150612,38.8300,39.2100,38.4400,39.2000,3557400
20150615,39.0200,39.5300,38.5300,38.5900,2526700
20150616,38.9500,39.3800,38.5100,39.0000,2475700
20150617,39.2100,39.2900,38.6700,39.0700,1709100
20150618,39.2700,39.4900,38.7500,39.2900,1688600
20150619,39.0400,39.5500,38.8100,39.1900,2078700
20150622,40.7900,41.3000,39.7900,39.7900,3713800
20150623,40.6400,41.0800,40.5900,40.8200,1801600
20150624,40.3600,40.8200,40.2700,40.5400,1501200
20150625,39.3100,40.3600,39.3000,40.2100,1796300
20150626,39.9200,39.9300,38.9400,39.2600,1906600
20150629,39.1100,39.8800,39.0700,39.3500,1582300
20150630,39.4800,39.6300,38.9600,39.4500,2106100
20150701,38.8000,39.7400,38.6400,39.5400,2362700
20150702,39.2200,39.5300,38.7600,39.0700,1136500
20150706,37.9300,38.9800,37.7800,38.7700,1708500
20150707,39.1200,39.2300,37.4600,37.8600,2565500
20150708,38.5100,39.7600,38.2800,38.9300,2173000
20150709,39.1400,39.9300,39.0500,39.2400,1893600
20150710,39.5400,39.6100,38.8000,39.1600,1693700
20150713,41.2000,41.3800,39.9500,39.9500,2168400
20150714,41.4000,41.4900,41.0200,41.1300,1890900
20150715,40.6300,41.1900,40.3200,41.0000,1924800
20150716,40.9800,41.0000,40.5500,40.7700,1638400
20150717,40.3900,40.8800,40.2700,40.8200,2053300
20150720,39.0900,40.4000,38.8400,40.2500,2581200
20150721,39.4800,39.6200,38.9000,39.0900,2749800
20150722,38.3000,39.2800,38.0200,39.2600,2938900
20150723,38.6700,38.7300,37.9500,38.3200,3573900
20150724,37.6800,38.8200,37.6000,38.7700,2937800
20150727,37.8700,38.1500,36.9200,37.4000,1830400
20150728,38.7600,39.2000,37.6000,37.8400,2537200
20150729,40.0000,40.0800,38.1400,38.5900,2572100
20150730,37.9100,39.7900,37.4100,39.1300,2686500
20150731,37.7900,38.3800,37.7300,38.0400,2633800
20150803,36.5700,37.5500,36.4100,37.5500,2783200
20150804,35.6900,36.6500,35.5200,36.5000,3039800
20150805,34.8200,38.8700,34.6300,38.5200,5601700
20150806,35.3100,35.6400,33.7200,34.7700,3157900
20150807,34.3200,35.7600,34.1500,35.1800,1911700
20150810,35.7000,35.7200,34.5400,34.7800,2419000
20150811,36.0400,36.0600,34.7200,35.1700,2545300
20150812,37.7600,37.9400,35.8700,35.8700,2472100
20150813,36.3400,38.2200,35.9600,37.5300,5006800
20150814,36.2800,36.7700,35.9200,36.5100,3051500
20150817,36.5900,36.7900,36.1600,36.2600,2615700
20150818,35.6200,36.9200,34.8400,36.8500,3506900
20150819,34.9900,35.5600,33.7500,35.2800,4263200
20150820,34.8800,35.7000,34.5300,35.0300,4488700
20150821,34.1300,35.1600,33.9900,34.5800,3383500
20150824,32.1700,33.6800,31.4300,32.8200,4431900
20150825,31.6300,33.5400,31.6200,33.5400,3818000
20150826,32.5600,32.6100,31.5900,32.6000,3317900
20150827,34.4800,34.6700,32.5100,32.9600,2767900
20150828,35.6300,36.0800,34.4900,34.5500,3194300
20150831,36.0100,36.3600,34.5700,35.3100,3446300
20150901,34.9400,35.4100,34.6900,34.8000,4036500
20150902,35.3400,35.7000,34.2200,35.6300,2606100
20150903,35.6700,36.4600,35.1800,35.5900,2218700
20150904,35.4000,35.6000,34.3500,34.5200,3084300
20150908,36.4300,36.4800,35.2400,35.3700,2414000
20150909,35.8400,36.9400,35.7100,36.3200,2607600
20150910,36.1600,36.2800,35.2900,36.0800,2126200
20150911,35.1900,35.7600,34.6900,35.3800,1935400
20150914,34.5000,35.1100,34.3700,35.0300,2105000
20150915,34.8500,35.2100,34.5700,34.9600,2458700
20150916,36.0700,36.2200,35.1600,35.1600,3049300
20150917,36.2800,37.0600,35.9400,36.2900,2219900
20150918,35.7400,35.8900,35.1400,35.5700,4600700
20150921,36.4900,36.6800,35.5700,35.9500,1682700
20150922,36.7100,37.2200,35.6300,35.6700,2499900
20150923,35.3300,37.1900,35.2600,36.7700,1950200
20150924,34.8300,35.2400,33.8600,35.1700,2217900
20150925,35.1900,35.2800,34.6000,35.0900,1736400
20150928,33.0000,34.9300,32.8700,34.6900,2774000
20150929,30.8600,33.5700,30.6700,33.2900,4358600
20150930,32.2000,32.2400,30.8400,31.2700,3112700
20151001,32.7800,33.0000,32.1900,32.5000,3053800
20151002,34.6000,34.6300,32.2200,32.3200,3265600
20151005,36.9400,36.9800,35.1100,35.1500,2782200
20151006,37.8400,38.5200,36.8200,36.8700,2435700
20151007,38.8700,39.4600,38.1100,38.3800,2471100
20151008,39.1000,39.3700,38.0700,38.8700,1847900
20151009,39.5800,39.8700,38.9200,39.2400,2203400
20151012,38.8000,39.6200,38.2100,39.5800,1469900
20151013,38.1300,39.0200,38.0700,38.3500,1559200
20151014,37.8100,38.6900,37.3500,38.2200,1980400
20151015,38.6100,38.7000,36.7600,37.8000,2223900
20151016,38.8300,39.0700,38.0700,38.7300,1396900
20151019,38.3300,38.6000,37.4700,38.5100,2298500
20151020,38.1300,38.7700,37.8500,38.1700,1254500
20151021,37.4000,38.3600,37.2000,38.0400,1420800
20151022,36.6800,37.4800,36.1300,37.4000,2699700
20151023,36.2300,38.0100,35.7200,36.6900,1876200
20151026,34.6000,36.1900,34.5500,36.0600,1993400
20151027,33.2700,33.9900,32.6600,33.9600,2868400
20151028,33.6400,34.0200,32.9800,33.4500,2666900
20151029,33.2800,33.7100,32.1800,32.8900,1164900
20151030,33.9200,34.2000,32.8700,33.4300,1643200
20151102,34.4000,34.6100,33.4400,33.5000,1886000
20151103,34.0700,34.9000,33.7600,34.4200,2316300
20151104,33.5600,35.6500,32.9000,34.6600,2587100
20151105,31.3700,33.5000,30.7900,33.3200,3391200
20151106,31.6000,31.6300,30.1300,31.0700,2997200
20151109,30.8000,31.9300,30.5300,31.6000,2654100
20151110,30.7800,31.0100,30.3100,30.7500,1973400
20151111,29.5000,30.9900,29.3600,30.7800,2633100
20151112,28.2200,29.4300,28.1400,29.3700,2299100
20151113,28.4900,28.5600,27.4400,28.3400,3573900
20151116,29.7200,29.7400,28.4100,28.6400,2715100
20151117,28.4600,29.5000,28.3700,29.5000,2128800
20151118,29.3000,29.8700,28.5900,28.6300,2683400
20151119,28.9800,29.3400,28.6400,29.1600,1633500
20151120,28.6000,29.2500,28.4000,28.9000,1762300
20151123,29.0900,29.4800,28.4200,28.6200,1762100
20151124,30.2800,30.3900,29.1100,29.1400,2544800
20151125,30.4100,30.6300,29.5100,29.9300,2389000
20151127,29.4600,30.4300,29.4100,29.9400,957600
20151130,29.4800,29.8700,29.1600,29.6300,2214900
20151201,29.2100,29.8900,28.9000,29.4100,2410100
20151202,26.9900,28.8800,26.9200,28.8100,3441400
20151203,26.7900,27.4200,26.5000,27.2100,2912200
20151204,24.8000,26.9000,24.6000,26.6500,4683200
20151207,21.6200,23.9700,21.0900,23.9700,6363900
20151208,21.4600,22.3000,20.9100,21.1100,5883400
20151209,22.2000,22.9900,21.5400,21.8500,5529200
20151210,22.3000,22.9200,21.8000,22.1700,3150500
20151211,20.3100,21.9700,20.0100,21.9200,5705400
20151214,20.6000,20.6100,19.6800,20.1100,4529800
20151215,21.3400,21.5600,20.7900,20.8300,4721300
20151216,20.8800,21.6200,20.5600,21.0800,3761600
20151217,19.8600,21.0000,19.1200,20.8100,6815100
20151218,18.9300,20.1300,18.8400,19.8100,9886000
20151221,21.8500,21.8700,19.3400,19.4100,10064100
20151222,23.1200,23.6600,21.4800,21.7700,7306300
20151223,24.2900,24.9700,23.1200,23.7800,4638000
20151224,24.1200,24.7200,23.8800,24.3500,2207600
20151228,24.1200,24.1900,23.2300,24.0000,3239100
20151229,24.0500,24.8800,23.6500,24.5000,3020000
20151230,23.4400,24.4700,23.3500,23.9400,2354600
20151231,24.6600,24.7900,23.3200,23.8600,3905200
20160104,25.3500,25.5600,24.4800,24.6600,4140600
20160105,25.3700,25.6600,24.9700,25.3100,3638600
20160106,24.2200,24.6300,23.4300,24.6100,5046500
20160107,22.7800,24.1300,22.6700,23.7500,3153600
20160108,23.0500,23.6500,22.3900,23.0000,4032000
20160111,22.6100,23.8200,22.2000,23.7100,3377300
20160112,21.8500,23.9400,20.6400,23.9400,5058800
20160113,20.9700,22.2500,20.3700,22.0500,5252700
20160114,22.7800,22.8700,20.7300,21.1000,5665800
20160115,21.9400,22.2000,20.9800,21.2900,4009800
20160119,20.7900,22.4200,20.2300,22.2300,4104900
20160120,20.0400,21.1300,18.9800,20.8100,6006400
20160121,22.6200,23.0800,20.0200,20.1600,5255700
20160122,25.1000,25.1500,23.2500,23.6500,8188000
20160125,23.6200,25.9600,23.6100,24.4100,4500000
20160126,24.3000,24.7900,23.4200,24.2600,3677400
20160127,23.1300,24.5000,22.9100,24.2700,4562800
20160128,23.9100,24.1900,23.1800,23.4200,4295900
20160129,24.9100,25.0300,23.8400,24.1100,3715300
20160201,23.4400,24.1600,22.8500,24.1100,3169700
20160202,23.1200,23.5800,22.4400,22.7300,2672900
20160203,24.6400,24.7500,22.6500,23.7400,3213700
20160204,25.4900,25.9900,24.6300,24.7800,3751700
20160205,25.5400,25.7200,24.5400,25.1000,4144500
20160208,23.1600,24.4500,21.7900,24.3000,5770900
20160209,20.6300,22.1400,19.8600,21.8100,9079500
20160210,20.9100,21.5000,19.8000,20.6700,3969100
20160211,19.6200,20.7700,18.8800,20.1000,5340700
20160212,20.1800,20.4500,19.3000,20.2700,3936700
20160216,21.0300,21.1500,20.2600,20.4800,3656000
20160217,21.7300,22.2200,20.6900,21.6000,6085400
20160218,21.1900,22.2000,20.5000,22.1300,3732500
20160219,20.6600,20.8600,20.1100,20.7000,2798800
20160222,21.4000,21.7500,21.0700,21.1500,4101600
20160223,21.3100,21.6400,20.5500,21.3200,4627200
20160224,21.5200,21.7100,19.9400,20.7000,5525400
20160225,21.3700,21.6200,20.5000,21.3200,4214000
20160226,23.0100,23.6800,21.7800,21.9800,5623500
20160229,24.0000,24.3700,22.8300,23.1100,4217200
20160301,24.2000,24.5000,23.3400,24.2300,2681700
20160302,25.5700,25.5900,23.8000,24.0000,3211700
20160303,26.6000,26.9000,25.3200,25.3300,4329400
20160304,26.3600,28.0300,25.6100,26.9500,4675600
20160307,27.6300,28.1700,26.3700,26.3700,4148300
20160308,26.2200,27.5200,26.0200,27.4300,4921200
20160309,26.4700,27.1100,25.7200,26.7200,3217800
20160310,27.4300,27.6700,26.0200,26.2500,3834400
20160311,28.3100,28.5700,27.6700,27.7800,3140100
20160314,28.1800,28.4300,27.5200,27.8500,2279500
20160315,27.7200,27.7400,26.7900,27.6000,1871900
20160316,29.5100,29.5600,27.9000,27.9400,2350000
20160317,30.2200,30.4800,29.2200,29.7000,2555200
20160318,30.8200,30.9900,29.6900,30.5600,8541400
20160321,29.6900,30.8200,29.3200,30.7800,2889500
20160322,30.2100,30.4500,29.0500,29.2300,2352800
20160323,28.4400,30.0000,28.4100,29.7900,2394600
20160324,28.6800,28.7300,27.4700,27.9100,3202800
20160328,28.3300,28.7900,28.0600,28.4000,1986200
20160329,28.4600,28.6400,27.3500,27.7600,2624700
20160330,29.0400,29.4800,28.5200,28.8500,2323600
20160331,29.8600,29.9300,28.8500,29.0100,2565700
20160401,28.7300,29.4600,28.5000,29.0800,2655300
20160404,28.3700,29.4100,28.3000,28.6000,2119200
20160405,28.4300,29.0700,27.9100,28.1000,2425500
20160406,29.2200,29.5700,28.6200,28.7600,1724000
20160407,28.9500,29.6400,28.5600,28.8900,1889100
20160408,29.9900,30.5400,29.6300,29.6800,1855700
20160411,30.0500,30.8000,29.8200,30.3500,2338900
20160412,32.3500,32.6600,30.2000,30.4100,3074300
20160413,31.8600,32.5800,31.7400,32.4900,2295400
20160414,31.7300,32.0900,31.3800,31.8600,1534700
20160415,31.6700,32.0200,31.0400,31.5100,1751600
20160418,32.1600,32.8100,30.4400,30.5700,3280100
20160419,34.3900,34.4100,32.5600,32.5600,3192500
20160420,34.8000,35.2100,33.8700,34.0200,3386700
20160421,34.8100,35.6000,34.3700,34.8500,2505300
20160422,35.8100,36.0300,34.7600,34.7600,2738900
20160425,35.3800,36.0600,34.9300,35.8000,2783500
20160426,36.2400,36.4200,35.5100,35.7800,2555300
20160427,37.0700,38.4400,36.5200,36.5300,4204200
20160428,35.5600,36.5100,35.3300,36.3300,3780700
20160429,36.1500,36.7200,35.5800,35.7800,3742600
20160502,35.9800,36.1000,34.8900,35.9600,2413600
20160503,35.7900,35.9000,34.5600,35.0300,3632900
20160504,38.1700,38.8000,36.2300,36.4600,6067900
20160505,38.9600,39.7500,38.5000,38.7400,3587900
20160506,39.7700,39.9600,38.5100,38.6300,2408600
20160509,39.2400,40.5300,38.5700,40.0000,2630600
20160510,40.0800,40.6600,39.4900,39.7100,2776000
20160511,40.0700,40.7900,39.2800,40.0800,2849900
20160512,40.2900,41.1300,39.6900,40.6800,2456500
20160513,41.0400,41.7800,40.1000,40.1400,2578200
20160516,41.8100,42.1800,41.2900,41.7300,2305200
20160517,42.0200,42.5700,41.4600,41.6800,2864000
20160518,40.1300,41.6900,39.8500,41.6000,4001000
20160519,41.5400,41.7100,39.2200,39.5600,2662300
20160520,42.0400,42.0700,40.6700,41.6100,2083800
20160523,41.6700,42.2000,41.1500,41.5100,2177000
20160524,41.7000,41.9300,41.1100,41.5400,3002700
20160525,43.0700,43.4200,41.8100,42.0000,2435400
20160526,42.5700,43.5100,42.3200,43.4800,1484600
20160527,42.7300,43.0200,41.8800,42.2600,1929600
