20150529,43.4900,43.8400,43.3600,43.7900,10358700
20150601,43.7900,44.0600,43.6400,43.8400,9764300
20150602,43.7000,44.0100,43.1400,43.5100,8275900
20150603,43.9700,44.0900,43.5900,43.7400,9220900
20150604,43.7700,44.1100,43.5100,43.7400,13783100
20150605,43.8100,44.0200,43.4900,43.8300,12850700
20150608,43.1000,43.8900,43.0800,43.8100,9112200
20150609,43.0700,43.3700,42.8200,43.3500,7634200
20150610,43.9400,44.0500,43.0600,43.2800,15518400
20150611,44.2800,44.4200,44.0300,44.1700,12519300
20150612,44.3400,44.3900,43.9000,43.9800,11742300
20150615,43.7200,43.9900,43.4100,43.9000,16727800
20150616,44.6400,44.8800,43.7600,43.9100,18271600
20150617,44.9100,45.2400,44.3700,44.8600,27080800
20150618,42.7400,42.9800,40.9700,41.9100,79138400
20150619,41.5900,43.1000,41.5600,42.9000,37430200
20150622,41.4900,41.9600,41.4500,41.8000,22368300
20150623,41.7100,42.0600,41.4800,41.9400,17394300
20150624,41.2000,41.7700,41.2000,41.5400,17768200
20150625,41.0600,41.4700,41.0600,41.2400,13587200
20150626,40.9900,41.3700,40.9700,41.1000,39687300
20150629,40.4200,40.9000,40.3800,40.6300,18195500
20150630,40.3000,40.7500,40.1100,40.6000,16691500
20150701,40.2400,40.7000,39.9300,40.6100,13948600
20150702,40.3600,40.4200,40.1500,40.3800,11644100
20150706,40.1500,40.2900,39.7700,39.9300,12434100
20150707,40.1600,40.2700,39.8400,40.0400,16437100
20150708,39.7700,40.2400,39.7000,39.9000,14598700
20150709,40.1800,40.4800,40.1500,40.2400,13348300
20150710,40.3600,40.6500,40.2100,40.5600,10470900
20150713,40.8000,40.8600,40.3800,40.5200,10717000
20150714,40.7800,40.9000,40.5800,40.8100,9298800
20150715,40.7900,40.9200,40.6300,40.6300,9326700
20150716,40.9600,41.0200,40.5600,41.0200,14861000
20150717,40.4000,40.8600,40.1600,40.7500,14574400
20150720,39.9300,40.3900,39.8700,40.3600,17488100
20150721,39.5700,39.9900,39.3900,39.7600,14679100
20150722,39.4200,39.6700,39.2500,39.3600,16797000
20150723,39.0000,39.6000,38.9600,39.5500,18083800
20150724,39.0000,39.1700,38.8000,39.1000,12030300
20150727,38.5100,38.8200,38.4700,38.7200,15756800
20150728,39.2800,39.3700,38.4400,38.7900,14289200
20150729,39.7900,39.8700,39.2600,39.3700,13016400
20150730,39.6500,40.1000,39.5500,40.0300,13634200
20150731,39.9400,40.1200,39.7000,39.7600,13706100
20150803,39.7100,40.0100,39.4600,39.9500,12444500
20150804,39.6600,40.0000,39.5300,39.5900,9697300
20150805,39.6400,40.0200,39.6300,39.9000,11982000
20150806,39.3200,39.8400,39.1500,39.6300,10613000
20150807,39.5600,39.6900,39.2300,39.3600,10655100
20150810,39.8900,40.0500,39.7000,39.7600,9525800
20150811,39.1700,39.6800,39.0200,39.5300,10600500
20150812,39.2800,39.3600,38.5000,38.7400,11062300
20150813,39.3100,39.5600,38.9900,39.2200,7785700
20150814,39.4100,39.5000,39.1800,39.3300,7185000
20150817,39.7200,39.7300,39.0900,39.4100,7631200
20150818,39.8300,40.0300,39.5100,39.5200,9950600
20150819,39.5300,39.9400,39.3100,39.7000,11112900
20150820,38.6300,39.5000,38.6000,39.1900,13071200
20150821,37.5500,38.7700,37.5500,38.3200,19411300
20150824,36.0800,36.6000,35.1400,35.7300,32522300
20150825,35.4500,37.2100,35.3800,36.9700,21393600
20150826,36.9100,37.0200,35.6000,36.0300,20554300
20150827,36.8200,37.5100,36.0100,37.3500,28218200
20150828,37.4600,37.4900,36.7800,36.8600,21559100
20150831,37.0900,37.5100,36.9300,37.1600,15352800
20150901,36.0100,36.5500,35.8900,36.3300,19948700
20150902,36.7500,36.7500,36.1100,36.3700,15049300
20150903,36.9000,37.2700,36.7700,36.8100,11787800
20150904,36.2700,36.6800,36.0900,36.3500,13147900
20150908,37.6800,37.8200,36.7300,36.7300,18949600
20150909,37.0900,38.1800,37.0100,37.9000,14710200
20150910,37.6100,37.9400,37.0300,37.0300,16930600
20150911,37.9200,37.9600,37.4000,37.4500,12948600
20150914,37.5600,37.9400,37.3700,37.8100,15021500
20150915,37.9900,38.1800,37.4000,37.7700,14877900
20150916,38.2700,38.5200,37.9300,38.2600,19574000
20150917,36.7400,38.2700,36.5000,38.2700,37299000
20150918,36.3800,36.9800,36.2600,36.2900,34919800
20150921,36.8300,37.0600,36.4200,36.6000,14964400
20150922,36.1900,36.4900,35.9700,36.3400,19979700
20150923,35.9900,36.2200,35.8300,36.1900,16991600
20150924,36.0600,36.2300,35.3900,35.8500,18059500
20150925,36.0500,36.3200,35.9100,36.2000,19387000
20150928,35.4400,36.1400,35.4000,35.7200,21742700
20150929,35.5100,35.6600,35.2400,35.3100,19785900
20150930,36.1200,36.1900,35.7800,35.8900,16215000
20151001,36.2400,36.4200,35.8500,36.2300,18331300
20151002,36.8900,36.9100,35.6400,35.7100,18772800
20151005,37.5900,37.7300,37.0200,37.2600,12741700
20151006,37.7300,37.8500,37.5100,37.5200,12427300
20151007,37.6600,37.9800,37.3500,37.7500,16335700
20151008,37.8900,37.9900,37.3400,37.3900,13247600
20151009,38.1000,38.2000,37.6600,37.9800,14656400
20151012,38.0400,38.1200,37.6900,37.9200,11022500
20151013,37.8200,38.2000,37.7400,37.9100,11575600
20151014,37.2600,37.5800,37.1400,37.1700,14069700
20151015,37.5500,37.6700,37.2600,37.5500,12205500
20151016,37.3700,37.8000,37.1400,37.8000,19495000
20151019,36.8700,37.1000,36.5700,36.8600,18100500
20151020,36.8600,37.0000,36.6200,36.6200,13678100
20151021,36.6200,37.1200,36.5700,36.9800,11062600
20151022,37.7900,37.8600,36.8500,36.8500,14701400
20151023,38.0700,38.1600,37.7900,38.1200,16469100
20151026,38.3700,38.6200,37.9400,37.9400,12330600
20151027,38.3400,38.4500,38.0400,38.3300,14110500
20151028,38.8800,38.8900,38.3700,38.6300,14020000
20151029,38.8600,38.9100,38.5300,38.5300,11432900
20151030,38.8400,39.0400,38.5000,38.9200,16471500
20151102,39.7500,39.7800,38.9000,39.0500,19789700
20151103,40.2000,40.2700,39.5800,39.6900,17153100
20151104,40.4800,40.5700,40.0600,40.3500,16863300
20151105,40.3500,40.6000,40.1500,40.1600,16358800
20151106,40.6200,40.6400,40.1300,40.3200,16481800
20151109,40.1000,40.5000,39.7800,40.4100,14604900
20151110,39.9200,40.1700,39.7900,39.8300,11294000
20151111,39.0400,39.6000,38.9800,39.2400,18861500
20151112,38.6300,39.1000,38.5100,38.6500,14591600
20151113,37.3000,38.6000,37.2200,38.4800,23987600
20151116,38.1200,38.3900,37.5600,37.6900,16741000
20151117,38.1300,38.5200,37.9700,38.2300,14820000
20151118,38.7000,38.7300,38.1500,38.1900,11958900
20151119,39.0200,39.3200,38.6200,38.6700,12306100
20151120,39.3400,39.5800,39.2000,39.2500,12023200
20151123,39.1400,39.5300,39.0500,39.4400,9111900
20151124,39.4600,39.6200,38.7800,38.7800,13766300
20151125,39.2600,39.6000,39.2400,39.4700,8014700
20151127,39.1800,39.3400,39.0800,39.1400,6869900
20151130,38.9700,39.2900,38.9700,39.1100,18969800
20151201,39.2300,39.2800,38.9100,39.0900,12718200
20151202,38.7000,39.3900,38.6500,39.1500,13694200
20151203,37.8100,38.9600,37.7500,38.9600,20322500
20151204,39.1600,39.2400,37.8800,38.0200,18206600
20151207,38.8200,39.2400,38.5000,39.1600,13798500
20151208,38.7300,38.8700,38.2600,38.2900,15219700
20151209,38.5800,39.3500,38.3300,38.6300,17516100
20151210,38.1900,38.8200,38.1100,38.6100,18358300
20151211,37.2100,37.8500,37.0300,37.6200,20346800
20151214,37.6500,37.6800,36.8500,37.1500,20142700
20151215,38.2100,38.5300,37.9500,38.1000,19262900
20151216,38.9100,39.1400,38.3500,38.6700,23478000
20151217,36.9300,38.2000,36.5400,38.0900,42879900
20151218,36.3500,37.0800,36.3100,36.8900,28726800
20151221,36.4200,36.8400,36.1000,36.7200,15042300
20151222,36.5900,36.7100,36.2500,36.3900,13924800
20151223,36.9300,37.2200,36.6500,36.6600,12832300
20151224,37.0100,37.2300,36.7300,36.7300,4953900
20151228,36.7900,36.8600,36.4700,36.8300,10921900
20151229,37.0400,37.2100,36.9800,37.0200,10708600
20151230,36.9200,37.1600,36.8300,37.0800,9585600
20151231,36.5300,36.9500,36.4300,36.8400,10332400
20160104,35.7500,36.0100,35.3600,36.0100,18784400
20160105,35.6400,36.1200,35.4900,35.8600,25340700
20160106,35.8200,36.1400,35.3600,35.5000,18165700
20160107,35.0400,35.6800,34.8800,35.2500,22591400
20160108,34.6500,35.2800,34.6100,35.1300,21962200
20160111,34.9400,35.1200,34.5200,34.7500,18726600
20160112,35.3700,35.5500,34.9900,35.3200,18457300
20160113,34.0800,35.4000,33.8700,35.1900,28322900
20160114,34.7900,35.0900,34.0100,34.1900,19523600
20160115,34.1200,34.5100,33.6600,33.8000,25425000
20160119,34.5500,34.7500,34.2400,34.5400,21423100
20160120,33.9400,34.2300,33.1300,33.8800,25278700
20160121,34.1200,34.5600,33.5900,33.9100,20380300
20160122,34.8000,34.9900,34.5300,34.5500,15892700
20160125,34.3400,34.9400,34.3000,34.5800,16793600
20160126,35.2300,35.2300,34.1200,34.3200,19728900
20160127,34.9100,35.5500,34.7300,35.0300,20567600
20160128,35.3300,35.5500,34.9400,35.1700,15472800
20160129,36.3100,36.3100,35.5100,35.6500,19059300
20160201,36.3200,36.5400,35.8500,35.9000,14144000
20160202,35.3500,35.9400,35.2500,35.8500,17404500
20160203,35.6900,35.7900,34.9400,35.5600,13855300
20160204,36.4500,36.5400,35.6600,35.7000,16925900
20160205,35.7000,36.2400,35.3700,36.1300,17312200
20160208,35.6100,35.7000,34.4800,35.1300,20118800
20160209,35.0800,35.6100,34.6200,35.1300,17819800
20160210,35.2000,36.1400,35.1400,35.4200,13368700
20160211,34.8400,35.1100,34.4700,34.5900,18889700
20160212,35.5400,35.5500,34.9100,35.2400,15837900
20160216,35.7000,35.9100,35.4200,35.7600,19676300
20160217,36.6300,36.7700,35.9700,35.9700,13186500
20160218,36.6300,36.8700,36.4000,36.7100,12866600
20160219,36.7800,36.7900,36.4200,36.5200,13203400
20160222,37.1100,37.4900,36.9000,37.1100,10109900
20160223,36.5500,37.1100,36.3800,37.1100,9417100
20160224,36.6300,36.7300,35.7700,36.0900,10978200
20160225,37.2900,37.3000,36.5000,36.7900,11566000
20160226,36.9600,37.6500,36.8400,37.4300,16551100
20160229,36.7800,37.3300,36.6300,37.0000,22300200
20160301,37.9900,37.9900,37.0400,37.1500,13030800
20160302,37.7600,37.8900,37.4300,37.7600,12791200
20160303,37.8900,37.9100,37.4000,37.6100,8832200
20160304,37.8900,38.1600,37.7700,38.0000,10638400
20160307,38.3600,38.4500,37.5200,37.5400,13011000
20160308,38.1500,38.4500,37.9400,38.1100,12384400
20160309,38.4800,38.6100,38.1200,38.4300,16786500
20160310,38.0500,38.7700,37.5100,38.7700,17620600
20160311,38.9500,38.9700,38.2800,38.4500,13143300
20160314,38.7000,38.9400,38.5500,38.9100,14704500
20160315,38.7400,38.8700,38.1300,38.3500,17502900
20160316,40.2200,40.9500,39.5300,39.5500,49082300
20160317,40.6100,40.9600,40.0700,40.1500,22163500
20160318,41.4800,41.4900,40.6500,40.8700,34354000
20160321,41.6100,42.0000,41.3700,41.4200,17275100
20160322,41.3800,41.7500,41.1900,41.3200,11970500
20160323,40.7500,41.3500,40.5700,41.3000,13666800
20160324,40.9700,41.0700,40.3400,40.6000,11956200
20160328,40.6200,41.1100,40.5600,41.1100,14647000
20160329,40.7000,40.8000,40.3700,40.4100,15159200
20160330,40.9700,41.1100,40.8500,40.9600,9803600
20160331,40.9100,41.2400,40.8000,41.1300,10196500
20160401,41.1600,41.2200,40.6200,40.6800,9574100
20160404,41.0700,41.2800,40.9000,41.1500,10243500
20160405,40.5300,41.0600,40.4600,40.8500,9111300
20160406,40.7500,40.7900,40.1900,40.4000,12516200
20160407,39.9700,40.5900,39.8100,40.5900,12838600
20160408,40.3600,40.5400,40.1300,40.1300,8011000
20160411,40.3900,41.0800,40.3800,40.5900,10399600
20160412,40.4200,40.5200,39.9900,40.3100,9245000
20160413,41.3100,41.3900,40.6300,40.8200,12752300
20160414,41.2400,41.4600,41.1800,41.3100,9150500
20160415,41.0200,41.3800,41.0200,41.1200,10340300
20160418,41.2400,41.2500,40.8000,40.8400,8849300
20160419,41.0600,41.4900,40.9700,41.4100,9884400
20160420,41.1000,41.3900,41.0800,41.1900,8481200
20160421,40.9900,41.3000,40.8800,41.0300,11954100
20160422,40.7000,41.4300,40.6700,40.7900,15003300
20160425,40.7800,40.8300,40.4700,40.5900,10876200
20160426,40.6500,40.8500,40.4300,40.8200,8363800
20160427,40.8500,41.0000,40.5100,40.5100,8740600
20160428,40.3300,40.9700,40.1700,40.3600,9024200
20160429,39.8600,40.1700,39.3700,40.1700,12828700
20160502,40.3000,40.4300,39.8300,39.9000,10431600
20160503,39.6800,40.1100,39.5300,40.0300,11366200
20160504,39.2900,39.5700,39.1300,39.3900,9018300
20160505,39.2300,39.4600,39.1300,39.4400,8962700
20160506,39.4100,39.4200,38.9700,38.9700,7578800
20160509,39.3600,39.7300,39.2200,39.3400,7858100
20160510,40.0200,40.0600,39.5800,39.5800,9159300
20160511,39.6500,40.0800,39.6400,39.8600,7016400
20160512,39.8200,40.0300,39.5900,39.8900,10006700
20160513,39.6100,40.0800,39.5100,39.7800,9330600
20160516,39.9700,40.1000,39.4600,39.7700,7754500
20160517,39.6000,40.0200,39.4700,39.8000,9430300
20160518,39.4700,39.8000,39.1600,39.5900,10342700
20160519,38.8400,39.2400,38.5600,39.1600,15103500
20160520,39.4100,39.5800,38.9500,39.0800,16039200
20160523,39.1800,39.4400,39.1400,39.3100,8895100
20160524,39.9000,40.0800,39.2500,39.4200,11326400
20160525,40.1300,40.2900,40.0500,40.0500,7972200
20160526,39.9500,40.2000,39.9200,40.1100,7476700
20160527,40.0700,40.0800,39.8000,39.8300,8159400
