20150529,49.4100,49.5800,49.0400,49.4100,2042600
20150601,49.4100,49.7900,49.0900,49.5800,1258900
20150602,49.1600,49.4700,48.8000,49.2100,3412100
20150603,49.0000,49.3200,48.8500,49.1900,2851900
20150604,48.1900,49.1400,48.1900,48.9800,2149600
20150605,48.4300,48.6100,48.0400,48.1700,2454400
20150608,48.0600,48.5000,48.0200,48.3100,1206600
20150609,47.6900,48.0900,47.6500,48.0800,1965500
20150610,48.1000,48.3600,47.7900,47.8700,1816800
20150611,48.2500,48.4300,47.7900,48.0900,2313700
20150612,48.0000,48.2500,47.8900,47.9400,1587200
20150615,47.4900,47.7900,47.1800,47.7400,1701100
20150616,47.7100,47.8900,47.1400,47.2700,1062200
20150617,47.8000,48.0300,47.6100,47.9000,996600
20150618,48.2400,48.4100,47.8900,47.8900,1802400
20150619,48.1000,48.3600,48.0000,48.2500,2446000
20150622,48.7900,49.0600,48.3100,48.3500,1814100
20150623,48.8000,48.8700,48.6000,48.8300,1240800
20150624,48.1500,48.7500,48.0800,48.6400,1346600
20150625,48.2300,48.4100,48.0300,48.1900,1744000
20150626,47.9900,48.5100,47.7900,48.3400,1675200
20150629,46.8000,47.7600,46.7500,47.5500,2111300
20150630,46.8800,47.4700,46.5200,47.1000,3013300
20150701,47.3100,47.8300,44.3800,46.0000,4253200
20150702,47.6500,48.1900,47.2800,47.8000,3003500
20150706,48.1700,48.2500,47.3900,47.4900,3088400
20150707,48.0100,48.4500,47.2800,48.2500,2936700
20150708,47.3200,47.9100,47.2900,47.6600,2079400
20150709,47.4300,48.1300,47.3300,47.8200,1922000
20150710,47.7800,48.1100,47.5700,47.9500,1371800
20150713,48.3900,48.4400,47.9700,47.9700,1553900
20150714,48.1700,48.3900,48.0200,48.3700,1271500
20150715,47.7600,48.3700,47.6800,48.2300,2484600
20150716,47.9100,47.9500,47.3500,47.6800,2797700
20150717,47.4500,47.8200,47.2400,47.8200,2456000
20150720,47.3000,47.6300,47.1400,47.6100,2103200
20150721,47.2700,47.3800,47.0400,47.2800,1677000
20150722,47.2700,47.5500,47.1800,47.2400,1234500
20150723,46.6500,47.2500,46.5900,47.2300,1636500
20150724,46.1100,46.8200,46.0300,46.5300,2246600
20150727,46.2800,46.4800,45.3400,46.0000,2188800
20150728,46.6100,46.6300,46.1600,46.4800,1439400
20150729,46.7100,46.8800,46.2800,46.5500,2281900
20150730,46.2300,46.5700,45.7100,46.2300,2654000
20150731,46.4000,46.5100,46.1300,46.4500,1961600
20150803,47.5200,47.7000,45.9400,46.1600,4018800
20150804,47.6900,48.4000,46.3000,47.6400,3880400
20150805,48.2700,48.6600,47.8500,48.0000,2691700
20150806,47.5600,48.5000,47.3600,48.5000,2189200
20150807,47.6200,47.6800,47.2200,47.3000,1774400
20150810,48.1000,48.3600,47.8700,47.8700,1388700
20150811,47.8800,48.2800,47.5600,47.8300,2145900
20150812,47.8100,47.9700,47.2000,47.3000,1930700
20150813,48.1300,48.3300,47.6300,47.7800,1807100
20150814,48.3000,48.3900,48.0000,48.2700,1259300
20150817,48.3700,48.4100,47.7400,48.1300,1609300
20150818,48.4500,48.6300,48.2200,48.2300,1079300
20150819,48.0100,48.4500,47.6700,48.1500,1519800
20150820,47.3000,47.9700,47.2700,47.7200,1545600
20150821,45.6900,47.2300,45.6800,47.0000,2869900
20150824,43.9900,43.9900,41.5900,43.1000,5152100
20150825,42.9200,44.9500,42.9200,44.9500,5178800
20150826,44.6200,44.6600,43.1900,43.9800,3443700
20150827,45.2500,45.5100,44.5000,45.0400,2642000
20150828,44.9500,45.3700,44.7000,44.9500,2621800
20150831,44.6600,45.0600,44.5900,44.8000,2209500
20150901,43.4600,44.2700,43.1900,43.8100,2863900
20150902,44.4900,44.4900,43.7200,44.2200,2000400
20150903,44.7000,45.0100,44.5300,44.5600,1501200
20150904,44.3100,44.5500,43.8300,43.8300,1659000
20150908,45.5800,45.6000,44.5000,45.0300,1866600
20150909,45.3400,45.9800,45.2300,45.9400,2292900
20150910,45.3000,45.7900,45.1300,45.2100,2434900
20150911,45.7100,45.7300,45.0300,45.1600,1567100
20150914,45.3100,45.7200,45.2300,45.7000,1566900
20150915,45.9700,46.1600,45.2800,45.4800,1972000
20150916,46.2800,46.5200,45.7200,45.8800,1627400
20150917,46.6900,47.0500,46.0700,46.1900,3175000
20150918,46.5300,47.0600,46.0300,46.1400,4849700
20150921,46.6500,47.0800,46.4300,46.7000,1969500
20150922,46.0300,46.3900,45.7100,46.0300,2027300
20150923,46.3900,46.6100,45.9900,46.0400,1501900
20150924,46.3400,46.5400,45.7800,46.0900,1994500
20150925,46.6900,47.0900,46.4000,46.8100,2796900
20150928,45.7600,46.7900,45.6900,46.6800,2615500
20150929,46.0100,46.0700,45.5500,45.6700,2906300
20150930,47.6300,47.7100,46.2300,46.6000,4411100
20151001,48.1400,48.1900,47.3900,47.4400,4031500
20151002,47.7700,47.8500,46.3900,47.3800,6231500
20151005,48.6800,48.7700,47.9000,48.3900,3138700
20151006,48.5300,49.1100,48.4000,48.9000,3371100
20151007,49.4700,49.4700,48.7800,48.8800,2485200
20151008,49.9600,50.0600,49.2900,49.3800,2123200
20151009,50.0600,50.3000,49.9500,50.0500,3197900
20151012,50.3100,50.4400,49.9200,50.1400,1496200
20151013,49.7800,50.2000,49.6300,50.1100,2248700
20151014,49.5400,50.0000,49.4400,49.9000,1479100
20151015,49.8700,49.8700,49.0700,49.0700,1799600
20151016,50.2300,50.3400,49.5600,49.9300,1860100
20151019,50.4600,50.7200,50.0100,50.2400,1932300
20151020,50.4100,50.7100,50.0100,50.2600,1600100
20151021,50.3100,50.9400,50.1700,50.6700,1833700
20151022,51.6000,51.7900,50.5200,50.5300,3620900
20151023,51.7900,51.9500,51.4100,51.9200,2424600
20151026,52.1500,52.2100,51.6500,51.9400,2247800
20151027,52.0900,52.1500,51.6600,51.9600,2272800
20151028,52.2400,52.3800,51.6000,52.1600,2604600
20151029,51.7600,51.8100,51.4400,51.5700,1551700
20151030,51.5800,52.0600,51.4700,51.7800,2248400
20151102,51.9100,51.9700,51.5600,51.7100,1250700
20151103,51.7400,51.9700,51.4700,51.7000,2065200
20151104,51.8200,52.0000,51.6000,51.7500,1537100
20151105,52.5400,52.7300,51.7600,51.8900,2885600
20151106,52.8000,52.9700,52.2400,52.4100,2424200
20151109,52.7300,52.8300,52.0600,52.4600,2085500
20151110,53.1100,53.1400,52.6600,52.7300,1760000
20151111,53.1700,53.5900,53.1100,53.1200,1791200
20151112,52.8500,53.3800,52.8300,53.0800,2004600
20151113,52.3600,53.1000,52.2700,52.8300,2351800
20151116,53.3600,53.4000,52.4100,52.4100,2270500
20151117,53.3300,53.4600,52.6000,53.1900,2205600
20151118,53.9300,53.9600,53.0500,53.3300,2027100
20151119,54.0500,54.2100,53.8000,53.9500,2103700
20151120,54.4400,54.5400,54.1300,54.4500,2333600
20151123,54.3100,54.5200,54.0400,54.4400,1549600
20151124,54.1800,54.3300,53.4700,54.1100,2043600
20151125,54.4000,54.4800,54.0800,54.2500,1378900
20151127,54.0600,54.4400,54.0200,54.3200,937600
20151130,54.2500,54.4000,53.9800,54.1500,2269000
20151201,54.1500,54.7800,53.8900,54.2400,2095900
20151202,53.9100,54.3900,53.7600,53.9100,2699300
20151203,52.6500,53.9900,52.5000,53.9700,3371200
20151204,53.7100,53.7700,52.7400,52.9000,2501400
20151207,53.5100,53.8100,53.1700,53.6100,1295900
20151208,53.4800,53.6300,52.9700,53.2100,1627400
20151209,52.9900,53.8300,52.7800,53.2400,1832600
20151210,53.1100,53.4800,52.7800,53.0700,1697200
20151211,52.2500,53.4300,52.0800,53.4300,2447100
20151214,52.7800,53.0000,52.2800,52.5000,1859000
20151215,53.0800,53.4300,52.8000,53.2500,2538400
20151216,54.0600,54.1700,53.2100,53.5000,2087100
20151217,53.3500,54.3000,53.3500,54.1200,2235000
20151218,52.4500,53.2500,52.3800,53.2500,5867000
20151221,52.6000,53.0000,52.1200,52.8900,3609500
20151222,52.7100,53.0000,51.1100,52.9900,3861600
20151223,53.9500,54.0800,52.7800,52.8100,2244100
20151224,53.8200,54.1000,53.5400,54.0400,833600
20151228,53.7900,53.8500,53.3600,53.5700,1273600
20151229,54.2600,54.5400,53.9300,54.0000,1621900
20151230,53.7800,54.5000,53.7700,54.3000,1346400
20151231,52.8900,53.7400,52.6200,53.4500,1984800
20160104,51.5500,52.1100,51.0300,52.0000,3016000
20160105,51.5100,52.0200,51.2500,51.8800,2923000
20160106,50.7800,51.1800,50.6900,50.8900,2524100
20160107,48.4300,49.3600,47.7700,48.4400,7593800
20160108,47.5600,48.7700,47.4500,48.5200,5431000
20160111,47.4200,47.9200,46.9300,47.6700,5280700
20160112,47.4600,47.6700,46.7900,47.6600,5207100
20160113,46.3800,47.7400,46.3400,47.7300,3974800
20160114,47.3200,47.6800,46.4800,46.6600,2887900
20160115,46.7000,46.8100,46.0600,46.0700,3381700
20160119,47.5000,47.6400,46.9800,47.3900,4061500
20160120,46.6500,47.2300,45.7600,46.8800,4216100
20160121,47.3900,47.8100,46.2400,46.9400,4442900
20160122,48.1900,48.8400,47.8600,48.1900,4049800
20160125,47.4100,48.1500,47.3000,48.0400,2094700
20160126,47.7100,48.0100,47.4300,47.7300,1988700
20160127,47.0100,48.0100,46.7800,47.7100,2579700
20160128,46.4300,47.1900,46.2000,47.1900,2836100
20160129,47.8600,47.8600,46.6600,46.8200,4151800
20160201,48.3500,48.4500,47.4100,47.7300,3464800
20160202,48.3500,48.3700,47.3000,47.7900,6965500
20160203,48.1000,48.6700,47.4000,48.4800,4933900
20160204,47.9400,48.5000,47.3500,47.7700,3019300
20160205,47.0400,48.1700,46.7300,47.9700,3699400
20160208,46.8100,46.9400,45.8300,46.3300,3939000
20160209,46.6600,47.1300,46.3500,46.3800,3262000
20160210,46.9700,47.7900,46.8300,47.2400,2650900
20160211,47.7400,48.1400,46.0800,46.0900,5241900
20160212,48.9400,49.1400,47.9200,48.3300,3150500
20160216,49.9900,50.0700,48.6300,48.6300,2847200
20160217,50.6100,50.7500,50.0500,50.0500,2492600
20160218,50.8500,51.0200,50.2500,50.3600,2522800
20160219,51.2500,51.3000,50.4500,50.6700,2383500
20160222,51.9200,51.9400,51.3500,51.5600,2608200
20160223,51.4200,52.0600,51.3600,51.5200,1722200
20160224,51.6300,51.6700,50.6600,51.0000,1601300
20160225,52.1400,52.1600,51.3900,51.7000,1413000
20160226,51.6800,52.5000,51.5600,52.4900,1667400
20160229,51.3900,52.0800,51.3700,51.6400,2110200
20160301,52.6100,52.6100,51.6600,51.9000,1975500
20160302,52.2100,52.4700,51.9300,52.4100,2313300
20160303,52.4500,52.4800,51.8200,52.1500,2068100
20160304,52.5800,52.8000,52.0200,52.5300,1557800
20160307,52.5900,52.8100,52.0000,52.2500,1712300
20160308,52.0400,52.4800,51.8500,51.9000,1431900
20160309,52.1200,52.3800,51.9500,52.3100,1434100
20160310,51.8700,52.7400,51.4300,52.2900,1550400
20160311,52.9500,53.0600,52.0000,52.4800,1792700
20160314,53.0100,53.1100,52.5400,52.7000,1309400
20160315,53.1300,53.2100,52.4000,52.6100,1320200
20160316,53.3000,53.3800,52.7600,52.7800,1099900
20160317,54.2300,54.4500,53.0000,53.3000,2179500
20160318,53.9900,54.4700,53.7600,54.4700,2473400
20160321,54.2500,54.3100,53.5700,53.9400,1010900
20160322,54.0500,54.1400,53.4300,53.9100,1350400
20160323,53.9500,54.2400,53.8300,54.0700,1417400
20160324,53.9900,54.0900,53.5600,53.8000,1415300
20160328,54.1700,54.3800,53.7100,54.0700,1798800
20160329,54.4900,54.5700,54.0000,54.0200,2132800
20160330,53.2900,53.6500,52.3200,53.6000,4209300
20160331,54.0100,54.4900,53.2300,53.4800,3154400
20160401,54.1700,54.2000,53.1900,53.3100,2031100
20160404,53.4500,54.4500,53.3000,54.4200,1898300
20160405,53.1100,54.5100,53.0500,54.5100,2165700
20160406,53.6400,53.6800,52.6300,52.6300,2041600
20160407,52.8700,53.4600,52.6700,53.2100,2074200
20160408,53.0400,53.4300,52.8700,53.2300,1206800
20160411,52.6800,53.5700,52.6000,53.2500,1654800
20160412,53.0900,53.1200,52.4700,52.7600,1992200
20160413,53.0600,53.3500,52.6400,53.3500,2192700
20160414,52.9300,53.2500,52.8200,53.1400,1255700
20160415,52.8700,52.9700,52.4900,52.7900,1364700
20160418,53.4200,53.4200,52.5000,52.8100,1106400
20160419,53.5600,53.6900,53.2500,53.5800,2087300
20160420,53.3900,53.8200,53.2900,53.7800,1847000
20160421,52.2900,53.4100,52.2100,53.2900,1979500
20160422,52.2700,52.6700,52.0800,52.2800,1652300
20160425,52.5700,52.5700,52.0400,52.2700,2266200
20160426,52.6500,52.8100,52.3200,52.5000,2261800
20160427,53.1200,53.2400,52.5000,52.6700,1619000
20160428,52.8200,53.2900,52.2900,52.6400,1993500
20160429,52.1200,52.6000,51.8000,52.3000,2286600
20160502,52.6000,52.6600,52.1200,52.2300,1264900
20160503,52.4000,52.6500,52.1100,52.2800,1503500
20160504,52.2900,52.3600,51.9100,52.0600,1369600
20160505,51.1900,52.0800,51.1300,51.9600,2502200
20160506,51.9100,51.9100,51.0600,51.0600,1972900
20160509,51.9900,52.2100,51.7700,51.9800,1316700
20160510,52.8900,52.9300,52.0200,52.2000,1638300
20160511,52.2100,52.8400,52.1000,52.8400,1621600
20160512,52.1100,52.5200,51.9100,52.3700,1891300
20160513,51.7100,52.3700,51.6800,52.1100,1264900
20160516,52.0600,52.3900,51.5100,51.7100,1590000
20160517,51.4700,52.1300,51.2900,51.9800,1441700
20160518,51.7300,52.0100,51.2500,51.4100,1402800
20160519,51.7100,51.8000,51.0900,51.4200,1216800
20160520,52.0300,52.3300,51.8500,51.8800,1573600
20160523,51.7300,52.1800,51.7100,52.0900,1196000
20160524,53.0800,53.1300,51.9500,52.0400,1885600
20160525,53.6700,53.7100,53.2000,53.2300,1959200
20160526,53.9700,54.0500,53.4900,53.5600,2106900
20160527,54.3300,54.3300,53.8500,54.0700,1711900
