20150529,15.5600,15.6200,15.4200,15.5900,3996200
20150601,15.5300,15.6500,15.4200,15.6000,3184900
20150602,15.5600,15.6200,15.4500,15.5000,2522000
20150603,15.7800,15.8300,15.6100,15.6200,2723700
20150604,15.7000,15.8200,15.6300,15.7300,2478400
20150605,15.8900,15.9000,15.6400,15.7300,3855200
20150608,15.8700,15.9900,15.8400,15.8800,2722100
20150609,15.9300,16.0400,15.8200,15.8700,2298100
20150610,16.0700,16.1300,15.9400,16.0000,2963900
20150611,16.0700,16.1300,16.0100,16.1100,2092900
20150612,16.0400,16.0800,15.9600,16.0200,1524700
20150615,16.0300,16.1100,15.9000,16.0000,2450200
20150616,16.1300,16.1500,16.0000,16.0700,2901200
20150617,15.9700,16.2000,15.9300,16.1900,2617800
20150618,16.1300,16.1600,15.9700,16.0300,2350200
20150619,16.0900,16.1700,16.0500,16.0900,5245500
20150622,16.2900,16.3200,16.1100,16.1600,2716700
20150623,16.4100,16.4500,16.3000,16.3400,2481900
20150624,16.2600,16.4300,16.2500,16.3500,2472100
20150625,16.3900,16.4100,16.2500,16.2900,2892900
20150626,16.5900,16.6400,16.3800,16.4000,4675500
20150629,16.2700,16.6100,16.2500,16.4300,3179800
20150630,16.2100,16.4700,16.2100,16.4000,3981700
20150701,16.4200,16.5200,16.2700,16.3800,7046300
20150702,16.2600,16.9500,16.1900,16.8400,3078900
20150706,16.1600,16.2400,16.0900,16.1900,3785400
20150707,16.0400,16.2800,15.8500,16.2800,4442600
20150708,15.9200,16.0000,15.8000,15.9200,4589600
20150709,16.0500,16.1500,15.9600,16.0800,2704400
20150710,16.1500,16.2900,16.1000,16.2400,3675500
20150713,16.2400,16.3200,16.2000,16.2200,2877200
20150714,16.2100,16.3400,16.1200,16.2000,4128900
20150715,16.3600,16.3900,16.1600,16.2000,3784000
20150716,16.3900,16.4700,16.3400,16.4100,3763200
20150717,16.1800,16.4100,15.9600,16.1900,6733900
20150720,16.3300,16.4100,16.0100,16.1700,3478600
20150721,16.1900,16.4600,16.1700,16.3600,3133100
20150722,16.4000,16.4400,16.1700,16.2100,2716800
20150723,16.2400,16.4700,16.2000,16.3500,2545500
20150724,16.1500,16.2500,16.0900,16.1900,5553100
20150727,16.1600,16.2800,16.0300,16.1100,6117800
20150728,16.1400,16.2000,15.8600,16.1400,5273200
20150729,16.0400,16.1100,15.6400,15.7000,6227300
20150730,16.1400,16.1500,15.9500,15.9500,3484400
20150731,16.2700,16.2900,16.0300,16.1700,8076600
20150803,16.2300,16.3200,16.0500,16.2300,3505500
20150804,16.3100,16.4000,16.0900,16.2200,3203300
20150805,16.3500,16.5100,16.2700,16.3500,2883900
20150806,16.4000,16.4200,16.2500,16.3600,2989600
20150807,16.3400,16.4400,16.2600,16.4200,3800000
20150810,16.5200,16.5300,16.4100,16.4700,3292000
20150811,16.3500,16.4800,16.2500,16.4800,2837000
20150812,16.1200,16.2600,15.9100,16.2600,3798000
20150813,16.2500,16.2800,16.0900,16.1000,2158600
20150814,16.4700,16.5000,16.2400,16.2600,2579500
20150817,16.5000,16.6000,15.6400,16.0800,3452900
20150818,16.5700,16.6500,16.4200,16.5300,4382900
20150819,16.3800,16.6400,16.3700,16.5600,3893600
20150820,16.0100,16.2800,16.0000,16.2400,3495100
20150821,15.7700,16.0000,15.7700,15.8900,4425200
20150824,14.9400,15.4600,14.8400,15.1700,10025500
20150825,14.7000,15.3000,14.6900,15.2900,7750200
20150826,15.0800,15.1100,14.7700,14.8900,5888000
20150827,15.4200,15.4900,15.1600,15.2400,4766900
20150828,15.4700,15.5800,15.3500,15.4200,3373700
20150831,15.5000,15.5600,15.3300,15.3500,2554700
20150901,14.9000,15.3000,14.8300,15.2500,3991200
20150902,15.0900,15.1400,14.8700,15.1400,4003600
20150903,15.2100,15.2900,15.0800,15.1300,2174200
20150904,15.0700,15.1500,14.9600,15.0300,2287400
20150908,15.4800,15.5200,15.2100,15.3000,2525400
20150909,15.4100,15.6500,15.3900,15.6200,2810400
20150910,15.5400,15.6700,15.3600,15.3800,3138900
20150911,15.4900,15.5200,15.3900,15.4700,2868700
20150914,15.5000,15.5400,15.3500,15.4200,3024400
20150915,15.7000,15.7700,15.4400,15.5500,2050100
20150916,15.7900,15.8500,15.6200,15.7500,2516200
20150917,15.4800,15.9100,15.4100,15.7500,3736000
20150918,15.2200,15.4500,15.1300,15.3000,6816500
20150921,15.4800,15.5600,15.3300,15.3300,2915500
20150922,15.3600,15.5200,15.2400,15.2500,3223800
20150923,15.4600,15.5900,15.3600,15.4300,2375500
20150924,15.5500,15.5500,15.2700,15.3300,3983200
20150925,15.6800,15.8000,15.6100,15.7200,3012500
20150928,15.4600,15.7700,15.4200,15.6100,3289700
20150929,15.5300,15.5800,15.4300,15.5300,4520800
20150930,15.7300,15.7300,15.5500,15.6300,3409700
20151001,15.5800,15.7500,15.4100,15.6600,4187400
20151002,15.4100,15.4200,15.0000,15.3300,4455900
20151005,15.7400,15.7800,15.4900,15.5400,2820000
20151006,15.7200,15.8300,15.6000,15.6300,2549300
20151007,15.8800,15.9100,15.6600,15.8000,2865800
20151008,16.0300,16.0500,15.8000,15.8800,2172000
20151009,15.7800,16.0500,15.7100,16.0000,2764400
20151012,15.9100,15.9200,15.7200,15.8000,1659400
20151013,15.8500,15.9900,15.8100,15.8400,3320300
20151014,15.4000,15.8400,15.3500,15.8300,3862400
20151015,15.5900,15.6100,15.3600,15.5000,4764300
20151016,15.7300,15.8300,15.6200,15.6800,5804800
20151019,15.9100,16.0300,15.6200,15.7000,4253700
20151020,16.1100,16.1700,15.9100,15.9100,2582800
20151021,15.9000,16.2500,15.8700,16.2100,3788700
20151022,16.1500,16.2700,15.9600,16.0000,3097400
20151023,16.4400,16.4500,16.1900,16.2600,3275900
20151026,16.4800,16.5300,16.2800,16.4700,3238900
20151027,16.5300,16.6500,16.4000,16.4000,5338500
20151028,16.8000,16.8000,16.3500,16.3500,3909400
20151029,16.4300,16.7000,16.3500,16.6500,6738200
20151030,15.9500,16.4900,15.8400,16.4900,6643500
20151102,16.2800,16.3000,15.9800,16.0400,3117800
20151103,16.2200,16.3300,16.1400,16.2200,2264400
20151104,16.2200,16.3000,16.1500,16.2500,2198200
20151105,16.4300,16.5000,16.2300,16.2400,2527600
20151106,16.7900,16.8700,16.6100,16.6600,3752900
20151109,16.7100,16.8600,16.5700,16.7700,3383000
20151110,16.7800,16.8700,16.6000,16.7300,4050800
20151111,16.7300,16.9000,16.6900,16.8600,2376400
20151112,16.5100,16.8000,16.4900,16.7000,3193100
20151113,16.2900,16.6100,16.2300,16.4500,3095400
20151116,16.5400,16.5500,16.2200,16.2900,3184400
20151117,16.5600,16.7200,16.4400,16.5600,3630700
20151118,16.6200,16.6400,16.2700,16.5900,5493700
20151119,16.4300,16.6400,16.3600,16.6400,3907900
20151120,16.6000,16.6600,16.4300,16.4500,3543000
20151123,16.5800,16.7000,16.5600,16.5900,1917600
20151124,16.6400,16.6800,16.3900,16.4700,2988500
20151125,16.6800,16.7200,16.5800,16.6500,1768400
20151127,16.7000,16.7200,16.5500,16.6600,1505400
20151130,16.7500,16.7700,16.5800,16.7300,3294200
20151201,16.8500,16.9100,16.6500,16.8500,5301700
20151202,16.6500,16.9100,16.6300,16.8600,3916900
20151203,16.4700,16.7400,16.4400,16.6800,5608000
20151204,16.8200,16.9300,16.4500,16.5000,4987300
20151207,16.4900,16.7800,16.4100,16.7500,4541300
20151208,16.2400,16.5700,16.1700,16.3600,4897200
20151209,16.1800,16.5000,16.0900,16.2000,4220600
20151210,16.2300,16.3800,16.1000,16.1400,3325300
20151211,15.9900,16.1200,15.8800,16.0400,3455900
20151214,15.9900,16.1000,15.8400,16.0800,4603200
20151215,16.3200,16.4400,16.1000,16.1200,4219600
20151216,16.5300,16.5900,16.2500,16.4300,3909200
20151217,16.2600,16.5800,16.2200,16.5600,3442700
20151218,15.9000,16.5600,15.8500,16.2800,16613800
20151221,16.0200,16.0800,15.8600,15.9900,3238500
20151222,16.1800,16.2100,15.8500,16.1000,3973000
20151223,16.3200,16.3500,16.2200,16.2600,2259900
20151224,16.3500,16.4100,16.2500,16.2900,733900
20151228,16.3400,16.3600,16.1200,16.2600,1955300
20151229,16.5200,16.5600,16.3600,16.4100,2453400
20151230,16.3500,16.5400,16.3300,16.5200,1667900
20151231,16.1500,16.3600,16.1400,16.2500,2073100
20160104,15.7700,15.9400,15.6400,15.8500,4508800
20160105,15.7600,15.8800,15.6400,15.8000,3561200
20160106,15.6100,15.7000,15.4900,15.5500,3604800
20160107,15.2500,15.4800,15.1900,15.3100,3783500
20160108,14.9500,15.3900,14.9200,15.3700,4088700
20160111,14.9900,15.1100,14.8300,15.0400,5113700
20160112,15.0200,15.1700,14.8100,15.1600,4638000
20160113,14.4900,15.1700,14.4700,15.1200,6628300
20160114,14.8100,15.0200,14.4000,14.5700,7220500
20160115,14.4800,14.8000,14.1100,14.4200,6872200
20160119,14.4600,14.6900,14.3500,14.6700,4265400
20160120,14.4400,14.6200,13.9800,14.2300,6849900
20160121,14.3300,14.6800,14.2400,14.5100,6147700
20160122,13.9400,14.4800,13.7800,14.3500,9265200
20160125,13.6400,13.9000,13.6200,13.9000,7304000
20160126,14.1100,14.1600,13.6400,13.6400,6523400
20160127,14.1300,14.4800,14.0200,14.1000,4395900
20160128,14.0400,14.2300,13.9700,14.0100,3459900
20160129,14.3700,14.3700,14.0000,14.0400,4585800
20160201,14.3300,14.4500,14.0900,14.3600,3882500
20160202,14.0700,14.3100,14.0000,14.1800,3783300
20160203,14.1700,14.2500,13.7800,14.1600,6690800
20160204,14.3300,14.5300,14.0700,14.0700,4341300
20160205,14.2500,14.5200,14.2400,14.3700,5867400
20160208,14.3600,14.4500,13.9400,14.0300,6936200
20160209,14.5400,14.7200,14.1500,14.1500,8882100
20160210,14.2000,14.7400,14.1500,14.6100,5354100
20160211,13.8500,14.3500,13.7000,13.8900,3696200
20160212,14.3600,14.4700,14.0300,14.0800,4592800
20160216,14.8300,14.9800,14.3600,14.4800,4953700
20160217,14.6800,14.9500,14.5600,14.7800,4818000
20160218,14.5000,14.7300,14.4000,14.7200,4075100
20160219,14.6700,14.7500,14.3400,14.4900,3765200
20160222,14.8600,14.9300,14.7600,14.8200,2241300
20160223,14.7000,14.8700,14.5600,14.8300,4022000
20160224,14.5600,14.5800,14.2400,14.4600,4901300
20160225,14.7800,14.8000,14.5100,14.6400,2172100
20160226,14.9100,14.9900,14.7500,14.9200,3728700
20160229,14.6100,14.9100,14.6100,14.8900,3885200
20160301,15.1300,15.1300,14.6900,14.7000,3524200
20160302,15.2900,15.3000,15.0000,15.0800,2645500
20160303,15.5300,15.5300,15.1900,15.2400,3524600
20160304,15.6100,15.7100,15.4800,15.5300,2769100
20160307,15.6300,15.6900,15.4300,15.4900,2931700
20160308,15.4800,15.6600,15.4600,15.5500,3903100
20160309,15.4100,15.5800,14.8400,14.8400,2987900
20160310,15.7200,15.7900,15.4200,15.5600,5429000
20160311,15.9400,15.9500,15.6900,15.8400,3333700
20160314,15.9000,15.9900,15.7000,15.8700,3285700
20160315,15.8800,15.9200,15.7300,15.7600,3369900
20160316,15.8400,16.0200,15.6600,15.8000,4002500
20160317,15.9400,15.9900,15.5900,15.8400,3274600
20160318,16.0200,16.2300,15.7700,15.9900,6293000
20160321,16.1300,16.1300,15.8200,15.8200,2869400
20160322,16.1700,16.2700,15.9900,16.0100,3393800
20160323,15.9600,16.1700,15.9600,16.1400,3569300
20160324,15.8600,15.9400,15.7300,15.9000,4779800
20160328,15.8500,15.9900,15.8000,15.9500,4353800
20160329,15.9200,15.9600,15.6700,15.8100,3645000
20160330,16.0900,16.2200,15.9000,15.9700,4150300
20160331,15.9300,16.1200,15.8400,16.0900,4382200
20160401,16.1300,16.1300,15.7700,15.8300,4472000
20160404,16.0500,16.1400,15.9600,16.1400,2728900
20160405,15.6400,15.8600,15.5100,15.5100,4028200
20160406,15.7200,15.7200,15.5000,15.6500,3227400
20160407,15.3100,15.6800,15.2400,15.6300,4136100
20160408,15.3800,15.6100,15.3400,15.4600,4338800
20160411,15.4600,15.6700,15.4300,15.4500,3172600
20160412,15.6500,15.6800,15.3800,15.5600,2685800
20160413,16.0300,16.0500,15.7500,15.7600,3476200
20160414,16.1300,16.3200,15.9700,16.0000,3432400
20160415,16.0700,16.2200,16.0100,16.1700,2890300
20160418,16.1900,16.2000,15.9500,16.0300,2327400
20160419,16.3500,16.3600,16.1800,16.2200,3046700
20160420,16.4800,16.5000,16.2500,16.3800,2935900
20160421,15.8700,16.6800,15.8000,16.6500,6566500
20160422,16.0900,16.1300,15.6400,15.6700,5971800
20160425,16.0400,16.1500,15.8700,16.1500,3136800
20160426,16.1500,16.1500,15.9700,16.0300,5392700
20160427,15.8100,16.1400,15.7000,15.9800,5119600
20160428,15.5300,15.7600,15.4500,15.6700,4354400
20160429,15.5000,15.5800,15.3800,15.5200,6059300
20160502,15.5500,15.6000,15.4200,15.5300,3841200
20160503,15.3000,15.4900,15.2000,15.3800,4047300
20160504,15.0600,15.2900,14.9300,15.2300,5498000
20160505,15.0000,15.2000,14.9400,15.1400,4201100
20160506,15.0400,15.0500,14.8800,14.9400,3690700
20160509,15.1300,15.1400,14.9300,15.0000,5129200
20160510,15.2100,15.2800,15.0900,15.1800,16358500
20160511,15.2400,15.4300,15.1800,15.2300,5610400
20160512,15.2800,15.3600,15.1400,15.2700,3708600
20160513,15.0400,15.3800,15.0100,15.2700,4453500
20160516,15.2100,15.2700,15.0100,15.0400,4277100
20160517,14.9900,15.2300,14.9100,15.1800,4577100
20160518,15.3800,15.4100,14.9700,14.9900,4521200
20160519,15.2700,15.4200,15.1600,15.3100,4159600
20160520,15.4200,15.4700,15.2000,15.3000,11302600
20160523,15.4000,15.4900,15.3400,15.4200,3061400
20160524,15.6300,15.6700,15.4000,15.4200,3115600
20160525,15.8400,15.9400,15.6600,15.6600,4253900
20160526,15.6600,15.8200,15.6100,15.8100,2784700
20160527,15.8500,15.8600,15.6500,15.7300,3044800
