20150529,21.8500,22.2700,21.8100,22.2100,2214300
20150601,21.8800,22.0300,21.7100,21.8800,1352000
20150602,21.9000,22.0400,21.7900,21.8000,1066100
20150603,21.9300,22.1900,21.9200,21.9700,858000
20150604,21.7300,22.0000,21.6800,21.8600,924500
20150605,21.8200,21.8500,21.5000,21.6700,1347800
20150608,21.7700,21.8500,21.6900,21.7900,1109300
20150609,21.6100,21.7900,21.5900,21.7600,710900
20150610,22.0300,22.2700,21.5500,21.6100,1678900
20150611,22.1900,22.4500,22.1400,22.1600,1418800
20150612,21.7400,22.1200,21.7400,22.0600,902400
20150615,21.5700,21.9600,21.4400,21.9100,1438000
20150616,21.6200,21.6800,21.5100,21.5400,862700
20150617,21.7000,21.8000,21.6200,21.6600,801700
20150618,21.9400,22.0600,21.7300,21.7800,794500
20150619,21.9800,22.1200,21.8900,21.9800,1407000
20150622,21.9200,22.0700,21.8800,22.0700,604400
20150623,22.1300,22.1800,21.8500,21.9000,1168500
20150624,21.7600,22.1500,21.7400,22.0900,1169900
20150625,21.4300,21.7600,21.3900,21.7500,1198600
20150626,21.4900,21.5500,21.3100,21.4100,1962500
20150629,21.1800,21.5100,21.1600,21.4000,2268700
20150630,20.8100,21.4500,20.7900,21.3700,2347900
20150701,20.8100,21.0500,20.6500,20.9000,2403000
20150702,20.8900,21.1300,20.7200,21.0000,966200
20150706,20.8600,20.9600,20.6700,20.6800,1116900
20150707,21.1000,21.1300,20.5700,20.8400,1699300
20150708,20.6400,21.0700,20.6300,20.9700,949900
20150709,20.7300,20.9400,20.6500,20.8500,967200
20150710,21.0800,21.1400,20.8300,20.9700,987600
20150713,21.1400,21.2700,20.9900,21.2700,911000
20150714,21.3500,21.3800,21.1300,21.1800,1006300
20150715,21.3000,21.3600,21.2000,21.3600,851400
20150716,21.3400,21.4900,21.3100,21.4300,726000
20150717,21.0900,21.4000,20.9900,21.3200,769600
20150720,21.2100,21.2800,21.0600,21.1400,901200
20150721,20.5700,21.1900,20.4200,21.1300,1425300
20150722,21.0700,21.2300,20.5000,20.5300,1719400
20150723,20.9300,21.1300,20.8900,21.0800,1147000
20150724,20.3100,20.9500,20.2100,20.9200,2810000
20150727,20.2800,20.3700,20.1200,20.2500,1320000
20150728,20.5900,20.7400,20.2800,20.4400,1340000
20150729,20.7700,20.9400,20.4300,20.5400,1758300
20150730,20.4500,21.2300,20.1700,20.6400,2641800
20150731,20.9200,20.9900,20.3300,20.5400,3469900
20150803,20.3500,20.9400,20.1700,20.9200,2491300
20150804,20.5700,20.7500,20.3400,20.3700,2011000
20150805,20.6800,20.9700,20.6300,20.7500,983000
20150806,20.8700,20.9200,20.4900,20.6800,1628900
20150807,20.7100,20.8400,20.5700,20.8200,1440400
20150810,21.1300,21.1500,20.7900,20.7900,1557300
20150811,21.3300,21.3500,20.9200,20.9400,2568400
20150812,21.4300,21.4900,21.0900,21.2900,2666700
20150813,21.2400,21.4900,21.2200,21.4000,1166400
20150814,21.3200,21.4500,21.2300,21.3700,1101600
20150817,21.5000,21.6000,21.1300,21.2500,1233200
20150818,21.4800,21.6400,21.3800,21.5500,1435300
20150819,21.1800,21.4900,21.0700,21.2700,1302000
20150820,20.7700,21.0800,20.7500,20.9800,1629100
20150821,20.1300,20.7100,20.1200,20.5700,1801800
20150824,19.2400,19.8400,18.8800,19.0700,3082900
20150825,18.8200,19.7800,18.8200,19.7200,2599900
20150826,19.1500,19.2100,18.5900,19.1600,2826700
20150827,20.0000,20.1300,19.2900,19.3000,2711200
20150828,19.9500,20.1100,19.8100,19.8800,1257900
20150831,19.8100,20.1200,19.6200,19.8600,1920800
20150901,19.2900,19.5900,19.1300,19.4300,1660700
20150902,19.5900,19.6000,19.2900,19.4500,1236600
20150903,19.8300,19.8800,19.5300,19.6600,1881800
20150904,19.4000,19.6600,19.2600,19.5200,1281600
20150908,20.1800,20.2000,19.6800,19.7600,1708500
20150909,19.9700,20.5600,19.9300,20.4300,3512000
20150910,20.2500,20.3600,19.8700,19.9800,1851100
20150911,20.4300,20.4800,19.9800,20.1600,2063500
20150914,20.4500,20.5300,20.3600,20.5000,1862700
20150915,20.8500,20.9800,20.4700,20.5700,1816800
20150916,21.0500,21.2200,20.7800,20.9000,2070700
20150917,21.0100,21.3700,20.8600,21.0200,1842500
20150918,20.5800,20.9500,20.3900,20.7500,3984200
20150921,20.4400,20.8600,20.3800,20.6400,2383300
20150922,20.0400,20.2200,19.8500,20.1400,1748900
20150923,19.9800,20.2000,19.8900,20.0100,1468300
20150924,19.9600,20.0900,19.7700,19.8500,2562400
20150925,20.1200,20.1900,19.8200,20.0500,1841000
20150928,19.6800,20.0800,19.5200,20.0500,2029800
20150929,19.2800,19.7500,19.0600,19.6900,2165700
20150930,19.8500,19.8600,19.4400,19.5000,2343100
20151001,19.4900,19.9100,19.4000,19.8900,1769800
20151002,19.7300,19.7300,19.1600,19.2700,1049000
20151005,20.3800,20.4000,19.8300,19.8300,1091900
20151006,20.3600,20.5000,20.2900,20.3400,1372500
20151007,20.7500,20.7900,20.4200,20.4900,1238500
20151008,20.8500,20.8700,20.5700,20.7000,1199000
20151009,20.8100,21.0500,20.7600,20.8700,1138500
20151012,20.8000,20.8900,20.7000,20.7900,540400
20151013,20.7300,20.9500,20.6700,20.6800,863900
20151014,20.6100,20.9300,20.5500,20.7400,890100
20151015,20.8100,20.8100,20.4100,20.6800,766400
20151016,20.8000,20.9200,20.6100,20.8700,897900
20151019,20.8900,20.9100,20.6000,20.6800,665100
20151020,21.0000,21.1500,20.7700,20.8300,1770200
20151021,20.6700,21.1300,20.6600,21.0600,1229800
20151022,20.9800,21.1300,20.6700,20.7600,937600
20151023,21.2200,21.2900,21.0100,21.1900,950300
20151026,21.0500,21.3000,20.9900,21.2300,744000
20151027,20.7000,21.0300,20.5900,20.9200,1192100
20151028,21.1000,21.2200,20.6900,20.7600,1225600
20151029,20.1000,20.6000,19.7400,19.7400,2603100
20151030,20.6500,20.9300,20.1800,20.1800,1719800
20151102,21.3600,21.4800,20.5800,20.6500,1850100
20151103,21.4300,21.5900,21.2000,21.3200,1652300
20151104,21.1200,21.5200,21.0700,21.4600,705000
20151105,21.1200,21.1700,20.8600,21.0400,808800
20151106,21.2700,21.4700,20.8100,21.0000,1635200
20151109,21.1600,21.3200,20.8700,21.2700,1433000
20151110,21.2700,21.2700,21.0200,21.1100,1178600
20151111,21.1900,21.3800,21.1200,21.3800,874400
20151112,20.8700,21.2000,20.8500,21.0700,1153900
20151113,20.5300,20.8700,20.5100,20.8100,743900
20151116,20.8100,20.8500,20.4300,20.5000,742300
20151117,20.7700,21.1300,20.7200,20.8900,1434900
20151118,21.0300,21.0600,20.6700,20.7100,1539300
20151119,21.0300,21.1100,20.8000,21.0300,778100
20151120,21.2400,21.2800,21.0600,21.1600,1308300
20151123,21.1300,21.2900,21.0400,21.2500,806500
20151124,21.1600,21.1700,20.7500,21.0000,1348600
20151125,21.1200,21.2100,20.9200,21.1700,758400
20151127,21.0600,21.2200,20.9200,21.1300,483800
20151130,21.6000,21.7500,21.0000,21.1200,2829900
20151201,21.3400,21.7600,21.2000,21.6300,1711100
20151202,20.8600,21.4000,20.8100,21.3500,1316000
20151203,20.7600,20.9800,20.5600,20.9500,2292000
20151204,21.0800,21.1000,20.6800,20.7900,1519900
20151207,20.6600,21.0000,20.4300,20.9400,1939700
20151208,20.3400,20.7500,20.2400,20.4500,1684900
20151209,19.8100,20.4600,19.7300,20.2700,3380400
20151210,19.9700,20.1100,19.7300,19.8500,1585100
20151211,19.5900,19.8000,19.4900,19.5800,1722500
20151214,19.3200,19.6100,19.1200,19.5700,2276200
20151215,19.6100,19.8100,19.3700,19.3900,1288300
20151216,20.0100,20.0500,19.6100,19.8100,1438400
20151217,19.8200,20.1000,19.5700,20.0100,1250700
20151218,19.6800,19.9100,19.6200,19.7000,3552400
20151221,19.8600,19.9800,19.6000,19.8500,1558800
20151222,20.1600,20.1700,19.7600,19.8800,1165700
20151223,20.6200,20.6700,20.1900,20.2700,1085500
20151224,20.6400,20.7600,20.5500,20.6100,450000
20151228,20.5400,20.5800,20.1700,20.5600,1061600
20151229,20.9400,20.9800,20.4200,20.6300,1125800
20151230,20.8200,20.9900,20.8100,20.8800,857800
20151231,20.6500,20.8800,20.6400,20.8100,1221500
20160104,20.3800,20.4200,20.1000,20.3300,1526500
20160105,20.3800,20.5000,20.2400,20.4000,981800
20160106,20.1700,20.3200,19.9800,20.0700,1792400
20160107,19.4300,19.9600,19.3300,19.7800,2704300
20160108,18.7300,19.5500,18.6900,19.4800,3397500
20160111,19.0000,19.0500,18.6900,18.8300,2663400
20160112,19.0100,19.2300,18.7600,19.2000,1734200
20160113,18.5900,19.2400,18.5500,19.0700,1629400
20160114,18.6000,18.7300,18.3700,18.6200,2610700
20160115,18.4500,18.5500,18.0800,18.1300,1853900
20160119,18.4500,18.6600,18.2300,18.6400,1688300
20160120,18.1700,18.3600,17.7400,18.1300,3459200
20160121,18.3500,18.5000,18.0900,18.2200,1892200
20160122,18.7300,18.9400,18.5400,18.5900,1371800
20160125,18.5600,18.7900,18.4700,18.7500,1303700
20160126,19.0700,19.0800,18.6000,18.6200,1264600
20160127,19.0400,19.2300,18.8500,19.0700,1503300
20160128,19.0900,19.2900,18.9600,19.1700,1403800
20160129,19.5800,19.6000,19.1800,19.2300,2348100
20160201,19.4500,19.6200,19.2800,19.4000,2367900
20160202,16.7500,18.0000,16.5600,18.0000,5912600
20160203,17.1400,17.3300,16.8600,16.9400,3496300
20160204,17.6200,17.9400,17.1100,17.1400,2938900
20160205,17.3100,17.6600,17.2700,17.5800,2260000
20160208,16.8200,17.1100,16.6000,17.0900,1799900
20160209,16.6600,16.9600,16.6200,16.8700,2592500
20160210,16.9100,17.1300,16.8400,16.9600,1939500
20160211,16.4600,16.7700,16.2400,16.6400,1754000
20160212,16.8800,17.0500,16.5200,16.7000,1167500
20160216,17.1500,17.2600,16.9100,17.1200,1643200
20160217,17.5600,17.6500,17.0200,17.1400,1907800
20160218,17.4900,17.6500,17.4500,17.6000,2848600
20160219,17.6000,17.6400,17.3300,17.4500,1363800
20160222,17.7100,17.9800,17.5700,17.8000,2030100
20160223,17.7300,17.8700,17.5900,17.6900,1571800
20160224,17.7100,17.7300,17.2200,17.5300,1633100
20160225,17.8500,17.8600,17.5300,17.7300,1371500
20160226,18.0400,18.2200,17.8700,17.9400,1493000
20160229,18.1200,18.4200,17.9200,18.0000,1901100
20160301,18.6300,18.6900,18.1900,18.3100,1399800
20160302,18.7500,18.7600,18.4900,18.5600,1248200
20160303,19.1900,19.2200,18.7500,18.7800,1505200
20160304,19.5100,19.7300,19.1700,19.2400,2327900
20160307,20.0700,20.0900,19.3500,19.4300,1906000
20160308,19.5200,19.9500,19.4200,19.9300,2056500
20160309,19.8200,19.8600,19.4500,19.6100,1245000
20160310,20.2100,20.3200,19.8600,20.0200,2912200
20160311,20.4400,20.5000,20.1800,20.3600,1598100
20160314,20.2100,20.4300,20.0500,20.2800,1567400
20160315,20.1300,20.1400,19.8000,20.0500,1238300
20160316,20.5200,20.5800,20.0500,20.1000,1200100
20160317,21.0800,21.1600,20.4300,20.4900,1549400
20160318,21.2600,21.3500,20.9800,21.1400,3149000
20160321,21.2500,21.3200,21.0900,21.2000,1109100
20160322,21.1700,21.2700,20.9100,21.0700,1062100
20160323,20.8000,21.1700,20.2000,21.1700,2087800
20160324,20.9000,20.9200,20.4000,20.6000,1151200
20160328,20.9500,21.0400,20.8200,20.9200,745900
20160329,21.1500,21.2000,20.6900,20.8200,1054600
20160330,21.2200,21.4900,21.1500,21.2700,1189200
20160331,21.5400,21.6000,21.2400,21.2500,1637400
20160401,21.5400,21.5600,21.1700,21.3200,1194400
20160404,21.3700,21.5500,21.2800,21.4900,1251700
20160405,21.1200,21.3100,21.0900,21.1600,1878000
20160406,21.2400,21.2400,20.8600,21.1100,1049200
20160407,20.9200,21.1200,20.7800,21.1200,998800
20160408,21.0800,21.3400,21.0200,21.1300,697200
20160411,21.0300,21.4400,21.0200,21.1900,1477400
20160412,21.0100,21.2400,20.9400,21.0200,2016700
20160413,21.6700,21.6900,21.2100,21.2100,1337100
20160414,21.5100,21.7000,21.4700,21.6600,861500
20160415,21.5600,21.6400,21.3900,21.5400,738100
20160418,21.7000,21.7400,21.3400,21.4300,787600
20160419,21.5900,21.8100,21.5100,21.7500,1187600
20160420,21.6600,21.7600,21.5600,21.6400,1329300
20160421,21.3000,21.6300,21.2900,21.6300,1112000
20160422,21.4900,21.5800,21.2000,21.3000,1617800
20160425,21.1900,21.4600,21.1100,21.4600,702000
20160426,21.2700,21.3000,21.0900,21.2700,1592400
20160427,21.4900,21.5100,21.1600,21.2700,1291300
20160428,21.2800,21.5900,21.2200,21.3000,950300
20160429,20.9700,21.3400,20.8400,21.2700,1362600
20160502,20.9300,21.1600,20.8600,21.0700,2438000
20160503,18.9300,20.1900,18.7600,19.9100,4935500
20160504,18.7000,19.0600,18.5000,18.8300,3596500
20160505,18.4500,18.9200,18.4400,18.7700,2425800
20160506,18.3500,18.5100,18.2100,18.4000,1938500
20160509,18.2300,18.3700,18.1600,18.3300,1891100
20160510,18.6200,18.6300,18.2800,18.3100,1550900
20160511,18.3500,18.6300,18.3500,18.5400,1379900
20160512,18.1400,18.5100,18.0800,18.4300,2146100
20160513,17.8600,18.2400,17.8300,18.1400,1973000
20160516,18.0900,18.2200,17.9100,17.9100,1715300
20160517,18.1600,18.3600,18.0400,18.0400,2278400
20160518,17.9000,18.3400,17.8400,18.1300,1960000
20160519,17.7300,17.9900,17.5800,17.8800,1466800
20160520,17.9000,18.0300,17.8000,17.8800,1424700
20160523,17.8400,18.0100,17.7200,17.9000,1685200
20160524,18.1300,18.1800,17.8700,17.9500,2196400
20160525,18.2800,18.4700,17.9500,18.0700,3081500
20160526,18.3700,18.4700,18.2400,18.3800,2331200
20160527,18.5500,18.6600,18.3500,18.3500,1530700
