20150529,63.5600,65.1900,63.4200,64.9100,2383000
20150601,64.0600,64.5700,63.1900,64.2300,1498800
20150602,64.5900,64.8600,63.7600,64.0000,1748000
20150603,64.4900,65.0700,64.2900,64.7200,1128800
20150604,63.8200,64.3400,63.5900,64.0700,1018900
20150605,63.5300,63.9000,63.1600,63.6800,1007300
20150608,63.3500,63.7200,63.3500,63.4800,912200
20150609,63.7600,64.3800,63.3800,63.4100,1118600
20150610,65.0400,65.2500,64.0000,64.0000,1547900
20150611,65.4700,65.5500,65.0100,65.0900,1315500
20150612,65.0100,65.4400,64.9000,65.1700,1052800
20150615,64.3000,64.7100,63.8600,64.5600,940300
20150616,64.0500,64.3100,63.4100,64.0700,1165100
20150617,63.9000,64.2800,63.2500,64.2400,1324500
20150618,64.8500,65.1900,63.9900,63.9900,1545800
20150619,64.7500,65.0000,64.3800,64.8300,2554200
20150622,65.1600,65.4300,64.8700,65.0900,1298800
20150623,65.0600,65.3200,64.7500,65.1500,1329200
20150624,64.9000,65.1700,64.8300,65.0400,1246000
20150625,64.3300,65.2400,64.0300,65.0500,1390000
20150626,64.8200,65.0100,64.2400,64.5900,1754700
20150629,63.4100,64.5100,63.3600,64.3500,1658200
20150630,63.8100,64.4400,63.6300,64.1100,2006400
20150701,64.3500,64.5000,63.9800,64.4600,1455000
20150702,64.6900,64.7300,64.2100,64.4000,1961300
20150706,64.1800,64.8600,63.7800,64.1900,1345000
20150707,64.4100,64.4700,63.3000,64.2800,1789200
20150708,62.9300,64.2400,62.5200,64.0200,1824900
20150709,62.9000,64.1100,62.9000,63.7600,2158400
20150710,63.3900,63.8400,62.9300,63.8400,1485200
20150713,64.6000,64.6800,63.4600,63.6700,1245700
20150714,64.8900,65.0400,64.2800,64.4600,1176000
20150715,65.1100,65.1400,64.5500,64.7600,1650800
20150716,65.5400,65.7900,65.2100,65.3900,1543500
20150717,64.4800,64.6400,64.0400,64.6400,2749700
20150720,64.8900,65.0600,64.3400,64.6300,1589400
20150721,65.2300,65.5100,64.5600,64.6000,2508100
20150722,65.4600,65.6600,65.1200,65.4500,2300400
20150723,65.2900,65.7500,65.0100,65.3000,2499100
20150724,64.9000,65.3300,64.4600,65.3300,3620400
20150727,64.6500,65.0300,64.2000,64.7700,3403200
20150728,64.8000,66.4300,63.7600,65.6400,3385800
20150729,65.6600,65.7200,64.8600,64.8600,2929100
20150730,64.7600,64.9300,63.5100,64.7600,3147700
20150731,64.8400,65.2600,64.2700,65.2200,2380400
20150803,64.4800,64.9700,63.8100,64.8800,2002900
20150804,63.1400,64.3300,62.8000,64.0500,2459100
20150805,63.6000,64.6400,63.3500,64.1200,1569200
20150806,63.3000,63.7300,62.9900,63.6700,1603800
20150807,62.9500,63.8700,62.6100,63.8700,1714000
20150810,63.8200,64.0300,63.4400,63.6900,1947600
20150811,62.9900,63.4500,62.3700,63.4500,2358400
20150812,62.7700,62.9300,61.8100,62.3400,2201800
20150813,62.6700,63.0100,62.1900,62.6000,1054100
20150814,62.9200,63.1400,62.6300,62.7400,1055400
20150817,63.0300,63.1700,62.0600,62.6000,1179300
20150818,62.9400,63.1700,62.5800,63.0400,1373600
20150819,62.4800,63.0500,61.8100,62.6700,1895400
20150820,60.8200,62.2600,60.8200,62.2500,2070300
20150821,58.4400,60.5200,58.4200,60.1500,3514400
20150824,56.3900,57.9000,53.4500,54.7500,5426200
20150825,55.9000,58.1800,55.8300,57.3700,3437100
20150826,58.2800,58.4300,56.3300,57.5700,4136600
20150827,59.5800,60.0000,58.4800,59.8600,3008700
20150828,59.4500,59.6800,58.9400,59.0200,1653100
20150831,58.9700,59.4600,58.7400,59.1400,1792900
20150901,57.0300,58.0900,56.6800,57.7700,2824900
20150902,58.1500,58.1500,56.8600,57.9000,2713100
20150903,58.0700,58.7600,57.9400,58.2700,2502600
20150904,56.8400,57.4500,56.6300,57.2000,2310600
20150908,57.6000,57.8200,57.0200,57.8200,2586800
20150909,57.3800,58.4000,57.2500,58.1100,2065700
20150910,57.3400,57.8300,57.0100,57.2100,2242500
20150911,57.4700,57.5100,56.7900,57.2000,1714600
20150914,57.0600,57.5700,56.9700,57.4100,1337300
20150915,58.2700,58.3300,56.8700,57.3600,2100700
20150916,58.6500,58.7700,58.2100,58.4000,1165900
20150917,57.7500,58.8200,57.6000,58.4700,2212000
20150918,56.3100,57.1500,55.8100,57.0200,2895500
20150921,56.5500,57.1200,56.0900,56.4600,1434700
20150922,55.0400,56.2600,54.4600,55.5400,2436600
20150923,54.9800,55.4000,54.4500,54.9900,2226200
20150924,54.4900,54.8600,53.6300,54.4700,2903500
20150925,53.1600,54.7100,52.9700,54.3800,3462800
20150928,51.7700,53.1600,51.5600,52.6500,3515600
20150929,52.2100,52.8200,51.7600,51.8600,3276200
20150930,52.1700,52.7800,51.5100,52.5500,3307300
20151001,51.6600,52.7100,51.0200,52.2700,2844800
20151002,52.0600,52.1700,50.0000,50.6600,6356800
20151005,54.2500,54.5100,52.0100,52.5400,2822700
20151006,54.0900,54.5000,53.6600,53.9900,2211000
20151007,55.0500,55.6600,54.1600,54.3900,3233500
20151008,55.8000,55.9700,54.6500,54.8700,1893800
20151009,55.2800,56.0500,54.9200,55.3100,1926100
20151012,54.8600,55.8000,54.7500,55.3500,1480100
20151013,53.9100,54.7100,53.7300,54.6300,2184000
20151014,53.3000,54.2100,53.1700,54.2100,1871200
20151015,53.4800,54.5000,52.7100,53.5600,2354900
20151016,52.5300,53.6900,51.9400,53.6900,4392400
20151019,52.2600,52.9700,51.9400,52.4400,2824500
20151020,53.0200,53.1900,51.2800,51.5400,3300900
20151021,52.7700,53.7100,52.6000,53.2600,2485500
20151022,53.9300,54.2500,52.8800,53.8300,2675800
20151023,54.8500,55.0400,53.7300,54.0600,3016900
20151026,54.8900,55.1700,54.6000,54.9000,4122200
20151027,51.2000,53.9900,49.4600,51.4300,7052400
20151028,53.7300,53.8000,50.5300,51.5500,4675800
20151029,53.1400,53.7600,52.7400,53.6200,1852400
20151030,52.6500,53.2400,52.0700,53.1700,2284300
20151102,53.7100,54.0000,52.6000,52.8600,1933200
20151103,53.2300,53.9400,52.7300,53.5500,2516900
20151104,52.7600,53.3900,52.3600,52.6100,2166800
20151105,53.4800,53.5500,52.3900,52.8800,1988100
20151106,53.9500,54.2300,53.1000,53.4700,2525100
20151109,52.0700,54.5000,51.7900,53.5800,2073800
20151110,51.4000,52.1900,51.0500,51.6900,2483100
20151111,51.2300,51.7200,51.0000,51.6600,1479500
20151112,49.9800,51.1100,49.9000,50.8700,2087000
20151113,50.0100,50.5000,49.7400,49.9100,1345900
20151116,50.3600,50.4700,49.5600,49.9700,1862700
20151117,50.0100,50.5100,49.9200,50.3700,1575600
20151118,51.5000,51.5800,49.8900,50.0500,2202100
20151119,51.0600,51.5000,50.5600,51.4500,1948500
20151120,51.4400,51.7900,51.0600,51.3700,2578000
20151123,51.3400,51.9600,51.2400,51.5800,1312800
20151124,51.4600,51.7500,50.7300,50.8700,1602100
20151125,51.6000,51.9600,51.4500,51.4600,1558400
20151127,51.8400,52.0800,51.4300,51.5800,678200
20151130,51.9600,52.1000,51.0200,51.6700,2763500
20151201,51.5900,51.6800,50.9100,51.2100,3113400
20151202,51.2500,51.9700,51.1700,51.5200,2599400
20151203,48.7900,49.8900,48.2700,49.8900,6483800
20151204,49.7800,50.3100,48.6300,48.8600,4978500
20151207,49.0200,49.6900,48.7400,49.5900,2449800
20151208,48.4500,48.9000,47.9900,48.6400,3250100
20151209,48.8400,49.6900,48.2300,48.3800,3053800
20151210,48.8800,49.3000,48.5500,48.7000,1799100
20151211,47.2500,49.0000,46.9100,47.9600,2700600
20151214,47.5100,47.9200,46.8000,47.5100,2525200
20151215,47.8800,48.4800,47.7100,47.7400,2360100
20151216,46.7200,47.4800,45.9900,47.2000,2735700
20151217,45.4400,46.8400,45.4200,46.7200,2893400
20151218,45.1600,45.6100,45.0400,45.1500,5239400
20151221,45.7700,46.2200,45.3600,45.5500,2947700
20151222,47.4900,47.7900,46.0900,46.1100,2727000
20151223,48.6500,48.7500,47.8300,47.8300,2415800
20151224,48.4500,48.8800,48.3100,48.5800,723500
20151228,48.0000,48.5500,47.6200,48.4000,1386400
20151229,48.3800,48.6100,47.8700,48.3300,1363100
20151230,48.0200,48.7300,47.9800,48.3200,1068500
20151231,47.4000,48.0500,47.3900,47.7800,1329700
20160104,47.1600,47.3900,45.8700,46.5000,2879000
20160105,47.1700,47.5600,46.4700,47.4000,2156800
20160106,47.1800,47.8400,46.5200,46.6400,2856900
20160107,45.7500,46.5200,45.5700,45.7900,2955900
20160108,45.2300,46.4400,45.0700,46.0800,2798400
20160111,45.2300,45.7600,44.5700,45.5900,2619000
20160112,45.1900,46.0200,44.5100,45.6400,1644900
20160113,44.3000,45.6600,44.1200,45.2700,2652400
20160114,45.7100,46.0200,43.7800,44.6900,3136600
20160115,45.3100,45.4900,43.9400,45.2300,3230100
20160119,45.0300,45.8400,44.3000,45.7600,2389100
20160120,45.3300,45.8800,43.4600,44.2800,4069600
20160121,45.8100,46.4200,44.9500,45.5300,2995400
20160122,46.5300,47.5300,46.1800,46.6800,2810300
20160125,45.7100,46.4100,45.6100,46.4100,2193100
20160126,47.5500,47.5800,46.0800,46.1200,2359000
20160127,46.9100,47.9900,46.5800,47.6500,2381500
20160128,47.3600,47.9900,46.0100,47.6900,3144800
20160129,49.0700,49.5700,45.0100,45.2400,5947000
20160201,48.5400,48.8800,47.3600,48.4600,3796400
20160202,47.5300,48.0700,47.2800,47.8400,2447900
20160203,47.7900,48.0900,45.9200,47.7700,3358800
20160204,50.0000,50.2100,47.8100,47.9200,3522900
20160205,50.1100,51.3700,49.6000,50.0000,2843700
20160208,49.8900,50.3200,49.1000,49.6900,3070800
20160209,49.8400,50.5300,49.2200,49.2200,2711600
20160210,48.7300,50.3200,48.5500,49.7700,2553500
20160211,48.2900,49.1000,47.5300,47.8700,1827000
20160212,50.0000,50.0900,48.3400,48.8300,2142100
20160216,51.3600,51.3800,50.0000,50.5500,1953700
20160217,52.0500,53.2100,51.1400,51.7200,2746000
20160218,51.2800,52.3500,50.7000,51.9000,2446700
20160219,50.9000,51.2000,50.3200,51.0700,1999600
20160222,52.2400,52.3100,51.5500,51.5500,1649300
20160223,51.5000,52.2700,51.2100,51.8700,2141900
20160224,51.1700,51.3100,49.4000,50.8700,2301300
20160225,51.8200,51.8200,50.7300,51.5300,1925300
20160226,51.9500,52.6700,51.1200,52.3200,1851700
20160229,51.5000,52.2300,51.4600,51.9200,1945000
20160301,52.7100,52.7400,51.4900,52.0900,2092300
20160302,52.2700,52.7500,51.9300,52.5800,2218800
20160303,54.0600,54.1600,52.0900,52.1700,3819500
20160304,53.4200,54.2300,53.0600,54.1000,2913700
20160307,53.6500,53.9400,53.0100,53.0300,2239700
20160308,52.3200,53.4900,52.1500,53.1500,2909200
20160309,52.2200,53.0000,52.0400,52.6300,2294400
20160310,51.7800,52.6800,51.2600,52.5600,2064700
20160311,52.7300,52.8300,51.3000,52.4300,1988100
20160314,53.7200,53.8500,52.3700,52.4800,2903800
20160315,53.4100,53.4100,52.8700,53.4000,1650000
20160316,54.0200,54.2700,52.9900,53.1900,1911200
20160317,54.9400,55.3500,53.9500,54.1100,2302400
20160318,55.1800,55.6000,54.4800,55.1300,7565200
20160321,54.9300,55.2600,54.3900,55.1300,1867700
20160322,54.4600,54.8300,54.1700,54.5000,1292800
20160323,53.6800,54.4500,53.6000,54.4500,1560300
20160324,53.4500,53.4600,51.9300,53.0100,1503300
20160328,53.7800,54.0900,53.3500,53.4800,1463100
20160329,54.7600,54.7800,53.0100,53.4900,1871800
20160330,54.5700,55.2500,54.2800,55.0400,1434500
20160331,54.6900,54.8000,54.1400,54.6600,2050800
20160401,54.2100,54.4100,53.1300,54.4100,2073200
20160404,53.6700,54.2100,53.5800,54.1100,1670200
20160405,52.8300,53.2800,52.5500,53.2100,2333000
20160406,53.1400,53.1900,51.9900,52.8800,2174200
20160407,52.4200,53.0000,52.2100,52.7100,1616500
20160408,52.6500,53.7600,52.4500,52.9400,1567100
20160411,52.7200,53.5800,52.4400,52.4600,2168300
20160412,53.6500,53.8200,52.6700,53.0600,2070900
20160413,55.5600,55.6100,53.5000,54.1100,2001200
20160414,55.8100,56.0300,55.1000,55.8000,1903100
20160415,55.7800,56.0800,55.6400,56.0100,1548700
20160418,55.9200,56.0800,55.4400,55.6500,2521800
20160419,56.1200,56.7700,55.7300,56.2200,2498300
20160420,56.4300,57.0900,56.0100,56.3600,2617300
20160421,55.9100,56.7200,55.8100,56.5700,1436200
20160422,56.4900,56.8000,55.7700,55.9900,2315900
20160425,56.0500,56.4900,55.7700,56.4700,2485900
20160426,58.9300,59.1200,56.3200,57.9800,4825700
20160427,60.2300,60.8600,59.2700,59.9300,4410600
20160428,59.5800,60.6400,59.3400,59.9100,2200400
20160429,58.9100,60.0000,58.5900,59.1100,2334300
20160502,58.6700,59.3600,58.3900,59.1700,2326400
20160503,57.8600,58.2200,57.4500,58.1000,2056400
20160504,55.8900,57.4000,55.4700,57.4000,3389100
20160505,55.6100,56.4300,55.3300,55.9800,1928700
20160506,55.5400,55.7400,54.7500,55.1800,2644300
20160509,55.8400,57.5000,55.7200,57.4800,2436600
20160510,57.6100,57.6700,56.1800,56.6600,2201400
20160511,56.9400,57.8100,56.8900,57.5100,1921600
20160512,56.9300,57.7700,56.4800,57.1900,1695100
20160513,56.0200,57.2900,55.8400,56.7200,1321200
20160516,57.0100,57.2300,56.1300,56.1300,1964900
20160517,56.4000,57.3600,56.2200,56.7000,1305200
20160518,55.2300,56.3900,54.9300,56.0900,2151300
20160519,53.3400,54.9200,52.9800,54.7500,4511000
20160520,53.3900,53.9800,53.2700,53.5200,2295100
20160523,53.1900,53.6500,53.0000,53.4600,1380800
20160524,54.1700,54.3800,53.4500,53.5400,1733100
20160525,55.4700,55.6700,54.4900,54.5900,2064600
20160526,55.4700,55.8500,55.2500,55.4300,1608500
20160527,55.6300,55.8900,55.2500,55.5900,1037100
