20150529,96.4300,97.2400,95.9400,97.2100,5731700
20150601,95.9700,96.5900,95.6400,96.5900,4407000
20150602,96.0500,96.3500,95.3700,95.6300,3959800
20150603,95.3000,96.0000,95.1500,95.8200,3248800
20150604,94.1400,95.6200,94.1200,95.0100,4793700
20150605,93.0500,93.9800,92.9000,93.8700,4741200
20150608,92.8400,93.4100,92.7400,93.3000,4466600
20150609,93.0700,93.3200,92.7200,92.8000,3411900
20150610,93.6900,94.0800,93.1300,93.3700,3892000
20150611,94.0900,94.2900,93.8900,94.0000,3020100
20150612,93.7400,94.0700,93.4400,93.9600,3748500
20150615,92.6400,93.4200,92.5400,93.2700,7203000
20150616,93.5500,93.7100,92.5800,92.7700,2728700
20150617,94.0500,94.2700,93.2500,93.5700,3108900
20150618,95.2300,95.5200,94.1200,94.3300,4035400
20150619,94.8600,95.3100,94.7200,94.8800,5463300
20150622,95.6000,95.8800,95.0000,95.0000,3626700
20150623,95.6000,95.7400,95.1400,95.6100,3679900
20150624,95.2900,95.7700,95.2600,95.2600,4742000
20150625,94.8300,95.9900,94.8300,95.7500,4426400
20150626,94.9100,95.4500,94.8300,95.1000,5119600
20150629,93.6900,94.7600,93.6200,94.4000,3625600
20150630,93.3400,94.7000,93.2600,94.5100,4188500
20150701,94.5200,94.5700,93.5500,93.8000,4808600
20150702,94.6600,94.9800,94.2100,94.6000,3209600
20150706,94.4000,94.9200,94.0100,94.0400,4952400
20150707,96.4000,96.6600,94.5400,94.7800,7724800
20150708,95.6100,96.2800,95.5100,95.7100,6055100
20150709,94.5900,97.3500,94.0800,97.3400,9932300
20150710,95.5500,96.2700,95.0100,95.4200,7233600
20150713,97.2200,97.4900,96.1600,96.3000,7263800
20150714,97.1300,97.4800,96.7300,97.4000,4479400
20150715,96.3500,97.3400,96.3200,97.0700,5464700
20150716,96.9000,97.3400,96.8700,97.0900,4253000
20150717,96.7800,96.8200,96.0500,96.5400,3573300
20150720,97.3100,97.4800,96.8000,97.0800,3391800
20150721,96.9300,97.4800,96.8400,97.4800,3065400
20150722,97.1700,97.4800,96.8000,97.0200,3371300
20150723,96.8700,97.3700,96.4600,97.0000,2742900
20150724,96.1800,96.8900,96.0900,96.6700,3631700
20150727,95.6600,96.4200,95.3300,96.0300,4783400
20150728,96.1100,96.2300,95.6400,96.2300,4937100
20150729,96.5300,96.7700,96.0500,96.1800,3851100
20150730,96.6300,96.8800,96.1500,96.1800,3380700
20150731,96.3500,97.1700,96.2000,97.1700,5049600
20150803,97.4500,97.4800,96.1700,96.1900,3711100
20150804,97.8100,98.0000,97.1800,97.3000,3955000
20150805,99.1900,99.3500,97.8900,98.0200,4320400
20150806,99.1500,100.6100,99.1000,99.6600,6224000
20150807,99.1000,99.4500,98.7200,99.0100,4608300
20150810,99.0900,99.7000,98.8900,99.5200,4753700
20150811,98.6200,98.7500,98.1500,98.6000,3581300
20150812,98.3800,98.4300,97.0000,98.0400,3743300
20150813,98.7900,99.2300,98.0300,98.4000,4190600
20150814,99.2300,99.2700,98.7000,98.8300,3375600
20150817,99.8600,100.0900,98.7500,98.8200,3253100
20150818,99.7700,100.4200,99.5000,99.5000,4578500
20150819,98.9900,99.6800,98.6400,99.3800,3903500
20150820,97.9800,98.6000,97.9800,98.3100,3956800
20150821,96.2500,97.6000,96.1000,97.2000,7514400
20150824,91.8300,92.3300,76.4800,91.5800,13366900
20150825,89.6400,94.1400,89.5500,94.1400,8258100
20150826,92.4900,92.6300,89.6900,91.7200,7614100
20150827,93.6000,93.9900,91.8600,93.5000,6690000
20150828,93.5300,93.8400,92.7800,93.0000,6002300
20150831,92.9300,93.3300,92.6400,92.9400,5328000
20150901,91.3300,92.1600,90.8800,91.1200,8367800
20150902,91.6400,92.1600,90.8700,91.3800,5935400
20150903,92.1300,92.7500,91.8800,92.0000,3774100
20150904,90.9200,91.5400,90.6400,91.0000,5653600
20150908,92.3700,92.4000,91.5800,91.9300,3638200
20150909,90.8300,93.0800,90.5000,93.0400,4474400
20150910,91.0600,91.7000,90.4300,90.5000,3928100
20150911,91.6200,91.6400,90.6900,90.9200,4062600
20150914,91.2000,91.6400,90.9900,91.6200,4383600
20150915,92.0600,92.3400,91.1500,91.6700,3725100
20150916,93.0700,93.3200,92.1500,92.3500,4152000
20150917,93.3700,94.3700,92.6100,93.3100,5300800
20150918,93.0500,93.6300,91.7900,92.1900,9622400
20150921,93.7100,94.2700,93.2300,93.3200,3654000
20150922,92.3700,93.0800,91.9500,92.9900,4547900
20150923,92.4000,92.7000,91.8600,92.2700,3401600
20150924,92.4700,92.8600,91.4500,91.8900,4064000
20150925,93.4700,94.1800,92.6700,92.9400,4897200
20150928,92.4700,93.6500,92.2000,92.9700,4659200
20150929,93.0400,93.3600,92.3100,92.5500,5632200
20150930,94.3000,94.4000,93.5300,94.0600,5873600
20151001,93.8500,94.5000,93.1300,94.2000,5061800
20151002,94.1600,94.2200,92.5300,93.1700,5163700
20151005,95.8100,95.9800,94.5900,94.9100,5700200
20151006,97.0700,98.0000,96.7300,97.9600,7094300
20151007,98.5200,98.9900,97.0800,97.1900,6528200
20151008,98.9700,99.0100,97.6000,97.6000,4683300
20151009,99.4700,99.6200,98.8100,98.9000,5607000
20151012,99.1400,100.1000,98.6900,98.9500,4581300
20151013,97.9200,99.1600,97.8900,98.9600,5989400
20151014,97.4900,98.2100,97.4100,97.7700,4238400
20151015,98.2800,98.4900,97.4300,98.1100,5763900
20151016,99.7000,99.8100,98.3000,98.8500,5529400
20151019,100.1800,100.2700,99.5200,99.7000,4902700
20151020,100.2700,100.3900,99.6700,99.9500,3613600
20151021,100.2500,100.9000,99.7400,99.9000,4332000
20151022,103.0800,103.3800,100.3300,100.6700,5934800
20151023,102.4300,103.4400,101.9300,103.3200,5015800
20151026,102.5400,102.8100,101.8500,102.3900,3770700
20151027,102.9400,103.2000,102.0100,102.1300,3995700
20151028,102.7400,103.2000,101.4800,103.1100,5164800
20151029,102.8000,103.1000,101.9000,102.0900,3008100
20151030,102.1900,103.2400,102.1900,102.6300,5425800
20151102,101.4000,102.5800,101.1000,102.1400,5007300
20151103,100.9200,101.2100,99.8300,101.1600,4174900
20151104,100.6200,101.3400,100.4000,100.8900,3345600
20151105,100.6100,100.9400,100.1900,100.6200,2834100
20151106,99.7200,100.2900,99.1500,100.0700,4660400
20151109,98.8800,99.6000,98.2300,99.4800,3959900
20151110,98.8300,99.2200,98.3800,98.5000,3367800
20151111,99.4300,99.9600,99.0900,99.2800,3147300
20151112,98.3700,99.3300,98.3400,98.9000,3892800
20151113,98.0400,98.9500,97.8100,98.1900,4001000
20151116,99.5600,99.6600,97.6500,97.7500,3446600
20151117,98.8300,99.8800,98.5600,99.5400,3446500
20151118,100.2700,100.3800,98.9100,99.0700,4074200
20151119,100.9300,101.3700,100.5000,100.5200,3496000
20151120,100.1000,102.1500,100.0000,101.5200,4800600
20151123,100.8500,101.6900,100.2400,100.4800,4604000
20151124,100.6300,101.0000,100.0000,100.3300,3405400
20151125,100.5000,100.9400,100.4500,100.5300,2906000
20151127,100.7400,100.9900,100.0900,100.0900,1463400
20151130,100.1600,100.9700,100.1300,100.7400,6083300
20151201,101.0600,101.1200,100.1100,100.1100,4473200
20151202,99.4800,100.3800,99.3600,100.3600,4361600
20151203,99.0900,99.9900,98.7600,99.6200,5661000
20151204,101.0600,101.3700,98.5400,99.2000,6422700
20151207,100.6700,101.5100,100.1200,101.0300,3408000
20151208,100.1700,100.8100,99.6300,100.4000,3385200
20151209,99.1300,100.9600,98.9900,99.5300,4195100
20151210,98.9000,99.6000,98.4500,99.3100,3926600
20151211,97.7800,98.7900,97.5400,97.9300,5429700
20151214,97.9500,98.6200,96.8100,98.0900,6633900
20151215,99.3900,99.6700,98.2000,98.5300,5546600
20151216,101.0800,101.3300,99.6500,99.8400,4994500
20151217,100.2000,101.1100,100.1700,101.0000,4303600
20151218,97.9000,99.7600,97.8800,99.7500,6926800
20151221,98.6200,98.6400,97.7700,98.3900,3089100
20151222,99.8000,100.0700,98.6300,98.9100,3882100
20151223,100.6400,100.7600,100.0200,100.2000,2929600
20151224,100.5400,100.9700,100.1100,100.5100,1044300
20151228,100.6800,100.7900,100.1400,100.3900,4017700
20151229,101.4500,101.7000,100.7700,101.1100,2362200
20151230,101.1500,101.5400,100.9800,101.5100,2333000
20151231,99.9200,100.9100,99.8100,100.5300,3041500
20160104,98.7700,99.0000,97.8000,98.5600,6689000
20160105,99.4500,99.8500,98.7100,98.8100,4893800
20160106,99.4800,99.7600,98.1200,98.3800,5483400
20160107,97.5700,98.9800,97.2100,98.4600,5440000
20160108,97.2100,98.6300,96.9400,97.8300,4853500
20160111,97.4400,97.9200,96.8700,97.3400,5638000
20160112,97.6200,98.4100,97.1400,98.4100,5185800
20160113,96.5000,97.9400,96.3500,97.4700,5161500
20160114,95.8100,97.0800,95.6600,96.4000,6592500
20160115,93.9300,94.5600,93.3000,93.9500,8229400
20160119,95.7700,96.1000,94.4600,94.6600,6828900
20160120,93.7700,95.4200,93.3000,94.8500,7558100
20160121,94.4700,94.6700,93.2500,94.0400,6076300
20160122,95.8500,96.2900,94.1200,94.8800,6946600
20160125,95.9400,96.8300,95.5300,95.9200,4407000
20160126,96.3200,97.2200,95.7700,95.9100,3735200
20160127,95.9400,97.2800,95.5600,95.8900,5795100
20160128,97.4500,97.9000,96.0800,96.4300,5169900
20160129,99.3000,99.3000,97.5800,97.8700,7340600
20160201,99.0300,99.4000,97.5200,98.5300,3648100
20160202,98.2100,98.6800,98.0000,98.6500,3809900
20160203,98.7200,99.0300,97.6000,98.8700,5146000
20160204,97.3900,98.9000,97.0000,98.6800,5212000
20160205,97.3200,97.7100,96.8000,97.6400,5574800
20160208,97.5200,97.8900,96.4000,97.1400,4729500
20160209,98.2800,98.7900,96.4400,96.6900,4994200
20160210,97.6200,98.7300,97.5200,98.2100,4505500
20160211,96.9000,97.9400,96.0900,96.3900,5898500
20160212,98.4900,98.5900,96.1500,96.4000,5110600
20160216,98.6000,99.3000,98.1000,99.2000,4709700
20160217,99.5500,99.8900,98.8000,99.0000,4493200
20160218,99.6200,99.9700,98.9700,99.5700,3729100
20160219,99.5800,100.1900,98.4600,98.4600,4531300
20160222,99.8700,100.5600,99.5800,99.9800,4731500
20160223,99.5400,100.0000,99.3800,99.8900,3721100
20160224,99.6800,99.7500,98.4000,99.0000,5691200
20160225,100.6700,100.7000,99.8300,99.8300,4668900
20160226,98.3600,100.5400,97.8400,100.4900,6506200
20160229,97.8200,99.0200,97.7900,98.3600,5955300
20160301,99.0900,99.1400,98.0500,98.5000,5160200
20160302,98.3300,98.3600,97.5400,98.0500,4180000
20160303,99.1600,99.2300,98.0200,98.3500,4856600
20160304,100.0000,100.0000,98.5700,98.8100,6981300
20160307,99.2500,99.6000,98.9700,99.2500,5919400
20160308,99.7400,100.1200,98.7500,98.9700,4818200
20160309,100.2000,100.5800,99.7400,100.0000,5071200
20160310,100.7800,100.8800,100.0200,100.4500,5490000
20160311,101.3100,101.4100,100.5900,101.0000,5440400
20160314,100.6500,101.4500,100.6200,101.1300,3381900
20160315,101.1500,101.5700,100.2500,100.2700,3847600
20160316,100.8300,101.3400,100.0100,100.9400,4159400
20160317,101.8700,102.1200,100.7900,101.0000,5619200
20160318,101.2900,101.9400,101.0100,101.6700,7220300
20160321,101.5400,102.1200,100.3200,100.9100,4415200
20160322,100.7700,101.5100,100.4300,101.2800,3433200
20160323,100.8100,101.7600,100.5300,100.6900,3388500
20160324,100.6800,100.9200,100.1500,100.7000,2853400
20160328,100.9800,101.6100,100.8200,100.9600,3783400
20160329,101.3700,101.6400,100.7600,101.0500,3335100
20160330,102.6900,102.8900,101.4100,101.4600,4420900
20160331,102.4800,103.4500,102.3000,102.5400,5297700
20160401,103.7800,103.8900,101.9500,101.9700,4095300
20160404,103.8200,103.9500,102.7700,103.8000,4220400
20160405,103.1000,103.9300,102.8700,103.7700,3561000
20160406,103.9200,103.9900,102.8700,103.2500,4172900
20160407,103.6000,103.9700,103.0300,103.3400,6201500
20160408,105.0800,105.2500,103.9000,103.9900,6151900
20160411,104.3000,105.7700,104.1600,105.1600,5328400
20160412,104.9100,105.1200,104.1200,104.1700,3734200
20160413,104.1200,105.3500,103.7600,105.3400,3780600
20160414,103.1600,104.0900,102.7100,102.7300,5382900
20160415,103.7700,103.8100,103.0100,103.2400,4524100
20160418,103.7200,104.5900,103.5000,104.1600,7631400
20160419,104.3200,104.6100,103.7600,103.8100,4964200
20160420,102.4400,104.3500,102.3900,104.2300,4744200
20160421,100.9900,102.3400,100.4200,102.3400,7137900
20160422,101.9800,102.0600,100.9400,101.1700,5655200
20160425,102.8000,102.8300,101.6100,101.8000,3488000
20160426,102.6000,103.4000,102.1900,103.2000,3222900
20160427,102.6300,103.3600,101.9100,102.7200,3716100
20160428,102.9700,103.1500,102.1600,102.1700,4285200
20160429,102.9600,103.1700,102.4000,102.9300,4565200
20160502,103.4300,103.8700,102.6400,102.7400,3981900
20160503,103.5600,103.9300,103.0000,103.4100,3929900
20160504,104.0200,104.4400,103.1300,103.5100,3837000
20160505,104.2100,104.8800,103.6000,103.8700,3396200
20160506,104.9600,104.9700,103.6800,103.6800,3546400
20160509,105.2800,105.7300,104.9100,104.9200,4389000
20160510,106.5700,106.6300,105.3300,105.4300,3750300
20160511,105.7200,106.9400,105.6300,106.2600,3366900
20160512,106.1000,106.4000,105.5800,106.1300,3195200
20160513,104.1800,106.1000,103.5400,105.7500,7789600
20160516,104.1300,104.6500,103.6300,103.9800,4229200
20160517,102.3700,104.3800,102.0100,104.1700,5332000
20160518,100.9100,102.0000,100.2700,101.9500,6959100
20160519,101.3300,101.4400,100.3000,100.7500,4558200
20160520,100.1000,101.7900,100.0000,101.7100,5704000
20160523,100.4200,100.7700,100.0000,100.1200,4179700
20160524,101.0900,101.3800,100.6900,100.9100,3443100
20160525,101.0900,101.6000,100.9600,101.1700,3223800
20160526,101.9000,101.9600,101.0100,101.2000,3717800
20160527,101.9600,102.3800,101.6000,102.1300,2877000
