20150529,34.7500,34.9900,34.4100,34.4800,50083300
20150601,34.5600,34.9200,34.5300,34.7700,27551600
20150602,34.4900,34.6600,34.3500,34.6400,18666200
20150603,34.4100,34.6600,34.2800,34.5500,17201200
20150604,34.2400,34.5600,34.1100,34.2000,20659100
20150605,34.0900,34.2800,33.9300,34.1900,23067800
20150608,33.9800,34.1600,33.9200,33.9700,17670300
20150609,34.0100,34.1300,33.8900,34.0500,23211100
20150610,34.3100,34.4300,34.0500,34.0800,23674000
20150611,34.4600,34.5700,34.2600,34.3200,20155500
20150612,34.2100,34.4600,34.1000,34.3000,21685500
20150615,34.0400,34.1200,33.8600,34.0600,20933600
20150616,34.0400,34.1000,33.8100,34.0600,20668900
20150617,33.9800,34.1800,33.8500,34.0500,20993500
20150618,34.3700,34.5100,34.0500,34.0800,24510800
20150619,34.1800,34.5100,34.1800,34.2300,28879000
20150622,34.3100,34.5000,34.2800,34.3400,14041000
20150623,34.5000,34.5900,34.3400,34.4100,18452400
20150624,34.2300,34.5200,34.2300,34.3400,23080400
20150625,34.0200,34.3400,33.9200,34.2100,23025300
20150626,33.9200,34.2900,33.8700,34.1700,35670300
20150629,33.5900,34.1200,33.5300,33.7300,28839500
20150630,33.5300,33.7900,33.3300,33.7900,35018700
20150701,33.6900,33.8600,33.4100,33.5600,28218500
20150702,33.3700,34.4400,33.3500,33.7400,22627200
20150706,33.2500,33.6400,33.0800,33.3000,20992400
20150707,33.7300,33.8400,33.1500,33.3400,25852800
20150708,33.4500,33.7300,33.3900,33.5500,20209900
20150709,33.8600,33.9800,33.7300,33.8500,22112000
20150710,34.3600,34.4400,34.1500,34.2400,21146400
20150713,34.8200,34.8500,34.4900,34.5200,18226200
20150714,35.0800,35.1500,34.7100,34.7600,18496500
20150715,34.9800,35.1200,34.9100,35.0200,19466200
20150716,35.1000,35.2000,35.0300,35.1400,15311800
20150717,35.0700,35.0800,34.9200,35.0100,16775600
20150720,35.2400,35.3700,35.0800,35.1300,14519000
20150721,35.1400,35.3400,34.8800,35.2400,17658600
20150722,34.8800,35.2000,34.7700,35.0600,17624900
20150723,34.7800,35.0000,34.6300,34.9900,12718100
20150724,34.2600,34.7200,34.1500,34.6300,21428100
20150727,34.3400,34.4000,33.8800,34.1700,31323700
20150728,35.3500,35.4700,34.4000,34.9400,36671100
20150729,35.7600,36.1300,35.4400,35.4800,45343500
20150730,35.7300,36.0000,35.3900,35.6800,21501900
20150731,36.0600,36.4600,35.8700,35.9100,29004400
20150803,36.1500,36.3000,35.9000,36.2900,17096400
20150804,36.1100,36.2200,35.8200,36.2200,25733300
20150805,35.8200,36.1700,35.7800,36.0700,24247800
20150806,35.1700,35.9800,35.0300,35.9600,24471400
20150807,35.1900,35.3000,34.8700,35.1700,14653800
20150810,35.3600,35.4700,35.1300,35.2100,15619300
20150811,35.1200,35.2400,34.9400,35.2100,19234800
20150812,35.3700,35.4700,34.7100,34.8700,27597700
20150813,35.3600,35.6200,34.9200,35.3800,19540600
20150814,35.3200,35.5000,35.0400,35.3700,18067300
20150817,35.5000,35.5300,35.0000,35.1100,13880900
20150818,35.5200,35.6000,35.2800,35.3900,13343600
20150819,35.2700,35.4900,34.9600,35.3700,17835400
20150820,34.5500,35.1400,34.5500,34.9200,18764800
20150821,33.5400,34.5700,33.5400,34.2400,33488900
20150824,32.1300,33.2500,28.4700,31.9700,52259900
20150825,31.3400,33.2200,31.3200,33.2000,42299700
20150826,32.4300,32.5500,31.3500,32.0800,43645700
20150827,33.2600,33.6200,32.6700,32.7800,38593000
20150828,32.6600,33.3600,32.5000,33.3000,33491800
20150831,32.2200,32.7200,31.9600,32.7100,32034600
20150901,31.3600,31.8700,31.1900,31.4600,39136100
20150902,31.9700,31.9700,31.3800,31.9300,31423700
20150903,31.8900,32.4200,31.7600,32.2700,21587900
20150904,31.3700,31.7200,31.1300,31.4500,22563000
20150908,32.5300,32.5700,31.8300,31.8300,25972800
20150909,31.9600,33.0300,31.8700,33.0000,21397700
20150910,32.6200,32.7900,31.9400,31.9900,31311500
20150911,32.9700,32.9900,32.3500,32.5700,22379500
20150914,32.7100,33.0400,32.5800,32.9400,15585400
20150915,33.1700,33.3500,32.8100,32.9500,20923900
20150916,33.1800,33.2800,32.7100,32.9800,21410000
20150917,33.4800,33.9600,33.1300,33.1700,25335000
20150918,32.8500,33.4300,32.8400,33.0800,36750800
20150921,32.4200,33.3300,32.2400,33.1000,23705100
20150922,32.2600,32.3300,31.8400,31.9800,24288700
20150923,32.6200,32.8100,32.1900,32.2200,26124000
20150924,32.7000,32.8800,32.0700,32.3600,30464100
20150925,31.8900,33.1000,31.6500,32.9600,34524000
20150928,30.8200,31.8000,30.6400,31.7000,42582900
20150929,31.0200,31.4400,30.6600,30.7100,31037200
20150930,31.4100,31.5700,31.0600,31.4500,32109300
20151001,31.8400,31.8700,31.1000,31.3000,29950600
20151002,33.0800,33.1100,31.5000,31.9700,41704700
20151005,33.4800,33.8900,33.0000,33.4500,31996500
20151006,32.7900,33.6000,32.4200,33.4000,36590300
20151007,33.2900,33.4800,32.3500,33.1000,28750100
20151008,33.0900,33.2400,32.5400,32.9000,30068200
20151009,33.2400,33.5800,32.9200,33.0600,20406500
20151012,33.2200,33.4400,32.9000,33.2300,14841000
20151013,32.9800,33.6400,32.8200,33.1800,19446100
20151014,33.0400,33.5700,32.9400,33.0400,17729000
20151015,34.0800,34.1400,32.9300,32.9300,26383100
20151016,34.4100,34.4400,34.0000,34.3500,17633700
20151019,34.5000,34.5400,34.0900,34.4100,15780800
20151020,34.0000,34.6900,33.7600,34.6500,17491600
20151021,33.4600,34.3400,33.0300,34.1700,33081200
20151022,33.3300,33.6400,32.8900,33.5800,41366000
20151023,34.0500,34.3500,33.2300,33.4600,27534600
20151026,34.1600,34.3700,33.8300,34.0000,23291100
20151027,34.9900,35.4500,34.6500,35.0100,40077800
20151028,35.4500,36.0700,35.0200,35.2300,34862900
20151029,34.7700,35.9000,34.1600,34.2500,72026800
20151030,33.8200,34.9000,33.7300,34.7700,57128900
20151102,35.0600,35.2500,34.1500,34.1700,39500600
20151103,34.9700,35.0400,34.6500,34.9900,29542800
20151104,34.1400,34.9700,34.0900,34.9200,30877000
20151105,34.1500,34.2900,33.9900,34.2300,20492700
20151106,33.9300,34.0500,33.3400,33.9200,31249400
20151109,33.6500,33.8600,33.3900,33.7900,27015100
20151110,33.7900,33.9700,33.6100,33.8300,20968200
20151111,33.7400,34.2100,33.6500,33.9200,20503300
20151112,33.3900,33.7000,33.3500,33.6100,18000300
20151113,33.2700,33.6800,33.1400,33.3400,18065900
20151116,33.1600,33.4100,32.8500,33.2900,25637100
20151117,32.8700,33.4600,32.8700,33.2000,29692200
20151118,33.3100,33.4300,32.9300,33.0800,35963300
20151119,32.2900,32.9700,31.9500,32.7900,90712704
20151120,32.1800,32.5900,32.0800,32.5800,64599600
20151123,31.3300,31.6900,30.9900,31.4200,124645600
20151124,31.9700,32.1500,31.2200,31.3800,84026000
20151125,32.8700,33.2400,32.2100,32.3600,79383000
20151127,32.7900,33.0000,32.6700,32.9200,16119400
20151130,32.7700,32.9100,32.5300,32.9100,42912800
20151201,33.6200,33.7300,32.8000,33.0000,49301000
20151202,32.9000,33.8300,32.7900,33.6700,31828400
20151203,32.3900,33.0000,32.3600,32.9200,47352600
20151204,32.8000,32.8900,32.4100,32.4900,31613800
20151207,32.6600,32.8800,32.4500,32.7400,20968200
20151208,32.5300,32.7400,32.2900,32.3500,25734400
20151209,32.2900,32.6500,32.1200,32.4200,39558200
20151210,32.3600,32.7200,32.2400,32.4300,52793800
20151211,32.0600,32.2300,31.9700,32.1100,40275200
20151214,32.1800,32.2100,31.8400,31.9900,38288300
20151215,32.2600,32.8200,32.1700,32.6200,47002000
20151216,32.5800,32.6700,31.9900,32.4300,44432000
20151217,32.3300,32.6700,32.3000,32.5600,38327000
20151218,31.9900,32.4500,31.9500,32.2500,66616200
20151221,32.4600,32.4600,32.0100,32.1700,30623400
20151222,32.5200,32.6200,32.3600,32.6200,25504900
20151223,32.5600,32.7400,32.5300,32.5800,20969400
20151224,32.6200,32.7200,32.5000,32.5000,7927600
20151228,32.4200,32.6500,32.3700,32.6000,26335700
20151229,32.8300,32.9100,32.5300,32.5700,17036200
20151230,32.7500,32.8900,32.6500,32.7400,16335400
20151231,32.2800,32.5800,32.2700,32.4700,21103900
20160104,31.9500,32.0300,31.5700,31.8500,37307800
20160105,32.1800,32.2400,31.9300,32.1800,27303600
20160106,31.6100,31.9000,31.4200,31.7300,25846600
20160107,31.4000,31.8100,31.1400,31.1600,37213600
20160108,31.0000,31.6300,30.9200,31.5500,33055300
20160111,31.0700,31.2000,30.6400,31.1500,38631800
20160112,31.0000,31.5000,30.7200,31.3800,38830200
20160113,30.3700,31.2800,30.2700,31.0900,40572000
20160114,31.1100,31.4200,30.3900,30.3900,38522800
20160115,30.8100,30.8200,30.2000,30.2200,46773500
20160119,30.6900,31.2300,30.3300,31.1200,32740300
20160120,30.6600,31.0700,30.0600,30.2100,49470800
20160121,30.5800,30.9000,30.5100,30.6100,36554600
20160122,30.7100,31.2500,30.6700,31.0000,31444400
20160125,30.5000,30.9100,30.4200,30.8300,28760200
20160126,30.6700,30.7500,30.3400,30.5300,25959000
20160127,30.5200,31.0100,30.3200,30.7100,28519100
20160128,30.2000,30.7100,29.5900,30.7000,48785500
20160129,30.4900,30.4900,29.9200,30.3800,56730800
20160201,30.1700,30.4000,29.8100,30.3400,47473300
20160202,30.1400,30.3400,29.5500,30.1700,48212100
20160203,29.6700,30.0700,29.1400,29.9100,44974700
20160204,29.0000,29.5900,28.7400,29.4900,56934600
20160205,29.0300,29.4200,28.8400,29.0200,38931600
20160208,28.5600,28.9800,28.2500,28.6800,47516500
20160209,29.1000,29.2000,28.3400,28.4700,57129800
20160210,29.4900,29.9000,29.3100,29.3300,44707200
20160211,29.1300,29.3400,28.8900,29.0100,39640200
20160212,29.3600,29.3800,28.9800,29.2500,32543200
20160216,29.8100,29.8400,29.4500,29.5500,32570500
20160217,29.6300,30.0700,29.5900,30.0000,39112200
20160218,29.5500,30.0400,29.4600,29.8200,48186900
20160219,29.4900,29.6500,29.1800,29.6000,39724900
20160222,30.0500,30.0700,29.6500,29.7500,39334400
20160223,29.9600,30.3800,29.9500,30.0600,31970700
20160224,30.0200,30.0800,29.5200,29.8100,31615000
20160225,30.5900,30.6900,30.0200,30.1000,52040100
20160226,30.2300,30.9000,30.0200,30.7800,42926000
20160229,29.6700,30.1800,29.5700,30.0900,35191500
20160301,30.0400,30.0900,29.6200,29.7900,31417700
20160302,29.9800,30.1600,29.7500,30.1100,34288200
20160303,29.8900,30.0000,29.5800,29.8800,36889900
20160304,29.7100,29.9400,29.5300,29.8500,36838600
20160307,29.7900,29.8100,29.3200,29.5500,32196300
20160308,29.3600,29.7500,29.3600,29.7500,32795900
20160309,29.7400,29.8500,29.4200,29.7200,76901904
20160310,29.5900,29.9200,29.5300,29.9000,58125400
20160311,30.5000,30.5000,29.7300,29.7800,60378100
20160314,30.1000,30.3400,29.9500,30.2700,46764300
20160315,29.5400,29.9300,29.3000,29.8800,54670200
20160316,29.0400,29.5200,28.8700,29.5200,91225400
20160317,29.3400,29.5800,28.7400,29.1200,66872400
20160318,29.4500,29.6500,29.1700,29.5000,81904896
20160321,30.0700,30.1200,29.4400,29.4500,35222300
20160322,30.3800,30.5600,29.8900,30.0300,40683800
20160323,30.1900,30.6100,30.1000,30.4300,40783400
20160324,30.0800,30.2800,29.8800,30.1200,31944700
20160328,29.7800,30.2200,29.7400,30.0900,31167500
20160329,30.0500,30.1900,29.7100,29.8200,34596200
20160330,30.0700,30.2100,30.0100,30.1500,32091600
20160331,29.6400,30.1700,29.5100,30.0600,56794800
20160401,30.0400,30.1700,29.4100,29.4400,48363700
20160404,30.7200,30.7500,30.0600,30.0900,51956900
20160405,31.3600,31.7500,30.5800,31.2100,284468096
20160406,32.9300,33.0000,31.5300,31.5400,150396000
20160407,32.7600,33.0800,32.5000,32.5500,61378000
20160408,32.5000,32.9000,32.2800,32.8300,52749500
20160411,31.8900,32.5700,31.8700,32.5200,83240800
20160412,31.9600,32.1400,31.8000,31.9000,42864300
20160413,32.5400,32.6100,31.9600,31.9600,36460300
20160414,32.6500,32.7800,32.3300,32.4800,31956800
20160415,32.5000,32.7800,32.3000,32.6500,35274300
20160418,32.6100,32.8600,32.2900,32.5000,36999300
20160419,32.8900,33.2000,32.7400,32.8000,28420300
20160420,33.2300,33.4000,32.8500,32.8500,35086900
20160421,33.2400,33.4800,33.0400,33.0600,34179600
20160422,33.2700,33.5000,33.0700,33.2500,26137300
20160425,33.2100,33.2700,33.0000,33.1300,24259500
20160426,33.0500,33.3300,32.9200,33.2000,28741300
20160427,33.0000,33.2100,32.9000,32.9800,26094500
20160428,32.9100,33.1800,32.7500,32.9700,33035100
20160429,32.7100,32.9500,32.4300,32.8700,34213600
20160502,32.8000,33.0000,32.5000,32.5600,38066800
20160503,33.7000,33.9700,33.2500,33.6500,71533600
20160504,33.4000,33.9000,33.3300,33.6700,36073400
20160505,33.5700,33.7300,33.3000,33.3700,23764200
20160506,33.5800,33.5900,33.2000,33.3800,23171000
20160509,33.8200,33.9600,33.5200,33.5400,31482700
20160510,33.8000,33.8700,33.4800,33.8300,24787000
20160511,33.1600,33.5600,33.1500,33.4600,30396000
20160512,33.1900,33.2800,32.9200,33.2200,25376200
20160513,33.1900,33.4500,33.1400,33.3300,20514700
20160516,33.3800,33.4300,32.8100,32.9300,22048600
20160517,33.0300,33.3400,32.9200,33.2700,31475500
20160518,33.1700,33.3800,32.9700,33.0100,19957200
20160519,33.3800,33.4300,32.9600,33.1600,26656300
20160520,33.7400,33.9000,33.4500,33.4800,34387600
20160523,33.6700,33.9100,33.6500,33.8300,23714000
20160524,34.1000,34.1800,33.6900,33.6900,26574700
20160525,34.3500,34.4000,34.0700,34.1200,21017800
20160526,34.4300,34.6500,34.2600,34.2600,25107400
20160527,34.6100,34.7500,34.3800,34.3800,20188600
