20150529,78.3900,79.2400,78.1900,79.1800,12551700
20150601,78.8500,79.0700,78.2700,78.6500,7588000
20150602,78.5400,78.7200,78.1700,78.4600,7380800
20150603,78.5600,78.9300,78.2700,78.9100,5985800
20150604,78.1500,78.8400,78.0600,78.4100,7714600
20150605,77.4300,78.1200,77.3700,78.0400,9439700
20150608,77.7100,77.9800,77.1000,77.4800,10916200
20150609,78.9000,79.3300,77.8200,77.9700,11528900
20150610,79.5400,79.7900,79.0100,79.2300,9483500
20150611,79.4100,79.9300,79.2400,79.9300,7633300
20150612,78.8700,79.3200,78.5700,79.1700,6508600
20150615,78.1200,78.4600,77.9300,78.3300,7527900
20150616,79.1000,79.6000,78.5400,79.6000,8285700
20150617,80.0800,80.1900,79.1600,79.2000,9305800
20150618,80.8200,81.2200,80.3000,80.3300,10712500
20150619,80.5400,81.2000,80.4800,80.7100,15598800
20150622,80.4500,81.1800,80.3300,80.9200,6907900
20150623,79.7900,80.4500,79.6200,80.3300,7190600
20150624,79.5100,79.8500,79.5000,79.8000,8843700
20150625,79.3900,79.9000,79.3900,79.7100,5855700
20150626,79.3400,79.7400,79.2800,79.5400,7703200
20150629,78.3200,79.3700,78.2600,78.9500,7966200
20150630,78.2400,79.0100,78.1300,78.9200,8451400
20150701,79.7200,79.7700,78.1200,78.3900,8868000
20150702,79.9300,80.3500,79.7700,80.0100,6602500
20150706,80.0500,80.2200,79.5000,79.6100,6601200
20150707,81.7200,81.8300,80.0600,80.0600,11690400
20150708,80.9900,81.6900,80.8900,81.2100,6724700
20150709,80.6600,82.0000,80.5200,81.7500,10419800
20150710,80.9500,81.3600,80.7600,81.2300,6892500
20150713,81.9100,82.0400,81.3400,81.5200,7332900
20150714,82.0400,82.4600,81.9800,82.0400,6119500
20150715,82.1500,82.3200,81.8400,81.9100,6673700
20150716,82.3000,82.5500,82.1000,82.4500,6623400
20150717,82.2400,82.3800,81.6000,81.8900,5827300
20150720,82.1900,82.3500,82.0000,82.0900,4952100
20150721,81.6300,82.1300,81.3700,82.0100,7512400
20150722,80.8300,81.3000,80.6700,81.0300,6106400
20150723,80.7000,80.8900,80.1400,80.8300,5380900
20150724,80.2900,80.7300,80.2300,80.5100,5660800
20150727,79.9700,80.0700,79.4300,79.8300,8613600
20150728,80.2300,80.6600,79.9100,80.1400,8649900
20150729,80.6200,80.9900,80.1600,80.2600,8921500
20150730,77.3900,79.4800,77.1500,79.4000,22067800
20150731,76.7000,77.7400,76.6600,77.6300,11877200
20150803,76.4000,77.0900,76.0100,76.5100,9511300
20150804,75.9100,76.3400,75.7500,76.0300,13369100
20150805,75.7700,76.5400,75.7500,76.0500,10895400
20150806,75.7400,76.0100,75.2500,76.0100,9353300
20150807,75.4800,75.7200,75.3400,75.5900,10045400
20150810,76.3800,76.5000,75.8000,75.9500,9165900
20150811,76.2200,76.4500,75.8100,76.0400,7491900
20150812,76.3900,76.4300,75.3400,75.8900,10397700
20150813,75.7800,76.5100,75.6300,76.4900,5948000
20150814,75.6200,75.8100,75.3800,75.7400,5586900
20150817,75.5300,75.8100,74.7500,75.8100,8683900
20150818,75.1300,75.8000,75.0000,75.5800,7445900
20150819,74.1200,74.9300,74.0200,74.9300,9865300
20150820,73.9100,74.7200,73.4600,73.7500,10696500
20150821,71.8400,73.9000,71.8300,73.5500,15763900
20150824,69.1400,71.0700,65.0200,68.5700,23696300
20150825,68.4200,72.2300,68.3000,72.1800,21476900
20150826,70.9000,71.0000,68.9500,69.9000,17464700
20150827,71.4800,71.7500,70.0200,71.4000,13434000
20150828,71.2100,71.2700,70.5900,71.1700,10020000
20150831,70.6700,71.0000,70.3000,71.0000,9520900
20150901,68.9000,69.8800,68.5200,69.3700,15437700
20150902,69.8100,69.8500,69.2200,69.6500,8903700
20150903,69.9300,70.4600,69.7000,70.1800,8468300
20150904,68.7600,69.2800,68.5000,69.2800,11497500
20150908,69.9800,70.4400,69.5600,70.3100,9182300
20150909,68.4800,70.5400,68.3700,70.4400,11070600
20150910,68.3200,68.9500,67.7500,68.1200,12591100
20150911,68.4200,68.5100,67.7300,68.0600,11291400
20150914,68.0600,68.3000,67.3300,68.2300,9712800
20150915,69.4500,69.7400,67.9000,68.0200,11043700
20150916,70.1000,70.3600,69.7000,70.1200,8704200
20150917,70.2400,71.2700,69.8600,70.0000,11029600
20150918,69.9400,70.7800,69.3700,69.4400,18210200
20150921,70.6500,70.8800,70.0100,70.1500,7742800
20150922,70.1900,70.6500,69.9800,70.0600,10207800
20150923,70.2600,70.4900,69.9600,70.1800,6294200
20150924,71.3600,71.5800,69.7400,69.8200,13423500
20150925,72.6700,73.3800,71.9500,72.3900,15080700
20150928,71.7700,72.6700,71.7500,72.3100,9207300
20150929,72.2800,72.4100,71.3500,71.7700,9033300
20150930,71.9400,73.0600,71.5500,72.8600,11041900
20151001,71.9500,72.1800,71.4000,71.7600,8547600
20151002,72.4200,72.4200,71.2900,71.3600,9085600
20151005,73.2200,73.4300,72.5000,72.9700,9187700
20151006,73.4000,73.7800,72.5900,73.3400,8851500
20151007,73.7200,73.8700,73.3200,73.7200,8013200
20151008,74.4000,74.4400,73.4900,73.6800,6856600
20151009,74.4800,74.9100,74.3200,74.5900,6880100
20151012,74.3300,74.7600,73.9100,74.6900,6255900
20151013,74.1100,74.2800,73.6600,74.2400,8390200
20151014,74.2100,74.6100,73.9000,74.2100,8479200
20151015,74.2700,74.8400,74.0300,74.6400,8607400
20151016,74.9000,75.0400,74.3400,74.7200,8959500
20151019,75.1600,75.1900,74.5300,74.6500,7292200
20151020,74.4300,75.0500,74.1600,74.8700,8531900
20151021,73.5900,74.5400,73.5000,73.7500,8302100
20151022,74.8500,75.6100,73.6100,73.8600,14080900
20151023,77.0300,78.4500,76.3100,76.7600,16451200
20151026,77.4900,77.9000,77.0000,77.0000,11464700
20151027,77.2900,77.3600,76.8100,77.1200,9423400
20151028,76.5100,77.5400,75.6900,77.3900,10178400
20151029,77.0200,77.1900,76.2400,76.7500,8230700
20151030,76.3800,77.1400,76.3800,76.9800,9547700
20151102,76.6000,76.7700,76.0500,76.5700,7152900
20151103,77.0500,77.4200,75.9600,76.3000,8013200
20151104,77.0600,77.1400,76.5100,77.0300,6375400
20151105,76.3900,77.2600,75.9600,77.0900,6860900
20151106,75.5700,76.0000,74.6900,75.8800,9483500
20151109,75.4000,75.6300,74.9300,75.1900,8607200
20151110,75.7700,76.2400,75.2300,75.3800,6551000
20151111,75.9600,76.4300,75.9200,76.0200,5295900
20151112,74.6600,76.0100,74.6600,75.6700,7678600
20151113,73.9600,74.9800,73.9500,74.6400,8468800
20151116,75.3000,75.3300,74.0100,74.2500,7410600
20151117,75.0700,76.0100,74.8700,75.3300,8761800
20151118,75.9000,75.9600,74.8100,74.9800,6447100
20151119,76.2200,76.9600,76.0200,76.1400,7899500
20151120,75.8200,76.8600,75.6800,76.5500,9533200
20151123,75.9700,76.0600,75.4000,75.8200,9421300
20151124,76.4500,76.6900,75.6100,75.6200,7086800
20151125,75.9000,76.7400,75.8800,76.5300,4266500
20151127,75.7000,76.3700,75.5000,75.8900,2390100
20151130,74.8400,75.8100,74.8400,75.5800,8935700
20151201,75.9400,76.2200,74.8700,74.8700,8391700
20151202,75.7900,76.4600,75.6500,75.7300,8104200
20151203,75.7400,76.2000,75.1700,75.8300,11177800
20151204,77.8300,77.9000,75.9200,75.9800,11961000
20151207,78.3700,78.5000,77.5400,77.5400,9460000
20151208,77.7500,78.5000,77.3500,77.6800,8312700
20151209,77.7000,78.9900,77.4400,77.6000,10081900
20151210,77.7900,78.5400,77.5700,77.9100,8984200
20151211,77.7800,78.3300,77.1100,77.5100,12280500
20151214,78.2900,78.5300,77.4400,77.6300,12179000
20151215,79.6800,80.0000,78.4800,78.7100,14056500
20151216,80.9900,81.2300,79.8000,79.9800,14102600
20151217,80.2900,81.0300,80.2000,80.9800,9864200
20151218,78.1300,80.1200,78.1300,79.9500,21342100
20151221,78.9500,78.9800,78.1500,78.6300,9105800
20151222,79.6000,79.7500,78.8800,79.1600,9872200
20151223,79.9200,80.4300,79.5000,79.9500,8254600
20151224,79.7900,80.1500,79.6000,79.6600,2498000
20151228,79.9200,79.9700,79.4700,79.7400,4150000
20151229,80.3600,80.6100,79.8500,80.2200,4406100
20151230,80.0700,80.5000,80.0000,80.4600,3793200
20151231,79.4100,80.0400,79.3100,79.9100,5077700
20160104,78.3700,78.5000,77.5400,78.3600,11529800
20160105,78.6200,78.9600,78.2100,78.4400,8133700
20160106,77.8600,78.2900,77.1200,77.6700,9551000
20160107,77.1800,77.6000,76.0700,76.8500,11973900
20160108,75.9700,77.4800,75.6700,77.3600,9676400
20160111,76.6700,77.0400,75.6000,76.1700,10209200
20160112,76.5100,77.0200,75.7500,77.0000,8774700
20160113,75.8500,76.9900,75.7900,76.9700,9310100
20160114,76.1500,76.9500,75.8800,76.1000,12835100
20160115,74.9800,75.6800,74.4700,74.5000,17023900
20160119,76.7300,76.9100,75.7200,75.8000,13457300
20160120,75.8300,76.0900,74.4600,75.2900,17795000
20160121,76.7200,77.1800,75.4100,76.0200,12712900
20160122,77.3600,77.9700,76.5500,77.4000,9465800
20160125,76.8500,77.3600,76.5600,77.2000,9870400
20160126,78.8100,79.5800,77.5400,78.0000,16374800
20160127,78.8000,79.8500,78.1500,78.5300,10816100
20160128,79.8200,80.0000,78.6100,79.4000,9895100
20160129,81.6900,82.0000,79.8300,79.9800,19895000
20160201,81.1200,81.4000,80.5300,81.2100,9657200
20160202,80.2200,80.5400,79.8100,80.0900,9116400
20160203,81.1000,81.2400,80.0200,80.4800,10149600
20160204,80.7000,81.1000,80.3300,80.8500,8295100
20160205,81.2000,81.2000,80.5700,80.5800,9957600
20160208,82.6200,82.7200,80.2900,80.2900,16530200
20160209,82.6400,83.0000,81.0200,81.8300,14308900
20160210,81.6200,83.0000,81.4600,82.9100,10585400
20160211,79.9000,80.9900,79.6300,80.3900,12343900
20160212,80.9900,81.0200,79.7900,80.3600,9306100
20160216,81.4700,81.9900,80.8400,81.9900,9352600
20160217,82.4500,82.8300,81.5100,81.6500,10892900
20160218,81.9800,82.3200,81.2100,82.2300,7702600
20160219,81.7900,82.2600,81.4000,81.9600,7709600
20160222,82.1300,82.6700,81.7100,81.7900,6916500
20160223,81.8100,82.4600,81.6100,82.0000,5840600
20160224,81.5600,81.6400,80.6600,81.2600,6759800
20160225,82.3400,82.3400,81.4700,81.7000,6789700
20160226,81.1000,82.6500,80.9500,82.5200,9281100
20160229,80.2900,81.3500,80.2100,81.1000,11065300
20160301,81.2300,81.3600,80.5300,80.5400,9483900
20160302,82.5500,82.6600,80.8500,81.5800,12096600
20160303,82.8400,82.9300,82.1800,82.5400,8747100
20160304,83.4900,83.7400,82.2600,82.6200,9406700
20160307,83.1000,83.7000,83.0000,83.1800,6792400
20160308,83.0600,83.7500,82.6700,82.9700,7788400
20160309,82.9600,83.6900,82.6800,83.3000,8954800
20160310,82.2800,83.2300,81.7500,83.1300,10385600
20160311,81.7500,82.8000,81.4400,82.7500,11109500
20160314,81.1700,81.8500,80.6800,81.5700,12389300
20160315,81.3100,81.4600,80.7600,81.0000,9297800
20160316,81.3400,81.8000,80.4800,81.3100,9490300
20160317,82.7500,83.2300,81.2800,81.2900,12061500
20160318,83.1500,83.5000,82.4400,82.8600,33635200
20160321,83.3200,83.8700,82.9100,83.1200,8625600
20160322,82.7400,83.3200,82.4900,83.2800,7205900
20160323,82.8200,83.4900,82.5800,82.7200,5594600
20160324,82.8900,83.1200,82.4300,82.4600,6645700
20160328,82.6200,83.4500,82.5200,82.9900,4988500
20160329,82.8000,83.0900,82.1600,82.6600,6731400
20160330,82.6800,83.3600,82.6500,83.0900,6925400
20160331,82.3100,83.0000,82.1500,82.7500,6819200
20160401,83.5300,83.6200,81.9300,82.0000,8028600
20160404,83.2100,83.6500,83.0300,83.6500,5593400
20160405,83.1600,83.5600,82.9900,83.1600,5259100
20160406,83.8100,83.8400,83.0800,83.1400,6292100
20160407,83.2400,83.6800,82.8700,83.2400,6655900
20160408,83.2000,83.4500,82.7700,83.4400,5453000
20160411,82.7300,83.3400,82.6600,83.0300,7081500
20160412,82.8300,83.2100,82.4500,82.7100,7081600
20160413,82.4600,83.4300,81.8400,83.0500,11738600
20160414,82.0100,82.3700,81.5400,81.9500,6904400
20160415,82.3000,82.4300,81.8500,82.0500,7299300
20160418,82.8300,82.9900,82.0200,82.3000,5628000
20160419,83.2800,83.7000,82.8500,82.9100,6606100
20160420,81.5500,83.3400,81.4800,83.2900,9124200
20160421,80.8000,81.3100,80.5500,81.0400,8802100
20160422,80.9500,80.9500,79.9100,80.4000,8027700
20160425,81.4100,81.4800,80.4200,80.9200,7672800
20160426,79.5500,81.5000,79.2100,81.5000,13650000
20160427,79.8900,80.1500,79.1000,79.4700,7613900
20160428,79.7600,80.2700,79.3900,79.4800,7494700
20160429,80.1200,80.1500,79.3700,79.6700,9387100
20160502,80.9700,81.3000,80.0200,80.0200,7834800
20160503,81.1000,81.7000,80.6900,80.8000,7569400
20160504,81.6000,81.7700,80.8700,80.8700,7316000
20160505,81.3000,82.0900,80.9200,81.6000,6399500
20160506,82.1300,82.2500,81.1700,81.4200,6297200
20160509,82.1200,82.7300,81.9700,82.2100,6643800
20160510,82.4800,82.6800,82.1200,82.1500,6222400
20160511,82.1500,82.8900,82.1300,82.5000,5871900
20160512,82.4100,82.7400,82.1100,82.4800,4920700
20160513,81.2300,82.4200,81.0000,82.4200,6530100
20160516,81.6300,81.8900,80.7500,81.0100,6467600
20160517,80.6200,82.0600,80.3300,81.6400,10091300
20160518,79.8500,80.7700,79.4100,80.5900,8325200
20160519,80.1900,80.2200,79.4500,79.6400,6229900
20160520,80.0200,80.5000,79.7900,80.4400,6518000
20160523,80.2000,80.3300,79.8500,80.0500,5617000
20160524,80.9700,81.3800,80.3000,80.3000,6292400
20160525,81.4800,81.7700,81.0100,81.0800,6049800
20160526,81.2200,81.6000,81.0900,81.4800,4560400
20160527,81.4300,81.6600,81.1600,81.2700,4212000
