20150529,27.3400,27.4300,27.2100,27.3700,10815700
20150601,27.3400,27.5000,27.3000,27.4300,4661700
20150602,27.3800,27.5200,27.2400,27.2400,4569700
20150603,27.5900,27.5900,27.3500,27.4800,2999300
20150604,27.2700,27.5300,27.2200,27.4400,4997700
20150605,27.3100,27.4500,27.1900,27.3800,6964300
20150608,27.0800,27.3700,27.0600,27.2600,5832100
20150609,26.9800,27.0700,26.8800,27.0300,5192200
20150610,27.5700,27.5900,27.0500,27.1100,5261700
20150611,27.8300,27.8700,27.5400,27.6000,2410100
20150612,27.7700,27.8200,27.6200,27.7700,2001300
20150615,27.5900,27.7200,27.4800,27.5600,3370500
20150616,27.7100,27.7900,27.4800,27.5500,2028900
20150617,27.8700,27.9400,27.6400,27.8200,3813400
20150618,28.3700,28.4100,27.9500,27.9900,3613700
20150619,28.0800,28.4300,28.0700,28.1800,4440100
20150622,28.3800,28.4400,28.2500,28.3800,3458200
20150623,28.4500,28.5000,28.2900,28.3800,2761800
20150624,28.2400,28.4700,28.1600,28.4400,2557400
20150625,28.1700,28.3000,27.9900,28.2300,3746300
20150626,28.3200,28.4200,28.2100,28.2700,3323200
20150629,27.8100,28.1600,27.7800,28.0000,3361000
20150630,27.8300,28.1500,27.7700,28.0900,3367000
20150701,28.4400,28.7800,28.2900,28.7800,5053900
20150702,28.2400,28.5900,28.1700,28.5000,3268900
20150706,28.3800,28.4300,27.9200,27.9400,3498000
20150707,28.9500,29.0000,28.2500,28.4200,5553400
20150708,28.7200,29.0200,28.6200,28.8000,4226900
20150709,29.0300,29.1300,28.8500,29.0700,5223700
20150710,29.3900,29.4700,29.2600,29.3100,3833100
20150713,29.7300,30.3200,29.5300,29.6300,3499200
20150714,29.7800,29.8200,29.6300,29.6500,3113600
20150715,30.0100,30.0700,29.6500,29.7400,4031800
20150716,30.1800,30.4000,30.0200,30.2900,7075100
20150717,31.2800,31.3800,30.1400,30.2000,9790600
20150720,30.7600,31.4200,30.6700,30.9200,8144000
20150721,30.5200,30.8900,30.3800,30.7800,4897300
20150722,30.6200,30.6900,30.4700,30.5400,3428700
20150723,30.5600,30.7300,30.4700,30.6200,2813700
20150724,30.5100,30.6200,30.4500,30.5100,2606200
20150727,30.4700,30.5500,30.2300,30.3000,2462000
20150728,30.4300,30.7300,30.3200,30.7000,2906400
20150729,30.3900,30.5900,30.1700,30.4400,4353100
20150730,30.4900,30.5100,30.2100,30.3400,3187100
20150731,30.5000,30.7000,30.4700,30.6800,2272400
20150803,30.6200,30.6200,30.4000,30.4900,1986100
20150804,30.5400,30.6900,30.3400,30.3400,3210100
20150805,30.7400,30.8400,30.5300,30.7500,3063000
20150806,30.4900,30.8300,30.3900,30.7500,3328200
20150807,30.5700,30.5900,30.3000,30.4000,2591000
20150810,30.9000,30.9700,30.7400,30.7800,2406300
20150811,30.9300,31.0500,30.6300,30.6400,3282700
20150812,30.8500,30.8800,30.4000,30.6400,2599000
20150813,31.0000,31.1300,30.6400,31.0000,2651000
20150814,31.0300,31.1500,30.8800,31.0000,2547000
20150817,31.2400,31.2500,30.7500,30.9000,1976100
20150818,31.1900,31.2200,31.0200,31.1800,2639000
20150819,31.4500,31.5700,31.0000,31.1000,5836500
20150820,30.8800,31.2700,30.8700,31.2000,3609700
20150821,29.9600,30.6700,29.9600,30.6600,5532700
20150824,28.7400,29.5500,27.2300,28.7300,8233700
20150825,28.5500,29.5100,28.5300,29.2500,5679800
20150826,29.5100,29.5900,28.8000,29.2500,6306300
20150827,30.2500,30.3800,29.7400,29.9100,4757000
20150828,30.0500,30.2000,29.8900,30.2000,3122400
20150831,29.9600,30.1000,29.8400,30.0200,2922500
20150901,29.2400,29.5600,29.1200,29.3200,3673200
20150902,29.6700,29.6800,29.3400,29.6000,3624900
20150903,29.8300,30.0900,29.6400,29.8000,3127300
20150904,29.4700,29.6100,29.3200,29.4600,3471500
20150908,30.0700,30.1200,29.6300,29.9200,4202400
20150909,29.6800,30.4200,29.6400,30.3200,3171400
20150910,29.9800,30.1200,29.6100,29.6600,3144600
20150911,30.2300,30.2400,29.8200,29.8500,2696700
20150914,30.1800,30.4000,30.1100,30.2700,3611000
20150915,30.5800,30.6300,30.1800,30.3100,2683500
20150916,30.9800,31.0900,30.5600,30.6900,4110300
20150917,31.3400,31.7000,31.0200,31.0800,5661700
20150918,30.6200,31.1800,30.2700,30.8100,12851400
20150921,30.9200,31.2500,30.7800,30.9800,3667100
20150922,30.6600,30.7900,30.4100,30.4100,2866200
20150923,30.6800,30.8000,30.5200,30.6300,2341900
20150924,30.6100,30.6600,30.3200,30.4700,3069800
20150925,30.6700,31.1300,30.5000,31.0200,4121700
20150928,30.2800,30.6900,30.1800,30.4600,3945000
20150929,30.4400,30.4700,29.9000,30.2900,5105500
20150930,30.6400,30.7700,30.5100,30.7300,4341100
20151001,30.6700,30.9500,30.3400,30.7200,3609200
20151002,31.0600,31.0600,30.0900,30.2900,4147700
20151005,31.3900,31.4300,31.0400,31.2800,3714700
20151006,31.3300,31.7000,31.2100,31.3000,3636700
20151007,31.6200,31.6400,31.3600,31.4900,2343000
20151008,32.1300,32.1600,31.5000,31.5000,2510100
20151009,32.0800,32.2900,31.9800,32.1000,3286800
20151012,32.2700,32.3700,32.0100,32.0800,2071600
20151013,32.0900,32.4000,32.0200,32.1800,2135100
20151014,31.5600,32.1300,31.5000,32.0500,2357700
20151015,31.8300,32.0200,31.5500,31.8100,4150400
20151016,32.5200,32.6800,31.9900,32.1300,4028500
20151019,32.6800,32.7300,32.3500,32.4500,2507900
20151020,32.9400,32.9800,32.7200,32.7200,2021500
20151021,32.6800,33.1100,32.6500,33.0000,2825000
20151022,33.0500,33.0900,32.8200,32.8500,2486400
20151023,33.0500,33.2500,32.9400,33.1800,2894700
20151026,33.2200,33.3000,33.0500,33.0700,2174000
20151027,33.1800,33.1800,32.9300,33.0000,3058800
20151028,33.6000,33.6200,33.0600,33.1900,2301800
20151029,33.6400,33.9500,33.5100,33.5400,2502500
20151030,33.1300,33.6700,33.1100,33.6200,3852800
20151102,33.6300,33.6700,33.1400,33.2700,3805500
20151103,33.3800,33.5700,33.2400,33.5500,3109400
20151104,33.1500,33.5000,33.1200,33.4000,2482100
20151105,32.3800,33.2900,32.2300,33.1600,7335200
20151106,32.0100,32.1700,31.3200,31.7900,7693200
20151109,31.4700,32.0500,31.3400,31.9900,5092200
20151110,31.4500,31.7500,31.2400,31.4800,5512500
20151111,31.5800,31.7400,31.3800,31.5300,2602300
20151112,31.0400,31.5300,31.0300,31.4100,3150200
20151113,30.7200,31.0800,30.6000,30.9900,3243300
20151116,30.9300,30.9400,30.1300,30.4000,3295000
20151117,30.7500,31.1000,30.7400,30.9300,3105100
20151118,31.4000,31.4500,30.4300,30.6900,4413800
20151119,31.4000,31.5300,31.2100,31.3800,2343100
20151120,31.5800,31.8400,31.4300,31.5100,2794400
20151123,31.7600,31.9100,31.5500,31.6300,2719100
20151124,31.7400,31.8000,31.4800,31.5100,2381700
20151125,31.3000,31.8200,31.2300,31.7100,2188800
20151127,31.1200,31.2900,31.0700,31.2800,1607900
20151130,30.8200,31.2100,30.7900,31.1200,4894700
20151201,31.1700,31.1700,30.6900,30.7000,4911000
20151202,30.8300,31.1700,30.8000,31.0700,3480800
20151203,30.3900,30.9200,30.3100,30.8700,4184800
20151204,31.2200,31.3400,30.4300,30.4300,4293300
20151207,31.0200,31.2700,30.8700,31.1700,2982900
20151208,30.9600,31.0800,30.7700,30.8600,2835800
20151209,30.6600,31.1600,30.5000,30.8100,3533000
20151210,30.6900,30.9900,30.4900,30.6600,3011800
20151211,30.2900,30.5500,30.1500,30.3000,2647300
20151214,30.7700,30.8600,30.2800,30.3400,3641000
20151215,30.9500,31.1900,30.6600,30.9900,4182300
20151216,31.7700,31.8000,31.0500,31.2100,4238400
20151217,31.4800,32.0600,31.4200,32.0300,3716700
20151218,30.8300,31.3800,30.8300,31.3400,5719400
20151221,31.1200,31.3700,30.8100,31.0300,2526800
20151222,31.8300,31.9600,31.1600,31.3200,3021100
20151223,32.0000,32.0400,31.7800,31.9300,2397400
20151224,32.0000,32.1900,31.7800,31.8900,869000
20151228,31.9600,31.9800,31.7100,31.8800,1734200
20151229,32.4600,32.4800,32.0300,32.1900,2703300
20151230,32.3200,32.5700,32.3200,32.3500,1598800
20151231,31.8000,32.2000,31.7900,32.1400,1460600
20160104,31.1200,31.4300,30.7700,31.4000,3266700
20160105,31.4100,31.5800,31.0000,31.1200,6043500
20160106,31.0600,31.2500,30.8600,31.0300,4206300
20160107,30.5300,30.9400,30.3700,30.6100,4892900
20160108,30.0800,30.7100,30.0400,30.6700,4178000
20160111,30.6400,30.7400,30.2500,30.2900,3519600
20160112,30.7300,30.9200,30.1400,30.8500,3083700
20160113,30.1100,30.9200,30.0500,30.8800,2794900
20160114,30.2200,30.6000,30.1000,30.2100,4102800
20160115,29.9100,30.0800,29.4800,29.4800,4173800
20160119,29.8000,29.9700,29.4700,29.8300,4456500
20160120,29.6800,30.0100,29.3200,29.4700,5852400
20160121,29.5500,30.0000,29.4600,29.7700,4218700
20160122,29.9500,30.0600,29.6800,29.9300,3037000
20160125,29.5000,30.0000,29.4600,29.9400,3749200
20160126,29.4900,29.9300,29.3800,29.6200,3800000
20160127,30.3800,30.7400,29.9200,30.6600,5831800
20160128,30.7200,30.8000,29.9100,30.6200,4399900
20160129,31.2500,31.3600,30.8200,30.9500,6877600
20160201,30.4800,30.6600,29.9700,29.9700,6982100
20160202,30.4900,30.6600,30.2000,30.3700,5102900
20160203,30.4200,30.6600,29.9900,30.6600,5838700
20160204,30.6600,30.6700,30.2700,30.3900,4904600
20160205,30.7000,30.9500,30.4900,30.6600,3742700
20160208,30.7300,30.8700,30.3500,30.3900,5712500
20160209,30.8800,31.3100,30.4500,30.4700,7480900
20160210,30.9100,31.4800,30.9000,31.0300,4265600
20160211,30.2300,30.6800,30.1900,30.4100,5181900
20160212,31.3800,31.4500,30.5600,30.6100,6587300
20160216,31.6500,31.7200,31.2700,31.7000,4430000
20160217,32.0600,32.2200,31.7800,32.0000,4893300
20160218,31.9500,32.1200,31.7800,32.0600,3176300
20160219,31.9100,32.0800,31.7500,31.7600,3183400
20160222,32.0300,32.2800,31.8400,32.1600,2925500
20160223,31.9300,32.1200,31.8100,32.0300,2875900
20160224,31.8500,31.9000,31.4500,31.6800,3640900
20160225,32.1700,32.2300,31.8900,31.9800,3029100
20160226,32.1100,32.3500,31.8700,32.3500,3117600
20160229,31.9200,32.2300,31.8900,32.0300,3619700
20160301,32.5700,32.6000,32.0500,32.1600,3233000
20160302,32.9300,33.0300,32.4300,32.5500,3708100
20160303,33.4900,33.5400,32.9800,32.9800,7449700
20160304,33.1900,33.5300,33.0700,33.4500,3657600
20160307,33.3300,33.3800,33.0100,33.0400,3768900
20160308,33.0300,33.3000,32.9400,33.2100,3907600
20160309,33.0300,33.3100,32.9400,33.2000,1955500
20160310,32.8400,33.2700,32.6200,33.1500,4248100
20160311,33.2100,33.2200,32.8300,33.1200,5726700
20160314,33.0400,33.2200,32.9200,33.2000,3478500
20160315,33.2800,33.3100,32.8100,32.8500,3152200
20160316,34.0200,34.0700,33.1100,33.2500,4360000
20160317,34.4600,34.5300,33.7800,34.0800,3801000
20160318,34.6100,34.6700,34.3900,34.5700,6498700
20160321,34.9300,34.9700,34.4600,34.5000,3240800
20160322,35.0400,35.1400,34.7800,34.8400,3639300
20160323,35.1700,35.2700,34.9200,34.9900,3694200
20160324,34.8100,35.0700,34.5600,34.9700,2504700
20160328,35.0300,35.1000,34.7600,34.8000,2097500
20160329,35.0200,35.1800,34.8700,35.0400,3314100
20160330,35.0300,35.2600,34.8600,35.1700,2315000
20160331,35.1400,35.2000,34.9200,35.0600,2841700
20160401,35.4800,35.5000,34.9600,35.1200,2595500
20160404,35.1700,35.5400,35.1100,35.4700,2747400
20160405,34.6500,35.1700,34.6500,35.0700,4068400
20160406,34.7700,34.7800,34.5200,34.6600,3478200
20160407,34.4100,34.6700,34.2700,34.6500,3314000
20160408,34.4300,34.6200,34.3500,34.5200,3790500
20160411,34.2800,34.6700,34.2400,34.5000,1934000
20160412,34.7100,34.7700,34.2400,34.3700,3659900
20160413,34.7600,34.9500,34.3900,34.8400,3676800
20160414,33.5700,34.1400,33.2300,34.1300,7792300
20160415,33.4300,33.5400,33.2300,33.5200,4156300
20160418,33.7200,33.7200,33.3000,33.3700,3836700
20160419,33.7500,33.9400,33.6300,33.7900,3371200
20160420,33.4400,33.8700,33.2800,33.7700,2507000
20160421,32.7200,33.4100,32.6700,33.3100,3465600
20160422,32.9500,33.0500,32.7300,32.7300,2378800
20160425,32.8600,32.9100,32.6700,32.8200,2298900
20160426,32.7500,32.9600,32.6200,32.9100,3170700
20160427,32.7900,32.9500,32.6300,32.8000,2025200
20160428,32.5400,32.7900,32.4100,32.5400,2151900
20160429,32.6000,32.6800,32.2600,32.4000,2325900
20160502,33.0700,33.1800,32.6300,32.6300,2217400
20160503,33.1800,33.2200,32.6700,32.7800,2807000
20160504,32.8300,33.1000,32.7100,33.0000,3231900
20160505,32.8800,33.3400,32.7600,32.9500,3484800
20160506,32.9600,33.0600,32.4100,32.7400,3161400
20160509,33.1500,33.2700,32.7800,32.9200,2005100
20160510,33.6000,33.6100,33.1600,33.2800,2208300
20160511,33.1500,33.6400,33.1300,33.5200,2446600
20160512,33.5600,33.5900,33.1900,33.3000,2467500
20160513,33.2400,33.5100,33.1700,33.4200,2330000
20160516,33.0400,33.2900,33.0000,33.2100,4521400
20160517,32.8200,33.2000,32.7300,33.0200,4751300
20160518,32.3800,32.6800,31.9900,32.6800,10880600
20160519,32.5600,32.6900,32.0600,32.2400,4689600
20160520,32.9800,33.0900,32.6500,32.7300,3655600
20160523,32.9900,33.0600,32.8600,32.9400,3021400
20160524,33.4900,33.8100,33.0800,33.2000,2874800
20160525,33.2600,33.5800,33.2200,33.5200,2651300
20160526,33.2500,33.3400,33.1700,33.2200,3092500
20160527,33.2500,33.3200,33.1700,33.2600,3641200
