20150529,60.9200,61.4300,60.8400,61.1700,632400
20150601,60.9100,61.3400,60.8200,61.0400,856200
20150602,59.6500,60.6900,59.3000,60.6200,744600
20150603,58.6900,59.7200,58.2000,59.5500,705700
20150604,58.4700,58.9500,58.1900,58.1900,553400
20150605,57.6300,58.0200,57.3600,57.6000,663600
20150608,57.1800,57.6300,57.1700,57.6200,643200
20150609,56.9000,57.4400,56.8100,57.1500,1277600
20150610,57.0900,57.4900,56.8300,57.3700,882100
20150611,57.8200,57.9300,57.4400,57.5200,714200
20150612,57.0000,57.6500,56.9700,57.5100,378100
20150615,56.6500,57.1000,56.5100,56.8700,721000
20150616,56.9600,56.9600,56.3400,56.5700,647300
20150617,57.3000,57.3700,56.6200,57.0100,512000
20150618,58.0600,58.5900,57.7100,57.8800,1070500
20150619,58.1400,58.6100,57.7200,57.9800,1432000
20150622,58.0600,58.4600,57.7000,58.2500,1089900
20150623,57.2400,58.2600,57.1900,58.2300,733500
20150624,56.5200,57.4500,56.5100,57.1900,724000
20150625,56.3100,56.9100,56.2300,56.7800,603600
20150626,56.8900,57.0100,56.0100,56.3800,876600
20150629,56.5800,57.4900,56.5500,56.9600,754800
20150630,56.8900,57.1100,56.4000,56.7300,1480900
20150701,57.5800,57.6700,56.7700,57.0300,1156400
20150702,58.3200,58.5500,57.2400,57.9300,944100
20150706,58.4900,58.6000,57.8200,58.1600,758100
20150707,60.3400,60.5300,58.7100,58.7800,1148200
20150708,60.2800,60.4900,60.0200,60.1000,1196900
20150709,59.6800,60.7200,59.4300,60.4400,1039000
20150710,60.3200,60.6800,59.3700,59.6000,1203600
20150713,60.1800,60.8100,59.7800,60.5200,849700
20150714,60.1100,60.5500,59.8700,60.1700,896900
20150715,60.2100,60.2400,59.3900,60.0400,919200
20150716,61.1700,61.2800,60.2000,60.2000,1185600
20150717,60.4200,61.0300,60.3700,60.9900,817400
20150720,60.8100,61.1200,60.2500,60.6300,1479600
20150721,59.9600,60.7600,59.5200,60.5600,1010100
20150722,60.3400,60.5400,59.8200,59.9500,936500
20150723,59.6900,60.2600,59.1600,60.2600,749600
20150724,59.9900,60.2900,59.4200,59.6000,658700
20150727,60.9700,61.0400,59.8700,59.8700,1313400
20150728,61.0900,61.2500,60.7100,60.8800,1076100
20150729,61.5200,61.5600,60.5900,60.9000,857900
20150730,61.2700,62.2300,59.5500,60.3100,1275700
20150731,61.7100,62.6300,61.5700,61.5700,616200
20150803,61.9200,62.3600,61.6100,61.7200,723000
20150804,60.8000,61.8800,60.7000,61.8800,677400
20150805,60.8500,61.2900,60.6900,60.9000,676300
20150806,61.5100,61.5400,60.3200,60.8300,810500
20150807,62.6200,62.8900,61.0200,61.3900,904500
20150810,62.2500,62.9900,62.1600,62.7000,627700
20150811,63.0800,63.2700,62.0800,62.2600,730700
20150812,63.7700,63.9500,62.6300,62.8800,766500
20150813,63.8600,64.0700,62.9400,63.5000,527200
20150814,64.3700,64.4800,63.3200,63.6900,646500
20150817,64.8500,65.1200,64.0700,64.4300,595100
20150818,64.3800,64.7700,64.2800,64.7700,627300
20150819,64.5900,64.9000,63.8500,64.0800,628700
20150820,64.3400,65.2300,63.9200,64.1700,977000
20150821,63.2700,64.4000,63.2500,64.1000,945200
20150824,61.6900,62.3600,60.9700,62.1600,2531600
20150825,59.6100,62.8500,59.5500,62.3500,1225700
20150826,60.3300,60.5400,59.2400,60.3400,1357200
20150827,60.7800,60.8000,59.9000,60.7800,1329700
20150828,60.4800,60.8400,59.8100,60.6600,1508000
20150831,59.5300,60.3900,58.9500,60.1500,1099800
20150901,58.0100,59.0200,57.7800,59.0200,865600
20150902,58.0100,58.7300,57.5700,58.6300,660300
20150903,58.2700,58.6800,58.0200,58.1600,717300
20150904,57.6000,58.0100,57.3300,57.6600,668200
20150908,59.6800,59.7500,57.9900,58.2200,1658500
20150909,59.2300,59.9500,59.0000,59.8800,1246400
20150910,59.0600,59.6900,58.8800,59.1500,962600
20150911,59.7900,59.8000,58.6100,58.7400,861100
20150914,59.8800,60.2900,59.6800,59.8700,816200
20150915,60.1800,60.2900,59.5500,59.8800,772200
20150916,61.0900,61.2300,59.9200,60.2100,759800
20150917,61.7700,62.4700,60.9400,61.0000,549600
20150918,61.7700,62.3300,61.2000,61.2700,1301200
20150921,62.2900,62.7700,61.6500,61.9700,1218700
20150922,62.2000,62.4100,61.5400,61.5400,801500
20150923,62.2300,62.5400,61.8600,62.2400,587700
20150924,62.6300,62.8200,61.6000,62.0600,976700
20150925,63.5200,64.0900,62.5200,62.6900,620500
20150928,63.1700,63.8600,62.9900,63.5100,666400
20150929,63.2200,63.6200,62.7500,63.2600,760000
20150930,64.1400,64.2100,63.2300,63.5200,574800
20151001,63.4400,64.3500,62.8800,64.1600,887100
20151002,63.9200,64.0800,63.0900,63.9200,848400
20151005,64.0800,64.4800,63.6800,64.2300,1205600
20151006,62.9300,64.3400,62.8100,63.9200,1959600
20151007,62.9100,63.2400,62.6600,63.1000,1388200
20151008,64.0600,64.2200,62.6200,62.8000,688800
20151009,63.9800,64.2600,63.7400,64.0600,664600
20151012,64.6200,65.0600,63.9900,63.9900,483600
20151013,64.7100,64.9200,64.4000,64.5900,605900
20151014,64.9700,65.3100,64.7000,64.8000,596800
20151015,65.7800,65.9800,64.7600,65.1600,534800
20151016,65.8500,66.1900,65.6500,66.0600,739100
20151019,65.5300,65.6600,64.8100,65.4900,725300
20151020,65.7400,65.8900,64.7600,65.4000,757800
20151021,65.5900,66.4600,65.5200,65.9600,525600
20151022,66.6400,67.0200,65.4000,66.0300,771000
20151023,65.7100,66.7400,65.4000,66.5000,763700
20151026,65.7800,65.8300,64.8500,65.5200,710500
20151027,65.5100,66.0600,65.2900,65.7400,635700
20151028,64.4800,66.0000,63.9800,65.5100,1072400
20151029,63.1700,64.2500,62.4300,63.6800,1525900
20151030,63.5100,64.4000,62.9600,63.0100,1346500
20151102,64.1700,64.3600,62.8100,63.4700,1115100
20151103,63.9700,64.2600,63.4400,63.9100,755400
20151104,65.1900,65.4500,64.2000,64.5300,1284300
20151105,64.7100,65.3400,64.6500,64.9900,778100
20151106,61.5400,64.3900,61.1200,63.9600,1233000
20151109,62.0000,62.1000,61.0200,61.3000,770300
20151110,63.2400,63.2900,62.0500,62.1000,1027500
20151111,63.3300,63.8500,63.1400,63.3700,997500
20151112,62.0800,63.9200,62.0600,63.2700,1350700
20151113,61.5800,62.9500,61.1600,62.2700,932200
20151116,62.9300,62.9600,61.6300,61.7000,1455600
20151117,61.8500,63.2800,61.6900,62.7900,853500
20151118,62.1400,62.2800,61.3200,62.1000,1032800
20151119,62.8700,62.9400,62.0200,62.3500,766800
20151120,63.3400,63.8500,63.0600,63.1300,2102600
20151123,62.8700,63.8400,62.7300,63.4700,724000
20151124,63.0600,63.3500,62.2100,62.4500,1061200
20151125,62.6800,63.1300,62.4400,63.1300,486700
20151127,62.9500,63.1000,62.6500,62.7300,341800
20151130,63.3600,63.9600,62.9800,63.0200,1443200
20151201,63.5200,63.9900,63.1700,63.3300,1449100
20151202,62.0600,63.5600,61.9500,63.4000,969600
20151203,61.1100,61.9400,60.9300,61.6200,2126500
20151204,62.3800,62.5100,61.2200,61.3600,1718400
20151207,63.1300,63.1700,62.0900,62.2700,1730400
20151208,63.5500,63.6200,62.3100,62.9800,1633100
20151209,63.1200,63.9900,62.8900,63.2200,805700
20151210,61.2100,62.9600,60.9900,62.9600,1193300
20151211,61.5300,61.8100,60.7000,60.9000,784800
20151214,61.4500,61.6800,60.8500,61.5200,1292400
20151215,62.0600,62.7500,61.5700,61.5700,1158100
20151216,63.6200,63.7500,62.3600,62.3600,626900
20151217,63.5900,64.1200,63.3700,63.5700,1109700
20151218,62.8500,63.4900,62.3300,63.3400,884500
20151221,62.9600,63.4300,62.4500,63.1900,590000
20151222,63.5000,63.6700,62.2800,62.9800,589200
20151223,64.4300,64.6100,63.6200,63.6200,412200
20151224,64.2900,64.5400,63.9500,64.4400,185400
20151228,64.8400,64.9200,63.9700,64.1200,412900
20151229,65.1900,65.5100,64.9200,64.9200,359700
20151230,65.2300,65.5100,65.0300,65.0300,345200
20151231,64.4800,65.1000,63.7800,65.0500,517100
20160104,64.0800,64.4900,63.4500,64.3100,1045300
20160105,64.4000,64.5400,62.9400,63.9600,695100
20160106,64.4900,64.6800,63.7600,63.9200,644500
20160107,64.4700,64.6200,63.7000,63.8800,839000
20160108,64.0200,65.0200,63.9300,64.5100,979900
20160111,64.7800,65.1500,64.1900,64.1900,898700
20160112,63.7000,64.5600,62.8500,63.1000,1492900
20160113,63.8700,64.7500,63.5600,63.8000,1082000
20160114,64.8100,65.2800,63.6400,63.8400,849900
20160115,64.0100,64.8200,63.1300,64.8100,784000
20160119,64.8800,65.1400,63.9400,64.5700,744200
20160120,63.6200,64.9800,62.5200,64.7700,766700
20160121,63.2600,64.1700,62.7200,63.9000,821700
20160122,64.1000,64.2300,62.9800,63.4600,1351500
20160125,63.7500,64.3100,63.5000,64.1300,687600
20160126,64.0000,64.7800,62.5100,63.3900,677500
20160127,64.0300,64.6300,63.5200,63.9900,655400
20160128,64.6700,65.1100,62.8200,64.4500,789900
20160129,66.3100,66.4900,65.0600,65.1000,1114500
20160201,67.2700,67.5900,66.0200,66.2400,1346900
20160202,68.2800,68.4600,66.6600,66.9700,1190500
20160203,69.7100,70.0000,68.6900,68.6900,1669300
20160204,68.8300,69.8300,68.6100,69.6500,1315100
20160205,68.5200,69.1900,67.8100,68.5500,1850400
20160208,68.4900,69.7200,67.6400,68.9800,1720500
20160209,68.4800,69.0000,67.9100,68.4200,1971200
20160210,68.7500,69.2500,67.5100,68.3500,935000
20160211,67.5800,68.9900,67.5400,68.4300,825200
20160212,67.2200,67.9100,66.4200,67.4400,913200
20160216,67.2500,67.4400,66.6700,67.3500,857700
20160217,66.8300,67.1800,66.2200,67.1800,977000
20160218,67.4700,68.0200,66.5600,66.9400,1542600
20160219,68.2500,68.6500,66.6200,67.5400,1944100
20160222,69.5500,69.8500,68.3200,68.9300,1175500
20160223,69.8900,70.0700,68.5200,69.1700,678200
20160224,70.1500,70.5400,69.3200,69.9000,880000
20160225,71.2100,71.4000,70.1200,70.5500,692000
20160226,68.5400,70.7900,68.4900,70.7100,1386700
20160229,68.8300,69.2600,67.9000,68.4100,1354100
20160301,67.9200,69.4400,67.8300,69.2000,1571900
20160302,68.4900,68.5000,66.3500,67.7200,1149800
20160303,68.4800,68.5900,67.5500,68.5900,987600
20160304,69.0000,69.3300,67.8000,68.0800,1049000
20160307,69.1800,69.6000,68.7700,68.8900,782300
20160308,70.1200,70.2800,68.9600,69.3600,1132300
20160309,70.7400,70.9500,69.8000,69.9400,987500
20160310,71.3700,71.8100,69.9100,70.7400,1779400
20160311,71.1800,71.9200,70.9000,71.6100,828900
20160314,71.5000,71.7700,70.4500,71.0000,848900
20160315,71.8200,71.9900,71.3300,71.3300,512000
20160316,72.5100,72.6200,70.8500,71.5500,489000
20160317,73.3900,73.5000,72.2600,72.5500,784600
20160318,72.7000,73.5300,72.5900,73.5300,1664300
20160321,72.8600,73.0800,71.7500,72.4400,541500
20160322,72.6300,73.3400,72.4700,72.9300,781000
20160323,73.2900,73.5300,72.2400,72.5400,527200
20160324,73.4900,73.7000,72.7200,73.0400,553400
20160328,73.4300,74.0800,73.1600,73.5600,375100
20160329,74.6400,74.6900,73.4300,73.6000,630200
20160330,74.6900,74.8400,74.0700,74.5700,541800
20160331,75.0700,75.1500,74.4900,74.6800,861400
20160401,75.4900,75.5700,74.7200,75.0200,731600
20160404,75.3700,75.8100,74.8800,75.6000,603900
20160405,74.2900,75.4700,74.2200,75.2000,996200
20160406,74.1600,74.3100,73.6700,73.9200,572000
20160407,74.1100,74.6000,73.5700,73.9800,598900
20160408,74.3600,74.8100,74.1300,74.3900,676700
20160411,74.1000,74.8000,73.9100,74.4500,671000
20160412,74.6400,74.6900,73.9700,74.2600,647800
20160413,74.2400,74.8300,73.7700,74.8300,874600
20160414,73.7600,74.3800,73.6300,74.0100,723200
20160415,74.3400,74.5400,73.7200,73.8000,689100
20160418,74.7300,74.7300,73.8700,74.3300,497200
20160419,74.8500,74.9900,74.3300,74.9300,412000
20160420,72.9100,74.9900,72.7900,74.9000,587700
20160421,71.0700,72.9500,70.8100,72.6800,843800
20160422,71.4600,71.7200,71.1500,71.3200,620200
20160425,71.6100,71.6600,71.0800,71.3200,571700
20160426,71.2700,71.9400,71.1300,71.5000,596800
20160427,72.1600,72.5800,71.1100,71.5600,802900
20160428,71.5800,71.9000,70.7500,70.8900,1138000
20160429,72.6500,72.8100,70.2300,70.6100,1487900
20160502,73.3500,74.2700,72.4300,72.7800,1768600
20160503,72.9800,73.6400,72.6600,73.2800,1182200
20160504,73.7300,74.1900,72.3200,72.7800,870900
20160505,73.2200,74.3300,72.9200,73.5200,629300
20160506,72.9800,73.1500,72.2100,73.1500,713600
20160509,73.5700,73.7700,72.8700,73.0900,526900
20160510,73.5600,74.0900,73.1200,73.6900,523200
20160511,73.7400,73.8900,73.0900,73.7100,654600
20160512,74.4400,74.6500,73.3900,73.7200,670100
20160513,74.2100,74.4400,73.6100,74.2500,501500
20160516,74.5700,74.5800,73.7200,74.2400,683000
20160517,72.8800,74.4100,72.5900,74.2700,677300
20160518,70.7500,72.6200,70.5700,72.4100,1318500
20160519,71.4100,71.4600,70.1100,70.5000,495700
20160520,71.5600,71.6700,70.8100,71.6700,1073100
20160523,71.0800,71.7600,71.0400,71.6300,654600
20160524,72.0700,72.2400,71.0500,71.4000,569100
20160525,71.9700,72.1000,71.3100,71.9100,724300
20160526,72.8700,73.0300,71.7400,72.1000,593700
20160527,73.1900,73.2700,72.5100,73.0300,542900
