20150529,79.1200,80.5400,78.9000,79.5600,3734300
20150601,79.3500,80.2500,79.2000,79.5500,3007400
20150602,79.1000,79.5000,78.4700,79.3800,3281600
20150603,78.3000,78.8600,77.7200,78.7900,3198400
20150604,77.3800,78.0700,77.1800,77.7100,2623000
20150605,78.0500,78.6100,77.1700,77.2400,1934400
20150608,77.1800,77.7600,76.8400,77.1100,3344500
20150609,76.7900,77.8100,76.7300,77.3400,3383300
20150610,77.8000,78.3500,77.1800,77.4100,3600200
20150611,78.6700,79.2900,77.4800,77.9800,3126400
20150612,77.6500,78.3400,76.9400,78.1600,2574600
20150615,78.0800,78.0900,77.1600,77.7000,2546600
20150616,78.3900,78.4400,77.2700,78.0000,2511000
20150617,78.8400,79.6600,77.9200,79.1500,2799100
20150618,80.0300,80.4800,78.8000,78.9100,2508100
20150619,79.6700,80.6200,79.5800,79.5800,3030700
20150622,79.6000,80.0200,78.9400,80.0200,3153000
20150623,80.3100,80.6000,79.5600,79.8000,2453100
20150624,79.1900,80.1200,78.9600,79.7000,3106400
20150625,78.8900,79.5200,78.8000,79.1900,2347100
20150626,79.6200,79.6700,78.5600,78.8000,8753600
20150629,78.4900,79.4100,78.4600,78.7500,4888300
20150630,80.5600,81.3600,79.1800,79.2400,4716800
20150701,81.3000,81.8600,80.5200,80.6400,3779600
20150702,81.4500,82.1800,81.0000,81.4700,3388900
20150706,81.5400,81.7900,79.7500,80.3900,3978700
20150707,82.3500,82.6300,79.9200,81.9800,4170700
20150708,78.5000,81.8600,78.0600,81.8500,4513100
20150709,79.4500,80.0000,79.1900,79.6000,3839200
20150710,81.4900,81.8400,79.6600,79.8600,3236100
20150713,83.4200,84.2400,82.0500,82.0500,4148900
20150714,83.5200,84.3900,82.8900,82.8900,4884500
20150715,81.7700,83.3500,81.4200,82.7900,3737700
20150716,83.2100,83.4400,82.0200,82.4200,3017300
20150717,83.2400,83.3000,82.1000,83.2100,2502100
20150720,82.3300,83.2500,82.2400,83.1300,3095200
20150721,81.9800,83.0000,81.4800,82.3000,2215000
20150722,81.8300,82.8600,81.2000,81.8400,3725600
20150723,81.3900,82.4800,81.2200,82.1100,2110100
20150724,79.0300,81.5600,78.3000,81.3400,5377100
20150727,76.7200,78.0400,75.4400,78.0000,7687900
20150728,78.6500,79.0700,76.4200,76.8000,4784200
20150729,80.0300,80.1800,78.4400,78.5500,4380000
20150730,79.1200,79.9800,78.3800,79.4900,4040100
20150731,79.5000,80.6300,77.9100,78.4700,3615800
20150803,78.6800,80.2200,78.2500,78.6700,4085500
20150804,78.2600,79.4400,78.0900,79.1100,3601300
20150805,78.2800,80.4500,78.1900,79.5700,3102700
20150806,79.6400,79.8600,77.9400,78.4500,4605300
20150807,79.6200,80.6100,78.9700,79.2700,2969400
20150810,82.5200,82.5300,80.0000,80.0700,3876700
20150811,83.7000,83.8100,80.9000,81.0700,3584100
20150812,84.3200,84.8500,82.1300,83.3700,5037900
20150813,83.0800,84.4000,82.4900,83.2000,4177400
20150814,82.3000,83.5200,81.8200,82.7000,3277000
20150817,83.0600,83.1300,81.6600,81.9200,2586100
20150818,83.2500,83.5700,82.3800,82.6800,2516800
20150819,80.8000,82.9300,80.3700,82.7000,4913600
20150820,79.5300,81.7800,79.4200,80.2400,3737800
20150821,75.7400,79.0800,75.6700,78.6900,7353200
20150824,71.6600,73.8200,69.7900,71.9300,7050100
20150825,70.5500,74.1200,70.4000,73.6200,4731500
20150826,73.3000,73.3700,70.5600,72.5000,4573100
20150827,75.0200,76.5400,73.1700,75.0300,5814300
20150828,77.2300,77.2600,75.1000,75.1400,4889900
20150831,79.0700,80.1400,77.2800,79.5000,8614300
20150901,77.5900,78.4200,76.8100,78.1300,5302200
20150902,78.5600,79.1800,76.8500,79.1400,3621900
20150903,78.4600,80.0600,77.7700,79.1000,3358300
20150904,77.2000,78.0100,76.7100,77.5000,4266100
20150908,79.8800,79.9700,77.0100,78.2100,6212500
20150909,80.6500,82.7500,79.9600,80.0600,6346100
20150910,81.0200,82.0700,80.1100,81.2100,4424900
20150911,80.6000,80.9800,79.7200,80.8300,3950700
20150914,78.2100,80.5300,78.0500,80.5300,4261200
20150915,79.2100,79.6400,77.7300,78.4000,4053900
20150916,79.1900,79.5900,78.2500,79.4000,4018400
20150917,79.3100,80.7600,78.3800,79.4800,4060300
20150918,78.5900,79.5600,77.8000,78.0900,12950800
20150921,79.2600,80.5000,78.4800,78.8100,3399100
20150922,78.1700,78.7500,77.7600,78.1200,2957200
20150923,77.8500,79.5300,77.8200,78.5500,2485200
20150924,77.6500,78.4200,76.5100,77.6100,3727500
20150925,77.9400,78.8000,77.2600,78.1800,3193100
20150928,74.1100,78.0700,73.9300,77.4600,4161900
20150929,74.5100,75.9900,74.2500,74.8100,4335400
20150930,76.8400,77.2800,75.4500,76.2100,3901000
20151001,77.9300,78.4800,76.5200,77.6300,3044000
20151002,79.4800,79.4800,76.4500,77.1100,2467100
20151005,81.8200,82.2900,79.8800,79.9400,3449600
20151006,82.5800,83.4900,81.6200,81.7100,5355200
20151007,83.2400,83.7900,81.2600,82.9300,4013700
20151008,84.5800,84.8700,82.3700,82.9700,3179500
20151009,83.5200,84.7900,82.5100,84.6100,3104300
20151012,83.8700,84.0000,82.7300,83.7500,1791100
20151013,82.1600,83.9600,82.0100,83.0000,3322200
20151014,82.4700,83.4000,81.6700,82.1600,2172100
20151015,83.4900,83.8900,81.8600,83.0300,2289700
20151016,84.1200,84.7700,83.4400,84.0300,2679000
20151019,81.6200,83.7000,81.4800,83.4200,3054100
20151020,81.6000,81.8300,80.0800,81.3200,2896000
20151021,80.5000,81.9000,80.2300,81.8800,2347500
20151022,82.6100,82.8500,80.7300,81.3300,3323800
20151023,83.3500,84.4500,82.4100,82.6100,2522900
20151026,83.0000,83.6800,82.4100,83.3100,3124300
20151027,83.5600,83.5600,82.0600,82.3400,2595800
20151028,84.8900,85.3300,83.3400,83.6900,2672500
20151029,86.4300,86.9200,84.5200,84.5200,3568900
20151030,89.0500,90.8200,87.3000,88.3200,7125400
20151102,90.6000,91.5000,88.3000,88.3900,4939700
20151103,92.6700,93.2900,90.1800,90.7200,3636600
20151104,93.3300,94.1200,92.5000,93.0000,3933900
20151105,93.6800,93.9500,92.6100,93.3400,3115200
20151106,92.7500,93.7200,92.0400,93.2100,2447100
20151109,92.0100,94.0000,91.3900,92.7500,2730500
20151110,92.1000,92.9400,90.9100,91.3900,2299200
20151111,90.5900,92.7200,90.4100,91.8100,2590000
20151112,89.2400,89.9600,88.4100,89.9600,2692300
20151113,89.0800,89.9600,87.9200,89.2600,3080000
20151116,91.0700,91.1000,88.3300,88.9800,2743500
20151117,91.1200,91.9800,90.4900,90.7700,2306700
20151118,92.5400,92.7200,91.2600,91.2800,1857500
20151119,92.3800,92.9800,91.6300,92.3600,2367400
20151120,91.6700,92.9900,91.5200,92.5500,2758700
20151123,92.1700,92.5000,90.4800,90.4900,2725700
20151124,93.1300,93.9100,91.5400,92.1000,2807400
20151125,92.7700,94.0600,92.7600,93.0700,1949500
20151127,92.7600,93.3100,92.1100,92.2900,769900
20151130,91.5300,93.4600,91.3400,93.0900,4113100
20151201,92.6700,92.9500,91.2100,92.3300,2580500
20151202,90.4400,93.0000,90.0800,92.1600,3024700
20151203,88.5700,91.2800,88.2000,91.0000,2834600
20151204,90.2000,90.6700,88.7000,90.3500,3025900
20151207,86.6900,89.4600,85.7200,88.6200,5261600
20151208,86.4500,87.4300,85.1100,85.5700,3427300
20151209,86.0900,87.8500,85.2000,86.5100,2916800
20151210,86.7500,87.5500,85.6800,86.4800,2694500
20151211,82.7800,85.9100,82.5200,85.4600,4232800
20151214,81.4000,82.8300,80.2800,82.3200,5113500
20151215,81.7800,83.3000,81.4200,82.4200,5233100
20151216,83.0600,83.4000,81.5500,81.5500,3981600
20151217,81.7800,83.3400,81.7600,83.0000,3147700
20151218,80.5600,81.7800,79.6800,81.5000,6246600
20151221,80.6200,81.2700,79.4700,81.0200,2809400
20151222,81.7000,82.2800,80.6700,80.9200,2623100
20151223,84.8000,84.8500,82.1400,82.7100,3113800
20151224,84.3600,84.9800,83.8100,84.5300,1054200
20151228,82.4600,83.5600,81.9100,83.1800,1690500
20151229,82.7700,83.8700,82.5800,83.7200,1906100
20151230,82.0100,83.4100,81.8700,82.3100,1527700
20151231,81.8000,82.4100,81.2100,81.5000,2095800
20160104,80.0800,81.8900,79.3600,81.2100,3251400
20160105,81.0000,81.1900,80.0500,80.3700,2849900
20160106,78.0300,80.0000,77.6000,79.1200,4273300
20160107,76.4500,78.1100,75.9500,76.6700,6358000
20160108,75.2100,77.1800,75.1500,76.9200,6010000
20160111,76.1800,77.5100,74.3700,75.8600,4356000
20160112,77.8200,78.3800,76.0000,76.7100,5370100
20160113,75.2500,78.9300,74.5400,78.9100,6500200
20160114,79.2800,80.0800,74.3200,75.9300,5363500
20160115,78.4700,78.6000,76.6100,76.9200,5343200
20160119,78.6700,80.6400,77.4800,80.3800,4574300
20160120,76.9300,78.2100,75.3700,76.9000,5169900
20160121,76.0400,77.2300,75.2900,76.7100,4360700
20160122,80.0300,80.9000,77.6000,78.4500,4035600
20160125,76.2300,79.7400,76.1700,79.0700,4273700
20160126,77.7600,77.8000,76.1900,76.9100,3177200
20160127,77.7300,79.7700,76.4200,77.1400,4782100
20160128,78.7000,80.0000,77.0000,79.2400,5161000
20160129,80.1500,80.2300,75.8000,78.1000,7448400
20160201,79.4800,80.6600,77.8200,79.6800,4487700
20160202,78.5000,79.4400,77.8000,78.5800,4295400
20160203,79.1000,79.9400,76.7600,79.5100,7337500
20160204,79.8800,80.9200,78.6000,79.0900,5657700
20160205,78.3300,80.4800,77.9200,79.6300,4650400
20160208,76.2800,78.3300,73.3000,78.3300,7979800
20160209,75.4400,76.6200,74.6700,75.7700,4348600
20160210,75.2900,77.1000,74.6700,76.0200,5693400
20160211,72.9000,75.0400,71.7400,73.5300,7720800
20160212,75.2000,75.3200,73.8400,74.0000,4217700
20160216,78.2500,78.2800,75.8600,76.7600,5690300
20160217,80.5900,80.8900,78.8800,79.0900,4464600
20160218,79.4400,81.7500,78.8900,81.3400,4609000
20160219,80.0900,80.1800,78.3900,78.7500,3173500
20160222,80.8700,81.4200,80.0900,80.0900,3278100
20160223,78.5600,80.6100,78.5300,80.4000,3323400
20160224,79.0900,79.1500,77.3500,77.5200,3667200
20160225,78.7600,79.3300,77.6200,79.2500,3297200
20160226,79.1000,80.1900,78.9200,79.5200,2490100
20160229,79.3900,80.3800,78.9300,79.4000,3106400
20160301,83.4100,83.7900,79.7000,80.0100,6029000
20160302,84.5700,84.6400,82.8400,83.1500,3585500
20160303,86.0900,86.5800,84.5500,84.9400,3831300
20160304,85.7800,86.6000,84.8400,86.5000,2891100
20160307,87.4100,87.8300,85.0700,85.3800,3741800
20160308,84.8000,87.7500,84.7500,86.8900,3514400
20160309,86.0900,87.2300,85.2000,85.5200,3076700
20160310,85.4300,86.0700,84.1200,86.0700,2464600
20160311,86.4300,86.7300,85.1100,86.2500,2914700
20160314,86.1800,86.5000,85.2900,85.6700,2028600
20160315,86.6000,86.6700,84.9000,85.0000,2208900
20160316,87.5700,87.9000,86.3700,86.6300,2351800
20160317,88.3800,88.6600,86.4400,88.0100,2463500
20160318,89.4100,89.6500,88.1300,88.8000,5398200
20160321,89.6900,89.9600,89.1100,89.1500,2170200
20160322,90.1600,90.8700,89.0300,89.6200,2171400
20160323,88.1200,89.9400,87.8800,89.9400,2012500
20160324,88.0600,88.1200,86.5700,86.9700,2547300
20160328,87.4900,88.1300,87.0700,87.8700,2083500
20160329,87.4300,87.7300,86.0200,86.8000,1974600
20160330,87.6200,88.6100,86.9800,88.1900,1850900
20160331,86.5900,87.8100,86.2100,87.2700,2810600
20160401,85.6700,85.9600,84.8800,85.6000,2639100
20160404,85.7300,86.6600,85.2900,85.7000,1817400
20160405,84.8100,85.6900,84.2100,85.0800,2126100
20160406,85.0200,85.6200,83.2600,85.3500,3172000
20160407,84.5100,85.0200,83.8300,84.6000,1751800
20160408,86.0600,86.8100,85.2700,85.8000,2741300
20160411,84.5800,86.8500,84.5600,86.5000,2158100
20160412,85.9800,86.0900,84.0600,84.6700,2587500
20160413,87.0100,87.1000,85.8000,86.4800,2089200
20160414,86.9200,87.6300,86.5700,87.1100,1735400
20160415,84.8500,86.6600,84.8500,86.6600,2723400
20160418,85.6500,85.7300,83.9100,84.8500,2454600
20160419,86.4200,86.5000,85.2900,85.7200,1935800
20160420,86.6900,87.2100,84.8100,85.9100,2344300
20160421,87.4000,87.6500,86.0800,86.8400,2270700
20160422,87.9800,88.4600,87.3800,87.6400,2038900
20160425,87.9300,88.2400,86.8900,87.9000,1730700
20160426,88.4000,88.8500,87.8200,88.4500,1654800
20160427,88.9500,89.3100,88.0100,88.8500,2451700
20160428,87.7900,89.0600,87.3400,88.3600,3039000
20160429,82.1100,86.0300,81.1500,85.2100,7296800
20160502,82.2000,82.5000,79.9800,82.4400,4486800
20160503,80.0100,80.9800,79.4500,80.7000,4397100
20160504,79.3200,80.3900,78.4900,79.9000,2972400
20160505,79.0800,80.8200,78.4400,80.0200,2830500
20160506,78.5200,80.1800,78.2700,78.7100,3802800
20160509,78.3200,78.5300,76.8800,78.5000,3064600
20160510,79.2500,79.6900,78.6600,78.7600,2236500
20160511,79.3900,80.3600,78.6200,79.1600,2652200
20160512,78.2500,80.1000,77.8400,80.0000,2603500
20160513,78.3400,79.1400,77.9100,78.2500,3029400
20160516,78.6800,78.8000,77.2000,78.2200,3107000
20160517,78.3100,79.3000,78.0400,78.5600,2235800
20160518,78.1300,79.4800,77.7200,78.2900,2508400
20160519,77.6500,77.9600,76.6800,77.5500,2240900
20160520,77.9000,78.4600,77.4900,78.1500,2339800
20160523,77.8200,78.6300,77.4000,77.5100,2483600
20160524,79.7000,80.0000,78.4900,78.6000,3379800
20160525,80.1300,80.4700,79.4700,80.0900,2917400
20160526,80.0400,80.6000,79.1200,80.4200,3215900
20160527,80.6300,80.8000,79.7500,80.0500,2319000
