20150529,122.8600,123.3300,122.2400,122.5600,2269000
20150601,122.4600,123.0900,121.8000,123.0100,1448400
20150602,122.5400,122.6800,121.7000,122.3800,1212900
20150603,122.8200,122.8200,121.9000,121.9000,1319600
20150604,121.3800,122.1400,120.9000,120.9000,1691700
20150605,121.3800,121.7400,120.5700,120.9000,1220600
20150608,121.7900,121.9800,121.1000,121.3800,2319300
20150609,121.9600,122.3000,121.6000,121.9300,1628700
20150610,123.0100,123.0600,122.0300,122.6500,1007600
20150611,123.2400,123.4000,122.6700,123.1800,1103100
20150612,123.1800,123.3100,122.7000,123.1700,1253600
20150615,121.2200,122.5400,121.1300,122.2400,1339600
20150616,121.7400,121.8200,121.0500,121.0800,800200
20150617,122.6700,122.8700,121.4500,122.1100,1061900
20150618,123.7900,124.1700,122.5600,123.0200,1032500
20150619,123.0000,123.8100,122.8700,123.7900,1216400
20150622,123.3500,123.6500,123.0000,123.5000,562500
20150623,123.5000,123.6300,122.4200,123.3300,841000
20150624,122.4900,123.1900,121.7800,123.1900,1598300
20150625,122.2100,122.6800,121.8200,122.6000,1083800
20150626,121.5800,122.5900,121.3200,121.8700,1541600
20150629,119.3000,121.2800,118.9800,120.7800,2066800
20150630,119.5500,120.3500,118.9800,120.2200,1511700
20150701,119.2800,120.5100,119.0100,120.3600,1380100
20150702,118.9000,119.9400,118.2800,119.7300,1179800
20150706,117.8600,118.5400,117.4000,117.9400,892200
20150707,118.5000,118.6700,116.7400,117.5100,1187300
20150708,116.0900,117.9700,116.0800,117.9700,1171900
20150709,116.0000,117.6600,116.0000,117.4200,1685900
20150710,117.3700,117.7300,116.5800,117.1700,867600
20150713,118.4700,118.6100,117.8200,118.3100,1280000
20150714,119.2700,119.3600,118.0000,118.3900,875600
20150715,118.6900,119.5400,118.4000,119.1500,1112400
20150716,118.2100,119.0200,117.9300,118.9100,1579300
20150717,117.0100,118.2200,116.5200,117.8000,979900
20150720,116.7100,117.3600,116.2800,116.9100,1086000
20150721,115.4000,117.2600,114.9600,116.9400,995000
20150722,115.1500,115.9800,114.8200,115.3000,1168400
20150723,115.2000,115.4700,114.4300,115.1400,1339200
20150724,112.9800,115.4300,112.6300,114.9700,1550300
20150727,111.8200,112.9600,111.5400,112.3300,1312000
20150728,115.3800,115.5700,111.7300,112.3400,2030300
20150729,115.9300,116.3700,111.8900,113.0100,2795500
20150730,114.2700,116.5800,113.5900,116.2300,2517300
20150731,114.1400,114.7900,113.6200,114.4400,2223000
20150803,113.6300,114.2800,113.1900,114.1000,876800
20150804,113.3900,114.8300,113.1800,113.9800,1167600
20150805,113.3900,114.6000,113.3300,114.2500,1110000
20150806,113.3400,114.1000,112.9400,113.4300,981300
20150807,113.1500,113.6000,112.4400,113.1100,1536000
20150810,115.4700,115.5600,113.7500,114.0000,1467900
20150811,113.9800,114.7700,113.4300,114.2100,958500
20150812,113.4500,114.0500,112.5600,113.4100,1476900
20150813,113.6700,114.0900,112.9500,113.1700,1163300
20150814,113.9900,114.1400,113.4500,113.6900,850200
20150817,114.0000,114.3600,112.9900,113.8700,1146100
20150818,113.5100,114.0300,113.2100,113.6700,820600
20150819,112.4200,113.2500,111.5100,112.7700,1073100
20150820,111.6500,112.9300,111.6400,111.9100,1532800
20150821,108.6100,111.4400,108.4400,110.7600,2431600
20150824,105.3600,106.1800,101.0100,103.5700,3888500
20150825,103.0000,107.8000,102.7800,107.7900,3243100
20150826,104.0500,105.1300,102.8700,105.0400,3876200
20150827,105.1900,106.0200,103.9000,105.7900,3116500
20150828,106.1900,106.7700,105.0500,105.0500,2824700
20150831,105.7500,106.1800,104.9700,105.7900,1967400
20150901,102.3800,104.2500,101.9800,103.5200,2145300
20150902,102.9500,103.7600,102.4000,103.4000,1819000
20150903,103.0100,104.4700,102.3400,103.0200,2336900
20150904,101.4400,102.3700,100.9900,101.8000,2890000
20150908,104.2700,104.2700,102.0400,103.2100,2592500
20150909,104.3000,105.4000,103.7500,105.0300,2470200
20150910,105.1900,105.8000,103.4200,103.7800,3322600
20150911,104.7700,105.0500,104.0800,104.9300,2412500
20150914,104.4100,105.0000,103.9300,104.8400,1783900
20150915,105.7000,105.9100,104.1600,104.8900,1934500
20150916,107.4500,107.5000,105.1400,105.1400,1922100
20150917,107.0500,108.2200,106.6200,107.2800,2397300
20150918,105.1300,106.1600,104.5400,105.3600,3108300
20150921,105.2500,106.1300,104.7400,105.1900,1655300
20150922,103.4300,104.4400,102.7300,103.9300,1725600
20150923,100.6400,103.6100,100.4200,103.2300,2877200
20150924,101.0000,101.4300,98.5500,100.0000,2723900
20150925,100.9200,102.1000,100.6000,101.7200,2011400
20150928,99.1700,100.8200,99.0800,99.9900,2025900
20150929,100.5500,100.7300,99.1200,99.2700,1497700
20150930,101.8600,102.1100,101.0300,101.2900,2388000
20151001,101.4100,102.5500,100.5500,102.1000,2627200
20151002,103.1500,103.1500,99.5900,100.3900,1874300
20151005,106.3400,106.5100,103.6400,104.0200,1940900
20151006,105.9700,106.6100,105.4700,105.8900,1739300
20151007,107.2400,107.2400,105.2600,106.2400,1224600
20151008,108.5900,108.7200,106.9700,107.3000,1339700
20151009,108.6500,109.5200,108.2900,109.1000,1368100
20151012,108.5300,109.1000,108.0400,108.6000,674200
20151013,108.3700,108.4300,107.3800,107.4800,1461400
20151014,108.9700,109.3000,107.9400,108.3100,1693800
20151015,109.4900,109.9500,108.6200,109.5000,1588900
20151016,109.4300,110.2400,108.7300,110.2300,1354800
20151019,109.1300,109.4100,108.4500,108.5400,1424500
20151020,109.3600,109.9300,108.4700,109.1500,1101000
20151021,107.8800,109.5200,107.7200,109.5100,964400
20151022,110.2600,110.5900,108.3100,108.8200,1164100
20151023,111.7500,112.0800,110.3800,111.0000,1442600
20151026,110.1400,111.9500,109.9300,111.5300,1481900
20151027,109.2700,110.4400,108.7000,109.5000,1236900
20151028,109.9100,110.7100,108.6600,109.3900,1950900
20151029,112.7500,114.7200,110.3000,110.4600,2939900
20151030,111.0900,114.4900,111.0700,113.6600,2628300
20151102,112.3800,112.8700,111.1800,111.3500,1663300
20151103,113.5600,113.9400,111.8000,112.0900,1502600
20151104,113.0200,114.1300,112.8400,113.8800,1696100
20151105,113.3800,113.8400,112.4100,112.7000,1704200
20151106,113.5800,114.0000,112.5000,112.6900,936600
20151109,112.5000,113.5500,111.7100,113.2400,984000
20151110,111.6000,112.4900,110.6600,112.2600,1324600
20151111,111.0400,111.9900,110.2900,111.7800,917700
20151112,110.1600,111.0100,109.8500,109.9500,1096900
20151113,113.5100,116.0700,109.9500,110.1600,3184700
20151116,115.9800,116.2900,113.4000,113.4900,2451700
20151117,113.4100,118.5800,112.3200,116.0200,5891100
20151118,115.5800,115.7100,112.8800,113.5100,1758700
20151119,115.5600,116.1000,114.8800,115.4500,1408900
20151120,115.0500,116.9700,114.8900,115.6700,1473800
20151123,114.5800,115.5000,114.4100,114.9900,1085600
20151124,114.0300,114.3900,113.2600,114.1500,1422800
20151125,113.2100,114.1000,113.0700,113.7200,1566200
20151127,113.9100,114.2600,112.9300,113.0800,889900
20151130,112.8000,114.1800,112.5700,113.6600,2564700
20151201,112.0300,112.3600,110.1700,112.2500,2185900
20151202,110.3600,112.1200,110.2200,111.5500,1739200
20151203,109.0600,110.5000,107.9200,110.1300,1619700
20151204,110.2800,110.3600,109.0100,109.5700,1932200
20151207,109.5600,110.1200,109.0900,109.6600,1149100
20151208,106.7200,109.1600,106.5900,108.1900,2107300
20151209,107.0600,108.1400,106.6200,106.9300,1865100
20151210,106.6800,107.5600,106.2800,106.4600,1510600
20151211,105.3000,106.0500,104.9400,104.9400,1939300
20151214,104.7200,105.5500,104.0300,105.1600,1595400
20151215,105.8100,106.5000,105.2500,105.5000,1446800
20151216,105.9900,107.0800,104.5600,106.6200,1670200
20151217,102.9200,106.5100,102.8700,106.2700,1730100
20151218,101.5200,102.6700,101.4700,102.3300,2015100
20151221,102.1200,102.5900,101.3000,102.0400,1703000
20151222,102.8100,103.5400,102.0200,102.5500,1553800
20151223,104.7400,105.0000,103.3900,103.5800,1655900
20151224,104.5100,104.8500,104.1400,104.3800,493100
20151228,103.7800,104.1000,103.2200,104.0200,644100
20151229,104.4000,104.8400,104.0300,104.6700,637900
20151230,103.1800,104.3200,103.1800,104.1600,1261600
20151231,102.4000,103.7100,102.2800,102.8000,930900
20160104,101.6700,101.7700,100.5200,101.0300,1853500
20160105,101.3200,102.5300,99.9600,102.5100,1589200
20160106,100.3000,101.3900,99.6400,99.8300,1885300
20160107,97.7900,100.0700,97.6000,98.8400,2002700
20160108,97.8500,99.2200,97.3300,98.0400,2541000
20160111,98.4400,99.0900,97.6300,98.3700,2389200
20160112,99.8900,100.0100,98.3000,99.5000,1736500
20160113,98.0100,102.3200,97.5500,100.5900,2652800
20160114,99.7900,100.3400,97.5100,98.2400,1928500
20160115,97.3900,99.7900,96.5100,99.4100,1584700
20160119,98.1800,98.6000,96.6300,98.4800,1822000
20160120,97.8200,98.8100,96.0000,96.5700,2844600
20160121,97.9600,98.7900,97.1900,98.2500,1653200
20160122,98.0900,99.6900,97.6400,99.4000,1746800
20160125,96.1300,98.1500,96.0000,97.6000,1400000
20160126,98.1400,98.3800,95.9400,96.5200,1350100
20160127,98.1000,99.6300,97.7400,97.8100,2132200
20160128,98.2000,99.2000,97.9100,98.6400,1815000
20160129,100.0000,100.0200,95.6000,96.7700,3435200
20160201,100.5300,100.9800,98.3700,99.8300,2402500
20160202,98.1500,99.2600,97.7800,97.8300,2462400
20160203,103.2900,103.3000,98.9500,99.3300,2563200
20160204,105.5300,106.9900,103.3500,103.3500,2169200
20160205,105.1000,105.5200,103.6800,104.9700,2021200
20160208,101.9300,104.8000,100.4700,104.5200,2926200
20160209,103.8200,104.2000,101.4900,101.7700,1592800
20160210,103.3700,105.2900,103.0000,104.3100,1107300
20160211,102.0600,103.1600,101.2600,101.7400,1594100
20160212,103.8300,103.9500,102.2100,102.7600,978100
20160216,104.0000,105.0400,103.4600,105.0400,1878700
20160217,104.5000,105.4000,104.3200,104.8700,1449200
20160218,104.5000,104.8600,104.0800,104.3100,995300
20160219,103.3100,104.5600,102.9700,104.4100,1354300
20160222,104.2200,105.0500,103.5700,103.8900,1273100
20160223,102.2200,103.8100,101.6000,103.5300,1294600
20160224,101.8900,102.1400,100.8000,100.9200,1493800
20160225,102.6100,102.9100,101.0400,102.2100,1758900
20160226,103.2400,104.2200,102.4400,103.3000,1582100
20160229,101.7900,103.9300,101.7500,103.3700,1325500
20160301,105.3400,105.5300,102.3900,102.8500,1591500
20160302,104.1400,105.2600,103.3300,104.7100,1582700
20160303,105.8400,105.9800,102.7200,103.5700,1295700
20160304,108.7900,110.0900,105.9200,106.0600,2152400
20160307,108.5900,109.7300,107.6300,109.1800,1821400
20160308,108.1400,108.6900,106.6300,107.5300,1307900
20160309,109.0600,109.3500,107.8500,108.4200,1416000
20160310,110.6600,111.3200,109.3000,109.7600,2592500
20160311,111.1100,112.2100,110.6000,111.0800,2132100
20160314,109.9000,111.0500,109.5900,110.7000,1277700
20160315,109.4400,109.6400,108.5700,108.9500,1056200
20160316,110.1300,110.6600,108.8200,109.2600,1326500
20160317,113.1200,113.5500,110.5900,110.6600,2289100
20160318,112.8800,113.6500,112.8100,113.5100,2279900
20160321,112.9600,113.4000,112.7500,112.8800,1121400
20160322,112.5800,112.8600,111.8200,112.6300,1243700
20160323,112.8000,113.3600,111.6600,112.3900,1224700
20160324,111.7400,112.1000,111.0000,111.8800,1106200
20160328,112.4500,112.7200,111.9500,112.0600,852300
20160329,112.4600,112.8100,111.5900,111.9500,958200
20160330,115.0000,115.2200,112.9200,113.1800,1708100
20160331,114.4500,115.3200,114.3600,114.9300,1744700
20160401,115.2400,115.4900,112.7200,113.9500,1166800
20160404,114.7100,115.6000,114.3000,114.5000,977500
20160405,112.9900,114.4500,112.3800,113.8200,1281300
20160406,113.2800,113.3300,111.7300,113.1000,967800
20160407,111.6700,112.7500,111.2900,112.5300,866600
20160408,112.3000,113.2800,111.9600,112.4700,821300
20160411,112.7400,113.4500,112.7100,112.7700,916700
20160412,114.0600,114.4200,112.3600,112.9800,769300
20160413,115.5700,115.6200,113.8400,114.6600,905800
20160414,115.5300,115.9100,114.8700,115.7900,744500
20160415,116.3200,116.5500,115.0900,115.3100,986400
20160418,116.1200,116.2100,115.3500,115.6000,888300
20160419,118.8200,118.8600,116.1400,116.5300,1224200
20160420,119.2900,119.7100,118.5700,119.0000,1074200
20160421,118.8500,120.0400,118.7400,119.2300,572600
20160422,119.6200,119.7900,118.3600,119.4200,651800
20160425,119.1900,119.7200,118.8500,119.0100,649800
20160426,119.4200,119.5800,118.3200,119.2000,902700
20160427,118.4500,119.5300,117.6300,119.4900,1482600
20160428,118.2600,119.3800,117.2700,117.6000,1176700
20160429,117.4600,118.3500,112.1400,113.6700,1959700
20160502,117.4000,118.7400,117.0500,117.5700,1285200
20160503,115.0900,116.6100,114.2100,116.4700,1472000
20160504,113.9400,114.9300,113.7200,114.6800,1245100
20160505,113.4700,114.8500,113.2800,114.6500,1083000
20160506,114.3000,114.5500,113.0900,113.4600,848400
20160509,113.0300,114.3000,112.5200,114.3000,1122400
20160510,114.0200,114.2300,113.3400,113.7700,979600
20160511,113.4300,114.6400,113.3100,114.1200,1039100
20160512,113.6000,115.1900,113.4900,114.1900,1156400
20160513,111.9600,114.1300,111.5600,113.5700,791500
20160516,112.9500,113.3800,111.6400,112.1200,730600
20160517,112.2800,113.1000,112.1500,112.7500,1048000
20160518,110.7800,111.9700,110.4800,111.8900,931000
20160519,110.0600,111.9200,109.5100,110.6400,1419100
20160520,110.0800,111.0500,109.9000,110.7900,1206600
20160523,110.4900,111.1000,110.0100,110.0800,1093500
20160524,110.7700,111.5200,110.5700,110.9700,1281000
20160525,111.6300,112.0100,111.0000,111.2700,881900
20160526,110.5700,111.9900,110.4600,111.8100,629800
20160527,110.7700,111.1100,110.2100,110.5700,750400
