20150529,82.1500,84.3300,82.0300,82.8700,2769600
20150601,80.9400,83.3630,80.0900,82.5000,2210400
20150602,80.8600,80.9600,79.0000,80.5900,1703800
20150603,81.5500,81.9070,80.9000,81.3500,2263400
20150604,81.3200,82.1000,80.0800,80.6800,1203800
20150605,83.7000,83.8500,80.1200,81.0600,1801100
20150608,80.2400,83.7690,79.7500,83.4200,2180100
20150609,80.0500,81.0000,77.6000,80.5100,2807700
20150610,82.5000,82.7400,80.2900,81.3750,6108700
20150611,82.0000,83.0000,81.6510,82.4900,28866300
20150612,83.5100,83.7000,81.7500,81.9900,2641000
20150615,82.1800,82.9900,82.0500,82.5100,2640800
20150616,84.7500,84.9900,82.1100,82.2200,2476500
20150617,84.5600,85.0700,83.0900,84.8100,1893600
20150618,84.6500,85.4600,83.6230,84.6300,2013000
20150619,85.2500,86.2800,84.3300,84.8900,2833100
20150622,87.8100,88.3500,85.8600,86.2700,2663900
20150623,85.3100,87.9600,84.8500,87.9000,2469400
20150624,84.5900,85.8800,84.5600,85.1300,1488600
20150625,84.9800,85.8600,84.7500,84.7500,1391300
20150626,80.4100,85.0000,79.6600,84.8500,20596300
20150629,79.0600,81.6900,77.8300,78.7500,2892500
20150630,80.2700,81.0000,78.5770,80.0000,1957800
20150701,80.3600,82.2500,80.0100,81.2500,1639100
20150702,81.3600,81.5500,80.2000,80.7200,1151400
20150706,79.9900,81.9350,78.5900,80.3300,2121600
20150707,79.9500,80.4300,74.3600,80.2900,3085800
20150708,74.6800,77.4500,74.4810,77.4300,3271800
20150709,74.6300,77.2700,74.3300,76.3000,2010600
20150710,76.1600,76.5000,73.7100,75.2200,2365800
20150713,76.6100,78.2100,75.2400,77.1700,1397400
20150714,77.9600,78.5200,76.9300,77.1400,1047500
20150715,77.8800,79.1000,77.4270,78.6000,1050700
20150716,80.2400,80.5200,77.7000,78.0700,1501000
20150717,78.8600,80.7900,78.1000,80.1400,1327600
20150720,76.7000,79.5800,76.5000,78.5000,2117600
20150721,77.4500,77.9500,75.4100,76.2200,1692300
20150722,74.1700,74.8800,71.0100,72.5500,3345600
20150723,75.2400,77.2200,74.4400,74.7100,1777400
20150724,72.2800,77.1700,72.2000,76.5100,1951500
20150727,69.9400,71.4500,69.0100,71.4500,1926400
20150728,70.7500,71.0840,68.5000,70.5000,1371700
20150729,70.4700,70.8500,68.9400,70.3300,2562700
20150730,60.4850,62.3480,57.1000,60.6500,10331400
20150731,57.9500,60.7900,57.6400,60.6100,4389300
20150803,57.5200,58.6100,56.5500,57.5200,3662900
20150804,55.0600,58.1400,54.3700,56.6800,5794800
20150805,54.8300,56.8300,54.2500,55.1600,4186000
20150806,51.8300,54.8300,50.8000,54.7300,3198800
20150807,52.2000,53.0700,51.0000,51.5400,1874100
20150810,54.5300,55.1000,53.1700,53.1800,2160600
20150811,53.8600,54.9100,53.1300,53.5000,2311300
20150812,56.9600,57.6000,51.7100,52.7400,3350700
20150813,58.3200,59.6800,55.8400,57.2300,3508200
20150814,58.2400,58.6800,56.3100,57.5800,2517100
20150817,58.2800,58.4300,57.3500,57.7100,1251400
20150818,55.9300,57.9400,55.8500,57.6000,1585700
20150819,55.5900,56.8500,55.0100,55.9000,1819900
20150820,52.3600,55.3550,52.2300,54.6100,2399500
20150821,49.9900,51.9900,49.8600,51.8300,3704000
20150824,48.5000,51.0700,45.0000,45.5000,3978200
20150825,49.8100,52.9720,49.7800,51.7900,2656100
20150826,52.7500,52.9700,49.7700,51.6700,2351000
20150827,54.7400,55.8900,54.0200,54.1300,2540700
20150828,55.7900,55.9200,54.2200,54.3700,1758000
20150831,55.5100,56.2800,54.1700,54.7900,2092800
20150901,53.4500,55.9400,53.1200,53.8900,2299300
20150902,54.8200,55.4400,53.5100,54.7500,1925100
20150903,56.5700,58.3600,54.8600,55.0000,2281100
20150904,55.7900,56.6400,54.7200,55.2900,1332200
20150908,58.1900,58.4000,56.6800,57.0400,1411300
20150909,56.5500,59.4500,56.0500,58.5400,2079900
20150910,53.9800,57.1600,53.6100,56.9800,2971300
20150911,53.5200,54.3800,52.6100,53.7700,1532000
20150914,53.4900,54.4970,52.9100,54.1000,1539900
20150915,52.7300,54.0800,51.7300,53.8600,1825700
20150916,51.7400,53.2800,51.3000,52.6400,1621700
20150917,51.3900,52.6600,51.2140,51.4900,1528300
20150918,50.7300,51.7300,49.7700,50.7000,3070100
20150921,49.9000,51.3500,49.8000,50.9700,1527000
20150922,47.3700,49.8200,47.1900,49.2700,2027100
20150923,48.0600,49.8100,47.8000,47.9500,1479200
20150924,46.7700,47.9600,45.8800,47.6600,1784400
20150925,47.6800,49.1500,47.0100,47.5000,1714100
20150928,43.2500,46.9700,43.1400,46.5200,3174700
20150929,43.5700,44.6700,42.7300,43.0100,1548100
20150930,45.0500,45.4700,44.0400,44.2300,1912100
20151001,43.6300,44.6300,42.4300,44.4600,2323900
20151002,44.9600,44.9800,42.2400,42.8800,1406800
20151005,44.7700,45.8600,44.6000,45.3500,1159000
20151006,44.2800,45.0400,42.6700,44.8300,1699500
20151007,45.5500,45.7300,44.1800,44.7400,1635000
20151008,45.2600,45.4300,43.6800,45.2500,1396500
20151009,45.6600,46.2750,44.9100,45.0300,1027000
20151012,46.4300,46.7300,45.2400,45.8500,1263800
20151013,44.1400,46.1980,43.9400,46.0000,1550000
20151014,46.5000,46.9700,44.2000,44.4300,2130500
20151015,48.3100,48.7900,46.8800,47.0600,1891000
20151016,47.3200,48.4400,46.5300,48.4400,961500
20151019,46.8500,47.7100,46.2900,47.2900,845400
20151020,48.2000,48.2500,46.6600,47.1800,1179400
20151021,48.5000,48.9000,47.8400,48.4800,1377000
20151022,49.5500,50.8100,48.8100,49.2500,1460800
20151023,51.5000,51.6250,49.0000,50.1100,1303500
20151026,46.7600,50.9500,46.4300,50.8900,1924600
20151027,45.8900,46.7500,45.2500,46.2500,1693300
20151028,45.1700,47.0700,44.5000,47.0000,2344300
20151029,43.8100,45.1700,43.4900,43.9000,1587800
20151030,43.9300,44.8000,43.6500,44.0700,1312100
20151102,45.2700,45.6000,43.9600,44.1300,1222700
20151103,45.7100,46.2800,44.6000,44.9400,3059200
20151104,46.5700,47.0500,45.2700,45.8600,1717700
20151105,45.0800,46.8610,44.3500,46.7900,2526700
20151106,55.5500,55.8300,50.5100,50.6000,5237000
20151109,54.0900,55.1800,53.0800,55.1700,1769600
20151110,52.2900,52.9800,51.3000,52.0000,2671700
20151111,52.2000,52.9200,51.5700,52.3300,1122600
20151112,50.9700,52.1800,50.0950,51.7400,1964200
20151113,51.0000,52.0300,50.2800,50.4800,1667900
20151116,51.8400,51.9800,50.5600,50.6700,1972200
20151117,54.7400,55.0400,51.9900,52.0000,2730600
20151118,56.3400,56.9640,54.2100,55.2000,2797300
20151119,55.7700,57.2800,54.6700,56.5500,1744300
20151120,54.7800,56.1000,54.5270,55.9400,1816800
20151123,54.8500,55.3600,54.0600,54.6500,1871300
20151124,55.7500,56.1200,54.0700,54.5500,2246700
20151125,57.3400,58.2400,55.6500,55.6500,1741000
20151127,57.5100,57.7300,56.5100,57.4300,1870600
20151130,58.0700,58.4300,56.8200,57.6500,1487800
20151201,58.0400,59.7900,57.2500,58.3100,1989700
20151202,58.4800,59.4300,57.8600,58.1000,1218000
20151203,58.0900,60.0000,57.8700,59.3000,1522900
20151204,59.5400,59.9500,57.7700,58.0500,1233500
20151207,57.6300,59.4000,57.4500,59.2800,1131900
20151208,57.2800,57.6400,56.0200,57.0000,914100
20151209,56.1500,57.5200,54.8620,57.0300,1422100
20151210,57.5000,57.9700,55.8800,56.2000,1268200
20151211,56.1900,57.6500,55.9600,56.6700,1231000
20151214,52.4800,56.4900,52.1100,56.0600,1908600
20151215,51.6900,53.2300,50.5600,52.4000,1876200
20151216,53.2300,53.6100,50.2100,52.2300,2435500
20151217,52.7500,54.0900,52.1080,53.4700,869700
20151218,51.6300,53.2700,51.3200,52.5000,2147000
20151221,53.3500,53.4000,50.1400,51.8700,1370400
20151222,52.4100,53.7000,51.6300,53.5000,882900
20151223,54.4100,54.7900,52.2600,52.5900,1065100
20151224,54.2100,54.8600,54.1700,54.2900,482600
20151228,52.8900,54.0900,52.0300,54.0000,978600
20151229,52.9900,53.7200,51.4000,53.1800,1134300
20151230,51.6600,53.2800,51.6000,52.9600,975400
20151231,50.9000,51.8300,49.4800,51.4100,1540000
20160104,50.7200,50.8000,48.7200,49.6800,1544100
20160105,47.5300,50.9700,47.3600,50.7600,1611800
20160106,44.6200,46.6900,44.1600,46.6600,2644600
20160107,45.6400,47.1100,44.1100,44.5000,3609800
20160108,44.4900,45.3200,42.4000,43.0500,7724400
20160111,44.2200,44.8600,42.8000,44.6600,2159800
20160112,44.7800,45.7700,44.0100,44.3700,1318100
20160113,40.3900,42.2500,38.9000,40.7400,5785300
20160114,39.4200,40.6400,38.9600,40.5600,2222800
20160115,36.6000,38.0500,35.1600,37.9200,3559500
20160119,36.2900,37.4800,35.7200,37.2100,1987000
20160120,37.0500,37.9400,35.3100,35.5400,1884700
20160121,37.8400,38.4000,36.6000,37.4500,1363000
20160122,41.0600,41.1500,38.2600,38.8100,2804100
20160125,39.7600,40.8100,39.4800,40.7700,1363300
20160126,39.7600,40.5000,39.0250,40.2000,1500000
20160127,37.0200,39.4200,36.8000,39.3100,2321100
20160128,36.6700,37.7100,36.1300,37.0900,1879000
20160129,39.6000,39.9800,37.1800,37.2600,2477000
20160201,39.9700,40.5500,38.3400,39.4500,1758400
20160202,37.1500,39.3500,37.0700,39.2500,1372000
20160203,37.0600,37.5900,35.5200,37.2400,1301500
20160204,38.7800,38.9400,37.0900,37.3900,2783800
20160205,37.2500,38.2000,34.9000,36.6000,3651500
20160208,36.4200,37.2200,35.4300,36.6100,2460900
20160209,35.1400,37.0600,35.0300,35.6500,1702600
20160210,35.3600,36.6700,34.6000,35.2800,1315400
20160211,34.5300,34.9000,33.3000,34.5400,1564400
20160212,37.5500,37.7300,34.8200,35.2000,2090800
20160216,40.7800,41.2300,37.5100,38.1200,2704400
20160217,41.5900,44.7200,41.0400,41.2300,4120000
20160218,40.4100,42.3000,39.9200,41.6000,2317200
20160219,41.8500,42.1100,40.1100,40.1200,1923000
20160222,41.9600,43.0000,41.2280,42.7900,2008200
20160223,41.4900,42.3200,40.9500,41.7300,1425200
20160224,42.1700,42.4700,40.5400,40.9800,1485000
20160225,42.6700,43.0600,41.4300,42.3100,1444700
20160226,43.4600,44.1400,42.7200,43.0800,2503100
20160229,45.0800,46.6400,43.4700,43.5000,2249600
20160301,47.3600,48.2430,45.5000,45.5200,2361000
20160302,47.6500,48.2900,46.6500,46.6600,1825900
20160303,49.1100,49.1300,47.2300,47.7300,1878200
20160304,49.9000,50.8200,48.5900,49.5600,2496300
20160307,49.0600,50.0700,48.3780,49.5000,2235200
20160308,47.0900,49.1000,46.8600,48.9100,2326900
20160309,48.1800,48.6800,46.2300,47.5400,1432200
20160310,47.4000,48.9300,46.6800,48.2000,1359900
20160311,48.6400,49.1100,47.5150,48.0700,1058700
20160314,48.7300,49.1300,47.5900,48.3100,1614700
20160315,49.2700,49.9000,48.1000,49.3600,1238700
20160316,48.9900,50.1700,48.1400,48.9300,1593400
20160317,49.2000,49.4300,48.2400,48.6900,1352800
20160318,50.6900,51.1500,49.1600,49.3900,2730900
20160321,50.6400,51.2000,50.0300,50.6500,756800
20160322,51.7500,51.8500,50.1800,50.3500,1226300
20160323,49.5200,51.7800,49.5000,51.7200,906700
20160324,49.2400,49.4700,48.5800,49.2300,1295700
20160328,49.1000,49.6700,48.8500,49.6600,863200
20160329,50.5800,50.6900,48.2100,48.8000,1032500
20160330,51.2300,51.9500,50.7800,51.0000,1270700
20160331,50.4100,51.2500,50.3700,51.0100,1029900
20160401,50.8200,51.2700,49.5500,50.1500,1231300
20160404,50.6200,51.2500,50.3400,50.9300,763400
20160405,49.8600,50.6200,49.6800,50.0300,768800
20160406,50.5000,50.5800,48.4350,49.9700,1168400
20160407,48.7300,50.4900,48.6400,49.8500,1098200
20160408,49.2400,49.8000,48.7800,49.4300,1143200
20160411,47.9900,49.4700,47.9500,49.4100,905900
20160412,47.6800,48.3400,47.1600,47.9600,1195600
20160413,50.0400,50.1600,47.8200,48.1000,1265500
20160414,49.6300,49.9000,48.8000,49.4100,885900
20160415,47.7400,49.7900,47.6100,49.2900,1472900
20160418,47.1600,47.5200,46.6600,47.3000,1350700
20160419,45.2400,47.0000,44.8700,46.9800,2333000
20160420,45.9400,46.2800,44.5760,45.0600,1669200
20160421,45.3500,46.3300,44.6500,45.8600,1265100
20160422,45.7000,46.3500,45.2400,45.2600,859600
20160425,45.0500,45.7000,44.5200,45.5200,639400
20160426,46.3000,46.9300,45.1800,45.4200,1073900
20160427,46.6200,47.3800,44.3000,44.3000,2316900
20160428,45.8300,46.8800,45.6400,46.2300,1381800
20160429,45.0300,46.4950,43.9700,45.6700,2125100
20160502,44.7100,45.1200,44.0000,45.0700,1194700
20160503,45.0400,45.1900,44.3200,44.3200,1432100
20160504,44.5100,45.4300,43.7900,44.4800,2326000
20160505,46.6600,48.9500,46.5100,47.9000,4690500
20160506,46.1100,46.8280,45.0200,46.6500,1750400
20160509,45.6200,46.5840,45.4000,46.2700,912200
20160510,46.6400,46.8800,45.0600,45.8600,1214900
20160511,45.9900,46.8800,45.9700,46.4000,724500
20160512,45.1800,46.5400,44.5200,46.1900,1678600
20160513,44.9900,46.3800,44.5200,45.2400,1264100
20160516,45.5600,46.4100,45.0000,45.0300,1251200
20160517,45.8300,46.7000,45.2700,45.5400,1286000
20160518,47.2200,47.6800,45.3500,45.6300,2055400
20160519,47.1700,48.0700,46.3700,46.7100,1696500
20160520,49.4000,49.4500,47.4000,47.6600,1782200
20160523,50.4000,51.5600,50.0000,50.0000,1907300
20160524,50.9800,51.5300,50.0600,50.7400,924500
20160525,50.6500,51.4500,50.2400,50.9700,963800
20160526,50.5300,51.0400,50.2100,50.7300,776900
20160527,50.5300,50.6700,49.8000,50.3800,1006400
