20150529,10.0900,10.2400,10.0700,10.2400,12771800
20150601,9.9800,10.1700,9.9600,10.1400,14854400
20150602,10.1300,10.1600,9.9800,10.0000,14823800
20150603,10.3000,10.3500,10.1300,10.1700,35803900
20150604,10.2200,10.3500,10.1900,10.2500,15847800
20150605,10.5200,10.6200,10.4100,10.4100,25929000
20150608,10.4300,10.6400,10.4200,10.4600,15661800
20150609,10.5500,10.6400,10.3900,10.4500,17767400
20150610,10.6500,10.7500,10.5300,10.5500,14940100
20150611,10.5600,10.6900,10.5100,10.6400,12486700
20150612,10.5800,10.6200,10.5200,10.5500,9064500
20150615,10.5000,10.5600,10.4200,10.4500,10774100
20150616,10.6000,10.6200,10.4500,10.5000,8919400
20150617,10.4400,10.6800,10.4100,10.6300,14028900
20150618,10.5000,10.5100,10.2700,10.4800,16610800
20150619,10.4400,10.5100,10.4000,10.4500,10049200
20150622,10.6100,10.6100,10.5000,10.5400,9267200
20150623,10.7600,10.8200,10.6400,10.6800,12882600
20150624,10.6700,10.7900,10.6200,10.7200,9869300
20150625,10.5700,10.7300,10.4900,10.7100,15100400
20150626,10.5300,10.7000,10.5100,10.6300,14277200
20150629,10.2900,10.4800,10.2300,10.3700,18228000
20150630,10.3600,10.5100,10.2900,10.3900,12922600
20150701,10.4100,10.5300,10.3900,10.4700,10993200
20150702,10.2700,10.4100,10.1900,10.3300,12811000
20150706,10.1700,10.2200,10.0700,10.1100,12639600
20150707,10.0400,10.1400,9.8200,10.1200,20789400
20150708,9.8300,9.9700,9.8200,9.9600,17361900
20150709,10.0000,10.0400,9.9300,9.9900,14816500
20150710,10.1400,10.2500,10.0800,10.1500,13351700
20150713,10.2000,10.3000,10.1900,10.2500,13757900
20150714,10.2200,10.2300,10.0500,10.0700,21315800
20150715,10.3100,10.4700,10.2300,10.2500,26565600
20150716,10.3900,10.4600,10.3500,10.4200,14450100
20150717,10.1200,10.2700,10.0200,10.2400,26639300
20150720,10.2000,10.2400,10.0900,10.2000,17290200
20150721,10.4100,10.5200,10.2400,10.2400,25902200
20150722,10.7000,10.8500,10.3700,10.3700,50668500
20150723,10.6200,10.8700,10.5200,10.6800,25786400
20150724,10.5600,10.6500,10.5200,10.6000,15410600
20150727,10.4100,10.4800,10.3400,10.4800,18577300
20150728,10.4000,10.5300,10.2800,10.4500,14121000
20150729,10.5200,10.5600,10.3500,10.4100,15971900
20150730,10.5700,10.6000,10.4600,10.5100,11128500
20150731,10.3900,10.5600,10.3800,10.5500,11300700
20150803,10.3700,10.4600,10.2700,10.4000,14982800
20150804,10.3700,10.5300,10.3600,10.3700,13652900
20150805,10.4800,10.6400,10.4200,10.4500,12096000
20150806,10.5700,10.6700,10.4900,10.5300,20280800
20150807,10.6200,10.7200,10.4900,10.5400,26399300
20150810,10.8000,10.8100,10.6400,10.7000,12584800
20150811,10.5800,10.7300,10.5200,10.6900,12792600
20150812,10.3500,10.4800,10.1900,10.4700,16591800
20150813,10.4100,10.4900,10.3300,10.4100,13293400
20150814,10.5500,10.5700,10.3700,10.4300,11154900
20150817,10.5500,10.6100,10.3800,10.4400,13069800
20150818,10.5000,10.6000,10.4600,10.5300,10898700
20150819,10.2500,10.5000,10.2300,10.4600,29846100
20150820,9.9300,10.2000,9.9300,10.1600,19190600
20150821,9.6700,9.9000,9.6500,9.8200,19259700
20150824,8.9800,9.3000,8.9500,9.1100,38293000
20150825,8.7700,9.5000,8.7600,9.4500,29720700
20150826,9.2500,9.2700,8.9300,9.0800,22494200
20150827,9.5600,9.5900,9.3500,9.4000,24075600
20150828,9.6200,9.6400,9.4800,9.5100,13097300
20150831,9.5900,9.6400,9.4800,9.5200,13324600
20150901,9.2100,9.4200,9.1200,9.3500,19585200
20150902,9.3400,9.3700,9.1300,9.3500,12069200
20150903,9.4300,9.5900,9.3100,9.3700,13322100
20150904,9.2600,9.4000,9.1600,9.3500,12480500
20150908,9.5200,9.5400,9.3600,9.4700,10022400
20150909,9.3400,9.6600,9.3100,9.6200,10729200
20150910,9.5200,9.5800,9.2900,9.2900,16330900
20150911,9.5100,9.5300,9.4000,9.4300,12928100
20150914,9.5900,9.7000,9.4400,9.4700,17577000
20150915,9.7300,9.7700,9.6400,9.6600,16306500
20150916,9.5700,9.7200,9.4300,9.7200,17332100
20150917,9.2900,9.6300,9.2300,9.5500,35232500
20150918,8.9400,9.1800,8.9200,9.1600,28374200
20150921,9.0900,9.1900,9.0100,9.0300,15484000
20150922,8.9200,9.0600,8.8600,8.9300,14478600
20150923,8.9500,9.0600,8.8800,8.8800,10734500
20150924,8.9200,8.9400,8.7800,8.8200,10548000
20150925,9.0800,9.1400,9.0200,9.0800,12336900
20150928,8.8000,9.0500,8.8000,9.0400,13023600
20150929,8.8300,8.9000,8.7400,8.8100,12504800
20150930,9.0100,9.0600,8.8800,9.0400,14803000
20151001,9.0300,9.0700,8.9000,9.0100,14611900
20151002,8.9100,8.9100,8.5400,8.7600,21449300
20151005,9.0400,9.1000,8.9300,8.9800,18751500
20151006,9.0900,9.1300,8.9900,9.0200,13598800
20151007,9.2100,9.2800,9.0900,9.1500,15413300
20151008,9.2600,9.2900,9.1000,9.1700,15348100
20151009,9.0900,9.3100,9.0400,9.2300,11229000
20151012,9.0800,9.1200,9.0200,9.0600,10553200
20151013,8.9800,9.1100,8.9800,9.0600,12389500
20151014,8.8200,9.0100,8.7500,8.9900,15899100
20151015,9.0800,9.1000,8.8400,8.9000,17701200
20151016,9.0200,9.1500,8.9600,9.1300,15713300
20151019,8.9400,9.1200,8.9300,9.0100,12407300
20151020,9.2100,9.3000,9.0200,9.1000,25254500
20151021,9.0300,9.2600,9.0200,9.1600,16303400
20151022,9.2100,9.3000,9.0900,9.0900,17742800
20151023,9.4500,9.4600,9.2300,9.2800,16672300
20151026,9.3200,9.4900,9.2800,9.4500,9041100
20151027,9.2400,9.3100,9.1600,9.2600,9075000
20151028,9.6600,9.6900,9.2400,9.2600,17966500
20151029,9.6400,9.7600,9.6200,9.6700,14713000
20151030,9.3500,9.6700,9.2400,9.6200,23278600
20151102,9.5800,9.6000,9.3800,9.4400,13042800
20151103,9.5400,9.6400,9.5000,9.5500,11121000
20151104,9.5900,9.6400,9.5300,9.5800,11767200
20151105,9.7300,9.8000,9.5800,9.6000,20710000
20151106,10.1300,10.2100,10.0100,10.0100,23751000
20151109,9.9900,10.2000,9.9000,10.0800,17932200
20151110,10.0700,10.1100,9.8600,9.9800,14183200
20151111,9.9500,10.1700,9.9400,10.1100,12101900
20151112,9.8000,9.9000,9.7800,9.8700,15262600
20151113,9.7100,9.8300,9.6700,9.7900,13141100
20151116,9.8100,9.8200,9.6200,9.6600,12428600
20151117,9.8700,10.0100,9.8500,9.8700,13332400
20151118,10.0900,10.0900,9.8400,9.9000,19338300
20151119,10.1400,10.2200,9.8200,10.0300,32049300
20151120,10.0800,10.2300,10.0300,10.2100,15200100
20151123,10.0800,10.1900,10.0500,10.1100,10235900
20151124,10.1300,10.1700,9.9900,10.0100,13836300
20151125,10.0900,10.2000,10.0400,10.1400,8577300
20151127,10.1700,10.1800,10.0100,10.0900,5136000
20151130,10.1400,10.2000,10.0600,10.1700,11749400
20151201,10.2500,10.2800,10.1200,10.2100,14012700
20151202,10.1000,10.2800,10.0800,10.2800,13473200
20151203,9.9700,10.1700,9.9300,10.1500,15801600
20151204,10.2600,10.2800,9.9100,10.0000,19157400
20151207,10.0300,10.2300,9.9800,10.2100,15003200
20151208,9.6400,9.9700,9.6000,9.9400,24117700
20151209,9.4500,9.6600,9.3400,9.5600,25877300
20151210,9.6100,9.7400,9.3700,9.4500,16280900
20151211,9.3700,9.5000,9.3000,9.4400,17851200
20151214,9.3600,9.5200,9.2000,9.4700,20950400
20151215,9.7700,9.8600,9.5100,9.5200,21968800
20151216,9.9400,9.9800,9.6400,9.8600,30767500
20151217,9.7300,10.0200,9.7300,9.9800,21232800
20151218,9.3500,9.6100,9.3100,9.5200,55937800
20151221,9.3900,9.4200,9.2500,9.3900,14228300
20151222,9.5000,9.5100,9.3000,9.4900,13100700
20151223,9.6900,9.7000,9.5300,9.5700,10672100
20151224,9.7100,9.7800,9.6600,9.6800,3692400
20151228,9.6300,9.6800,9.4800,9.6600,8696100
20151229,9.7600,9.7900,9.6800,9.7000,8090500
20151230,9.6500,9.7400,9.6100,9.7400,6842700
20151231,9.6000,9.7300,9.5400,9.5800,9616300
20160104,9.4400,9.4800,9.3000,9.3500,17834000
20160105,9.4200,9.5100,9.3300,9.4500,16058300
20160106,9.2600,9.3400,9.1800,9.2600,17107900
20160107,8.9600,9.1700,8.9600,9.0500,27113600
20160108,8.7600,9.1000,8.7300,9.0400,23234600
20160111,8.6800,8.9000,8.5700,8.8400,19568600
20160112,8.7400,8.8200,8.5200,8.7800,18781200
20160113,8.3300,8.8300,8.2800,8.8100,27971600
20160114,8.3600,8.4800,8.1700,8.3800,43913000
20160115,8.2000,8.2600,7.0800,7.1800,37304300
20160119,8.0800,8.4000,8.0000,8.3100,29177900
20160120,7.9000,8.0300,7.6000,7.8600,34519400
20160121,7.8300,8.0800,7.7800,7.8600,31909000
20160122,7.9300,8.1000,7.9100,7.9600,17985400
20160125,7.5700,7.9100,7.5500,7.8700,18528400
20160126,7.8200,7.9300,7.6300,7.6300,22821100
20160127,7.9500,8.1800,7.7500,7.8100,28181600
20160128,8.0100,8.2600,7.9800,8.0800,29478000
20160129,8.1200,8.1500,7.9600,8.0200,26117500
20160201,7.9400,8.1500,7.8800,8.1300,24594000
20160202,7.6300,7.7800,7.5600,7.7800,27109100
20160203,7.8200,7.8700,7.3400,7.7000,34311700
20160204,7.9000,8.1000,7.7400,7.7600,22205200
20160205,7.8000,8.0500,7.7800,7.9500,20024500
20160208,7.5300,7.6800,7.3700,7.6700,26654500
20160209,7.6500,7.7000,7.3400,7.3700,26030000
20160210,7.5100,7.7900,7.5100,7.7000,23601200
20160211,7.0800,7.3000,7.0000,7.2500,28325600
20160212,7.6000,7.6300,7.2200,7.2400,32594900
20160216,7.8400,7.9300,7.6200,7.7600,24383700
20160217,7.8200,8.0200,7.7600,7.9400,20674900
20160218,7.6200,7.9000,7.5100,7.9000,24287600
20160219,7.6500,7.7500,7.4900,7.5900,19930100
20160222,7.9000,7.9100,7.7700,7.7900,16755900
20160223,7.5700,7.9000,7.5000,7.8600,19334700
20160224,7.4200,7.4500,7.2100,7.4000,22039600
20160225,7.5100,7.5500,7.3500,7.4300,15091200
20160226,7.7500,7.8700,7.5600,7.6400,19076300
20160229,7.5200,7.7400,7.5200,7.7100,17443400
20160301,7.9800,7.9900,7.5900,7.6100,17608800
20160302,8.1200,8.1700,7.9600,8.0000,16713300
20160303,8.2800,8.3000,8.0800,8.1100,20972500
20160304,8.3900,8.5700,8.2900,8.3700,26469200
20160307,8.3800,8.4300,8.2500,8.2700,14909500
20160308,8.0500,8.3000,7.9500,8.2700,29012400
20160309,7.8700,8.1200,7.8300,8.0900,22217100
20160310,7.9700,8.0900,7.8200,8.0000,23258000
20160311,8.2400,8.2600,8.0500,8.0700,14626100
20160314,8.2100,8.2800,8.1000,8.2400,16252200
20160315,8.1100,8.1300,8.0100,8.1300,13342800
20160316,8.0200,8.2800,7.9000,8.1300,19917400
20160317,8.1200,8.1300,7.8200,7.9900,17715400
20160318,8.2300,8.3200,8.1000,8.2100,30274000
20160321,8.2100,8.3400,8.1100,8.2300,15634800
20160322,8.1800,8.2500,8.0400,8.0600,15582300
20160323,8.0800,8.1800,8.0600,8.1500,13035200
20160324,8.0600,8.0700,7.8200,8.0200,11387600
20160328,8.0500,8.1200,7.9600,8.0800,9174600
20160329,7.9000,7.9500,7.7500,7.9500,22251300
20160330,7.9000,8.0600,7.8600,7.9400,17122400
20160331,7.8500,7.9500,7.7900,7.8600,15209500
20160401,7.8900,7.8900,7.6700,7.8000,15258600
20160404,7.8700,7.9700,7.8000,7.8700,12077900
20160405,7.6600,7.8200,7.6600,7.7600,14728200
20160406,7.8100,7.8200,7.6100,7.6700,19165300
20160407,7.6000,7.7600,7.5300,7.6800,16754900
20160408,7.6700,7.8100,7.6300,7.7100,18369100
20160411,7.7600,7.8800,7.6800,7.7000,23193700
20160412,7.9700,8.0000,7.7900,7.8300,15841200
20160413,8.4000,8.4300,8.0400,8.0600,32136400
20160414,8.4800,8.6300,8.3600,8.3900,35669700
20160415,8.7400,8.9000,8.5500,8.8900,42644200
20160418,8.7600,8.8400,8.5700,8.6600,19790200
20160419,8.9800,9.0000,8.7900,8.8800,27373500
20160420,9.1600,9.1900,8.9500,9.0000,28508400
20160421,9.1700,9.2600,9.1200,9.2100,17320700
20160422,9.3400,9.4200,9.1700,9.2000,22031700
20160425,9.3000,9.3500,9.1700,9.2800,16528700
20160426,9.4000,9.4300,9.2300,9.3000,17007700
20160427,9.5900,9.6300,9.3400,9.4100,31400500
20160428,9.4200,9.6200,9.3800,9.4700,21340200
20160429,9.3800,9.4500,9.2600,9.3800,23852900
20160502,9.4500,9.4800,9.2800,9.4500,18426600
20160503,9.2400,9.3200,9.1000,9.3000,23673200
20160504,9.0400,9.2200,8.9200,9.0900,25274700
20160505,9.0400,9.1500,8.9800,9.0900,16828100
20160506,9.0800,9.0900,8.9200,8.9500,20046400
20160509,9.0500,9.1400,8.9800,9.0600,13730900
20160510,9.2300,9.2600,9.0800,9.1000,13355900
20160511,9.2200,9.3900,9.1800,9.1800,14847500
20160512,9.1300,9.3600,9.0600,9.2700,17649900
20160513,8.9900,9.2600,8.8900,9.1300,16563100
20160516,9.0500,9.0900,8.9200,8.9400,12078600
20160517,9.1700,9.3100,8.9500,9.0100,26357100
20160518,9.6400,9.6600,9.1400,9.1500,36222100
20160519,9.4700,9.7000,9.3400,9.5200,19338200
20160520,9.5100,9.6200,9.4500,9.5200,14868100
20160523,9.4700,9.5600,9.3600,9.4900,14037600
20160524,9.6500,9.6800,9.5200,9.5300,14444900
20160525,9.8500,9.9000,9.7200,9.7300,17412600
20160526,9.7300,9.8600,9.6800,9.8500,13322900
20160527,9.8700,9.8700,9.7100,9.8000,13114800
