20150529,18.8500,19.2500,18.8100,18.8200,8532600
20150601,18.5800,19.0600,18.3100,18.8800,9011000
20150602,19.2800,19.7400,18.8600,18.9400,9221900
20150603,19.0500,19.5900,18.9300,19.1800,6074300
20150604,18.5500,19.1600,18.4600,18.9500,8018300
20150605,19.1700,19.3400,18.3800,18.5300,8582000
20150608,19.1200,19.4600,18.9000,18.9100,6051900
20150609,18.7400,19.6000,18.7200,19.3000,8234700
20150610,19.0800,19.4400,18.8700,19.3900,8355600
20150611,18.1300,18.9500,18.0000,18.9300,14080800
20150612,17.7700,18.1000,17.4800,18.0900,10214000
20150615,17.6100,17.8200,17.1300,17.4400,8602300
20150616,17.5600,17.8500,17.3400,17.3400,4777400
20150617,17.4800,18.1200,17.4300,17.8200,7795900
20150618,16.9700,17.5800,16.8000,17.5200,11300200
20150619,16.6500,17.1900,16.5700,16.9200,12625100
20150622,16.9400,17.2200,16.5400,16.8100,7959600
20150623,16.9700,17.4800,16.9400,17.0400,7528700
20150624,16.6300,17.0600,16.5800,16.7900,6014300
20150625,16.0000,16.6100,15.8800,16.5700,10147000
20150626,16.5000,16.5200,15.8000,15.9800,8646600
20150629,15.9500,16.7000,15.9300,16.1100,10579300
20150630,16.1200,16.3600,15.9300,16.1900,7930300
20150701,15.5900,16.0300,15.2200,15.9900,14017000
20150702,15.5900,16.0300,15.5000,15.7400,6861700
20150706,14.9200,15.2800,14.7800,15.1800,11485600
20150707,15.7300,15.8800,14.3300,14.8700,16787600
20150708,15.1500,15.6500,14.9800,15.3600,9728300
20150709,15.0500,15.6200,15.0300,15.4200,8808100
20150710,14.6200,15.3100,14.4600,15.2200,14671800
20150713,14.9000,15.0000,14.5300,14.7700,7926100
20150714,15.1100,15.4500,14.8900,14.9600,10493400
20150715,14.5100,15.1500,14.3300,14.8700,14488000
20150716,14.6100,15.1000,14.4300,14.6300,15885900
20150717,13.4800,14.5700,13.4600,14.5500,21652500
20150720,13.3500,13.5900,13.1700,13.5200,12726100
20150721,13.3500,13.9000,13.2200,13.6100,12379600
20150722,13.1600,13.5300,13.0600,13.2700,12814200
20150723,13.6700,13.8400,13.1500,13.4600,11815700
20150724,13.2600,13.4800,13.0200,13.4800,12864100
20150727,13.1100,13.3200,12.7600,13.0400,11875600
20150728,14.1200,14.2000,13.1200,13.3100,15285300
20150729,14.4600,14.7100,13.7200,13.7700,15128700
20150730,13.9500,14.5900,13.7700,14.4800,14141500
20150731,13.2600,14.1000,13.1800,14.0700,13179000
20150803,12.4200,13.3300,12.2700,13.1500,25343100
20150804,12.2200,12.8200,12.1000,12.7900,15562800
20150805,12.3400,12.8700,12.0800,12.4700,16635900
20150806,13.8400,13.9900,12.3500,12.6800,38089100
20150807,13.5700,14.2200,13.4600,13.5000,17190000
20150810,14.4600,14.5900,13.5600,13.6300,12605700
20150811,14.4900,14.6000,13.9500,14.0000,14278400
20150812,15.0500,15.1100,14.5600,14.5800,17190500
20150813,14.0700,14.7300,13.9400,14.6500,15860700
20150814,13.7400,14.3700,13.3800,14.1900,12617000
20150817,13.8900,13.9200,13.4500,13.8300,9274300
20150818,14.0700,14.3100,13.8000,13.8000,9223600
20150819,13.6500,14.1500,13.6200,13.8800,12546300
20150820,13.2500,13.8400,13.2500,13.6500,9467900
20150821,12.7800,13.5600,12.7700,13.1900,12153800
20150824,12.2600,12.8900,11.8100,12.0700,17029300
20150825,12.2000,13.0700,12.2000,12.9400,14040800
20150826,11.6000,12.3900,11.2600,11.9400,28996100
20150827,12.9300,12.9800,11.8900,11.9600,19390900
20150828,13.5900,14.2600,12.6100,12.6200,24769600
20150831,14.2300,14.3200,12.9700,13.3200,15135200
20150901,13.7100,14.2500,13.4600,13.5900,12797600
20150902,13.4400,13.8500,12.9700,13.8200,12328300
20150903,13.3800,13.8100,13.1700,13.5100,8716900
20150904,13.4500,13.6300,13.0400,13.2900,8622700
20150908,14.1900,14.3400,13.1800,13.3400,14446600
20150909,14.4700,15.1300,14.0400,14.0900,24262200
20150910,14.8200,14.8500,14.1000,14.5100,12145400
20150911,14.2400,14.4700,13.7000,14.2700,12114300
20150914,14.6200,14.6400,14.1500,14.2700,9235300
20150915,15.3800,15.5900,14.5000,14.5200,16507000
20150916,15.8000,16.2000,15.4000,15.4100,16022300
20150917,15.7700,16.0700,15.3700,15.6200,14358500
20150918,14.3100,15.5000,14.2000,15.4900,22269500
20150921,14.3400,14.7600,14.1500,14.7000,9695700
20150922,14.4900,14.7000,13.9500,14.0900,11390400
20150923,13.6600,14.4500,13.5800,14.3500,14507400
20150924,13.0100,13.9500,12.3800,13.7800,24802400
20150925,12.5800,13.1200,12.4700,13.0800,14266900
20150928,11.9900,12.5500,11.8800,12.5300,15007700
20150929,12.3500,12.7000,12.1000,12.2900,12764600
20150930,12.9200,12.9500,12.2600,12.5100,13567000
20151001,12.5000,13.6600,12.3700,13.3700,15395300
20151002,13.5600,13.6000,12.3200,12.4500,11910400
20151005,14.6900,14.7200,13.7500,13.8600,18359300
20151006,15.7500,16.0000,14.5700,14.7600,21150100
20151007,16.3400,16.8000,15.0500,16.3100,25425200
20151008,16.3000,16.4000,15.4400,15.9100,18299800
20151009,16.9800,17.1900,16.4000,16.5100,16303000
20151012,15.6900,16.6300,15.4600,16.5800,12812100
20151013,15.5900,16.1100,15.3300,15.4900,8236500
20151014,16.0700,16.1800,15.6200,15.6600,11695300
20151015,16.3700,16.5200,15.5500,15.8900,11557300
20151016,15.9100,16.5900,15.6500,16.4800,9863900
20151019,15.1600,15.6100,15.0100,15.3800,9188200
20151020,15.5000,15.6400,14.8500,14.9900,9404700
20151021,15.4700,15.5900,15.1400,15.2700,7720900
20151022,15.8800,16.2900,15.4500,15.5500,12390600
20151023,15.7500,16.1000,15.4900,15.7100,9283300
20151026,15.0900,15.7900,14.9800,15.7400,8231800
20151027,14.7600,15.2100,14.5300,14.7200,10671000
20151028,15.3500,15.9300,14.7900,14.8300,11215000
20151029,15.2700,15.9100,15.1000,15.1500,8004100
20151030,15.8300,16.0000,15.1600,15.2500,11890100
20151102,16.7000,16.8100,15.5700,15.6900,12754500
20151103,16.8200,17.1700,16.4000,16.8200,14250900
20151104,16.8500,17.1100,16.6000,16.8000,12139300
20151105,15.4700,16.2300,15.3200,16.2300,23601500
20151106,15.0700,15.5400,14.9100,15.2800,11152700
20151109,15.0500,15.5200,14.8300,15.5100,10054600
20151110,14.9800,15.3100,14.9000,15.0000,8868100
20151111,14.5300,15.1300,14.0700,15.1200,12987200
20151112,14.1700,14.5800,13.9600,14.2200,8963500
20151113,14.2400,14.5000,13.7900,14.0700,12115300
20151116,14.4500,14.5300,13.9700,14.2100,7273900
20151117,14.5100,14.7800,14.1600,14.5200,6396000
20151118,14.7000,15.2000,14.5400,14.9000,8847500
20151119,14.1700,14.9100,13.9400,14.6000,10427700
20151120,13.9100,14.4400,13.7100,14.3200,12020200
20151123,13.9700,14.1900,13.6100,13.7700,9071800
20151124,14.5900,14.6400,14.0500,14.2400,9717800
20151125,14.4800,14.6100,14.0900,14.2200,6046900
20151127,14.1200,14.4800,14.0300,14.2900,3631900
20151130,14.3600,14.6500,14.1700,14.3900,8103700
20151201,14.2000,14.3300,13.9500,14.1000,8333300
20151202,13.8300,14.2600,13.7700,13.9000,7830300
20151203,14.0400,14.5000,14.0100,14.1900,11327100
20151204,13.5000,13.9900,13.2500,13.8100,16923600
20151207,13.2700,13.3300,13.0000,13.1700,11963200
20151208,13.2600,13.4700,13.0300,13.1300,9956200
20151209,13.0700,13.7500,12.9200,13.5600,10763500
20151210,13.1500,13.3600,12.8800,12.9600,7145000
20151211,12.6900,12.9700,12.6000,12.9500,10663900
20151214,12.6400,12.7100,12.2300,12.5700,9373200
20151215,13.3800,13.4400,12.8800,12.8900,8133200
20151216,13.3300,13.8100,13.0900,13.3900,10850500
20151217,13.0000,13.2700,12.8900,13.2000,10580000
20151218,12.2600,12.8700,12.1600,12.7700,15747400
20151221,12.1200,12.3800,11.9500,12.2800,8841700
20151222,12.5500,12.6300,12.1700,12.2400,7081900
20151223,13.1200,13.1900,12.8200,12.9900,7384700
20151224,12.9800,13.2000,12.9100,13.1000,3163200
20151228,12.3400,12.8400,12.2400,12.8000,6250400
20151229,12.7100,12.8800,12.5100,12.7000,5586200
20151230,12.2700,12.7700,12.1100,12.3700,7504400
20151231,12.3800,12.5100,12.1600,12.2300,5607100
20160104,12.5500,12.5800,11.9200,12.3200,11191400
20160105,12.1500,12.3600,11.7700,12.3200,10312200
20160106,11.5200,11.6800,11.1000,11.6500,18255100
20160107,11.0000,11.6200,10.9300,11.0500,14132100
20160108,10.7500,11.1200,10.6100,11.0800,11673400
20160111,10.3400,10.8500,10.1600,10.8400,14364300
20160112,10.2800,10.6800,9.7800,10.6400,16356800
20160113,9.8000,10.6100,9.5100,10.4600,15654600
20160114,10.5400,10.5700,9.7100,9.9300,14002600
20160115,9.8600,10.0300,9.4700,9.8100,13844000
20160119,9.2900,9.8300,8.9500,9.7500,12023300
20160120,9.0800,9.2900,8.5700,9.0400,16480300
20160121,9.7200,10.1500,8.9800,9.0300,15001600
20160122,9.7700,10.4000,9.4800,10.1200,15478200
20160125,9.2900,9.8700,9.2500,9.6600,10958200
20160126,9.7000,9.7700,9.3900,9.6500,8741500
20160127,9.8400,10.2000,9.4800,9.6100,9717100
20160128,10.0300,10.3700,9.6700,10.2500,17367100
20160129,10.4200,10.4500,9.9000,9.9500,10448700
20160201,9.7900,9.9800,9.6100,9.9500,10449200
20160202,9.0500,9.5300,8.8300,9.5100,14095100
20160203,9.3500,9.4300,8.5000,9.1900,11516800
20160204,10.1900,10.2600,9.3600,9.3700,14975400
20160205,10.2800,10.8300,9.8900,10.0500,16168000
20160208,9.5500,9.8900,9.2500,9.8800,10808900
20160209,8.9100,9.5300,8.3800,9.4900,13141900
20160210,8.7800,9.1900,8.6400,8.6400,8547500
20160211,8.6100,8.7900,8.2300,8.6200,11663000
20160212,8.8600,9.1600,8.5700,8.9100,12105300
20160216,8.6600,9.0100,8.4800,9.0100,11359700
20160217,9.1300,9.3600,8.6200,8.6300,12664400
20160218,8.6600,9.7500,8.4200,9.2600,16537600
20160219,8.3300,8.6100,8.0800,8.4800,15098500
20160222,8.8300,8.9200,8.5100,8.5300,10393600
20160223,8.5400,8.8200,8.4500,8.5400,12397000
20160224,8.2000,8.3100,7.6700,7.8800,21935300
20160225,8.2300,8.3600,7.8500,8.1100,17772600
20160226,8.6500,9.1800,8.2500,8.3100,20456600
20160229,8.6500,8.9900,8.6000,8.7500,12609300
20160301,9.0700,9.2600,8.4500,8.7700,16226100
20160302,9.8400,9.8800,8.8100,8.8300,17419300
20160303,10.8300,11.0000,9.5700,9.6000,23194300
20160304,12.7100,13.4800,10.6900,10.9000,53575000
20160307,12.7100,13.2500,12.3100,12.4700,27240000
20160308,11.4100,12.6800,11.4000,12.6600,25041700
20160309,11.1700,11.5800,10.8400,11.5500,14215100
20160310,10.9600,11.2800,10.4600,10.9300,17872200
20160311,11.2500,11.7900,11.0200,11.1900,17033200
20160314,11.2600,11.5200,10.7700,10.8300,14513500
20160315,11.0400,11.1400,10.5100,11.1000,13561100
20160316,11.2200,11.3200,10.8100,11.0600,13919600
20160317,11.7100,11.8600,11.1800,11.3000,16041200
20160318,10.7800,11.6500,10.6800,11.5600,35030600
20160321,10.5300,10.7500,10.2700,10.5500,16392900
20160322,10.0000,10.1800,9.9100,9.9400,20008600
20160323,9.2700,10.0000,9.1400,9.9200,15983200
20160324,9.3800,9.5100,8.9700,9.0200,12274800
20160328,9.3100,9.5500,9.0000,9.4300,9094900
20160329,8.8800,8.9700,8.5000,8.8200,21625500
20160330,8.8900,9.2400,8.5400,8.6600,53527900
20160331,9.1400,9.2700,8.8200,8.8500,18297400
20160401,8.5800,8.8800,8.4000,8.8800,24068700
20160404,8.5500,9.0100,8.4600,8.5800,16908400
20160405,8.6400,8.7400,8.3400,8.4700,14375800
20160406,8.6800,9.0500,8.5800,8.8600,20166900
20160407,8.4100,8.7600,8.3400,8.6300,18528700
20160408,8.6700,8.8900,8.6200,8.7200,16701200
20160411,8.8700,9.0000,8.7100,8.7200,12299200
20160412,9.5900,9.7300,8.8500,9.0000,23220800
20160413,9.8900,10.2000,9.5000,9.5800,24370200
20160414,9.2600,10.1000,9.1300,10.0800,21619400
20160415,9.7200,9.8700,9.0100,9.0600,25549600
20160418,9.7500,9.8900,9.1000,9.2200,19215100
20160419,10.6800,10.9400,9.8300,9.8500,30501700
20160420,10.7600,10.9500,10.3700,10.5100,18107000
20160421,10.5300,11.1000,10.3800,10.8300,17674400
20160422,10.7900,11.2500,10.4300,10.7500,20738100
20160425,10.2600,10.8700,10.1500,10.6300,14530200
20160426,10.3200,10.4900,9.9500,10.3300,14244400
20160427,11.1600,11.2000,10.4700,10.5100,21526200
20160428,11.1000,11.5500,10.8700,11.0800,20799200
20160429,11.0800,11.6500,10.5700,11.3600,22805500
20160502,11.0100,11.1700,10.6300,11.0400,11081400
20160503,10.4300,10.8200,10.3300,10.7100,11868400
20160504,10.1400,10.6900,9.9500,10.5500,13547400
20160505,10.0700,10.6100,10.0000,10.5000,21401100
20160506,10.7200,10.9800,9.8900,9.9300,19466600
20160509,9.9600,10.5800,9.8800,10.5700,17855400
20160510,10.2400,10.3800,10.0000,10.0200,11807500
20160511,9.9800,10.4300,9.9600,10.1500,14020500
20160512,9.6800,10.2300,9.5200,10.1800,19828000
20160513,9.2500,9.8500,9.1800,9.6700,16682900
20160516,9.4800,9.8900,9.4400,9.4800,12172200
20160517,9.6800,9.9700,9.4000,9.4500,14520500
20160518,9.5700,9.9500,9.5000,9.6700,13611900
20160519,9.0800,9.4100,8.9900,9.4000,15079200
20160520,9.3200,9.4400,9.0800,9.1200,11368200
20160523,9.0500,9.2800,8.8700,9.2500,14267200
20160524,9.2200,9.2500,8.8500,9.1500,12029400
20160525,10.1100,10.1500,9.2400,9.2400,16647400
20160526,9.9100,10.4400,9.8800,10.2500,12410600
20160527,9.8500,10.0500,9.6700,9.8300,11094200
