20150529,103.2600,104.9400,103.0900,104.7200,2269500
20150601,103.5100,104.4000,103.3800,103.6600,1830200
20150602,102.7800,103.2400,102.0000,102.9500,3084900
20150603,102.2000,103.4800,102.0600,103.3300,2384700
20150604,100.6700,101.9300,100.1100,101.3900,2348300
20150605,101.5000,102.0200,99.3100,99.4200,2619300
20150608,101.0700,101.8800,101.0600,101.5000,2284600
20150609,99.9000,101.3500,99.8300,101.1400,1728800
20150610,100.9600,102.0000,100.1300,100.5300,1708500
20150611,102.1600,102.2400,100.7400,101.0900,1554700
20150612,101.6700,102.0100,101.2300,101.5100,1084000
20150615,100.2500,101.0100,100.0200,100.9000,1492000
20150616,99.7900,100.2400,99.3700,100.0200,2592300
20150617,100.6600,100.8800,99.7900,100.1800,1685700
20150618,101.2400,101.7500,100.7500,100.7600,2134700
20150619,100.6000,101.2500,100.4900,100.9100,1414500
20150622,100.6500,101.3700,100.5000,101.0500,1214000
20150623,100.3600,100.9600,100.0700,100.7000,1418900
20150624,99.3100,100.4800,99.2600,100.4800,1298600
20150625,98.2400,99.7900,98.2400,99.7900,1523400
20150626,97.7900,98.7400,97.5800,98.4200,1880900
20150629,95.9200,97.0700,95.8900,96.5200,1512400
20150630,95.6800,96.8100,95.4600,96.7900,1839900
20150701,96.3400,96.9500,95.8300,95.8300,1559200
20150702,95.5700,97.2300,95.5100,96.5500,2163400
20150706,96.7500,96.9400,95.3200,95.4700,1827100
20150707,97.9500,98.0900,96.3800,96.6100,2165900
20150708,98.0100,98.2400,97.0900,97.3100,2242800
20150709,98.6300,99.2400,98.6200,98.7400,1970800
20150710,98.7100,99.6000,97.9200,99.4100,2825100
20150713,100.5100,100.7200,99.3300,99.5500,1948100
20150714,100.5500,100.6200,99.6400,100.2100,1466200
20150715,99.4400,100.4300,99.2800,100.3200,1775100
20150716,100.5100,100.5700,99.6200,100.0200,1263700
20150717,99.8900,100.5200,99.6700,100.2400,1273800
20150720,99.7600,100.5200,99.3100,99.8900,1260400
20150721,97.8500,99.3900,97.6000,99.3900,1413800
20150722,96.9900,98.6800,96.8900,97.9800,1957000
20150723,103.2100,106.0600,98.2700,100.0000,5393500
20150724,103.9000,104.0800,102.8300,103.0000,2921800
20150727,104.3400,104.6000,103.1100,103.5600,2857800
20150728,104.8900,106.6200,104.2800,105.0600,2075200
20150729,109.2000,109.3900,104.6400,104.8800,3967600
20150730,109.8400,110.7400,108.5000,108.9800,3016100
20150731,109.0900,110.3400,108.8000,110.1200,2074400
20150803,108.9000,109.2000,107.9000,108.9700,1698300
20150804,108.8400,109.5500,108.3600,108.6800,1130200
20150805,110.0200,110.6400,108.9100,109.2100,1664900
20150806,109.4000,110.0000,108.8800,109.8000,1509900
20150807,108.8200,109.2000,107.7600,108.8200,1252500
20150810,109.4300,110.7600,109.2400,109.6600,1427300
20150811,108.4800,109.2800,108.0900,108.6700,1124000
20150812,108.6700,108.8800,107.1900,107.8500,1392900
20150813,109.1500,109.6200,108.2500,108.4000,860800
20150814,109.8200,110.3600,109.1200,109.1500,1100600
20150817,109.8100,110.1500,108.4100,109.3800,1659700
20150818,110.3300,110.6300,109.3400,109.4900,1160400
20150819,109.6000,110.3700,109.0500,109.7800,1053900
20150820,107.6400,109.1600,107.5900,108.9000,1370300
20150821,104.9900,107.2000,104.8000,107.0100,2527700
20150824,102.0000,104.4800,96.6800,98.7200,3687800
20150825,100.6500,104.5500,100.4500,104.5500,2485900
20150826,103.6200,103.6900,100.5400,102.8400,1729200
20150827,105.1100,105.7600,103.6000,103.9800,1929500
20150828,104.2500,105.1400,103.6300,104.8100,1232500
20150831,102.5600,103.7300,102.1900,103.6400,1771300
20150901,100.0400,101.9000,99.6000,101.8200,2130900
20150902,103.3800,103.4200,100.5600,100.9200,1788800
20150903,104.5300,105.3200,103.5500,103.5500,2009800
20150904,102.8700,103.5000,102.5800,102.9700,1290500
20150908,106.5400,106.6200,103.5700,104.2700,1612900
20150909,106.0800,107.6800,105.8800,107.4800,2475900
20150910,106.0700,106.7100,105.2800,105.6500,1547500
20150911,106.5400,106.6200,105.4000,105.8400,826300
20150914,105.4600,106.8200,105.3100,106.7100,896200
20150915,106.0200,106.3700,104.7700,105.6700,1053700
20150916,106.0600,106.3400,105.3300,106.1500,908400
20150917,106.4900,108.4100,106.2300,107.3200,1412800
20150918,104.5500,106.2400,104.3000,105.5700,1814300
20150921,104.8900,105.6600,104.2600,105.2000,1157500
20150922,103.6500,103.9500,102.7800,103.3400,1029800
20150923,104.7700,105.3900,103.8900,104.8400,1699000
20150924,106.3700,106.5300,103.6400,103.9300,2083400
20150925,106.0300,107.6000,105.5400,107.1600,1836500
20150928,105.6900,106.7300,105.2000,105.4900,1998300
20150929,106.6800,107.2400,105.8700,106.9900,1629700
20150930,109.2600,109.3100,107.3300,107.5800,2246500
20151001,108.7100,109.5700,106.1800,108.5900,2307600
20151002,107.7700,107.8700,106.2500,107.1600,2515400
20151005,109.7900,110.1800,107.7800,108.0000,2105800
20151006,109.4400,109.9400,109.0100,109.6200,1518100
20151007,109.7800,110.6600,109.2500,109.8900,1291800
20151008,111.6500,112.0000,108.8300,109.2400,1290900
20151009,111.4600,113.0500,111.0400,111.6900,1599400
20151012,112.3100,113.7100,111.7000,113.1100,1355100
20151013,110.7300,112.5900,110.5700,112.0700,1310700
20151014,109.7000,110.8500,109.1000,110.6600,1656600
20151015,111.9300,112.1500,109.8300,110.3000,2394700
20151016,111.3000,113.0000,110.4300,112.5400,2028700
20151019,112.8900,112.9900,110.3700,110.5000,2340300
20151020,112.3500,112.9400,111.8800,112.5200,1499900
20151021,112.6600,113.6500,112.4400,112.8600,1583300
20151022,117.2800,118.3600,111.6000,112.9300,3136000
20151023,117.7700,119.6800,117.0400,117.8900,2277200
20151026,116.9300,118.1600,116.6900,117.6300,2219500
20151027,118.1400,118.7100,116.6000,116.8100,2088400
20151028,119.0300,119.8900,117.8100,118.8000,1612600
20151029,118.7800,119.4200,118.0600,118.4000,1250900
20151030,117.4000,119.1700,117.4000,118.9700,2007500
20151102,118.6600,118.9000,117.6400,117.7200,1412800
20151103,118.3500,118.8500,117.9000,118.4700,1369500
20151104,118.5600,119.5600,118.2900,118.7800,1068300
20151105,119.1500,119.3700,118.1900,118.8200,1191600
20151106,117.5700,118.9300,116.9400,118.5400,1322900
20151109,117.2100,117.6700,116.7300,117.0000,1255000
20151110,118.0400,118.3600,116.8700,116.8900,1442700
20151111,118.3300,118.7600,118.2900,118.2900,1002600
20151112,118.2100,119.4700,117.5000,119.2600,1407500
20151113,117.2500,118.4100,117.1800,117.8900,1688200
20151116,122.1100,122.5500,117.8800,117.8800,3018500
20151117,123.2600,124.5300,121.8100,122.8800,2648700
20151118,123.9500,124.2900,122.1000,123.8600,1740300
20151119,126.0000,126.6500,124.9900,125.6400,1675600
20151120,127.0400,128.2000,126.6000,126.7500,1622600
20151123,126.7700,127.8700,126.4800,127.1200,1327700
20151124,126.3600,126.8200,125.2000,126.1800,1569100
20151125,126.1100,126.9800,125.7300,126.5000,1025500
20151127,126.7900,126.9600,126.1400,126.1400,489100
20151130,124.0300,126.3900,123.4600,125.7900,2401900
20151201,124.4800,125.7100,123.8300,124.5500,1887000
20151202,123.8000,125.2800,123.6300,124.0000,1967100
20151203,122.8100,123.9100,122.2500,123.7500,2196800
20151204,124.2900,124.7700,122.9100,123.4000,2089600
20151207,127.1400,127.5600,124.4800,124.4800,1806100
20151208,126.9800,127.2400,125.5700,125.8600,1536400
20151209,126.1500,128.9400,125.2900,126.5100,1679300
20151210,127.4000,128.3000,125.6000,126.2600,1697200
20151211,126.2000,127.6800,126.0500,126.1500,1526700
20151214,126.3200,127.4900,125.3200,126.4100,2212500
20151215,126.8600,127.6000,126.6000,127.3500,1949100
20151216,127.9500,128.9100,126.9400,127.8100,2239800
20151217,127.4700,129.9900,127.4400,127.9500,1900600
20151218,125.3500,127.1700,124.7300,127.1700,2759900
20151221,126.0300,127.1500,125.1800,125.9800,1560500
20151222,126.8700,127.4200,126.0600,126.7000,1287800
20151223,126.3600,127.4100,125.8100,127.4100,1722200
20151224,126.2900,126.7300,126.0100,126.3600,631000
20151228,126.2300,126.4800,124.8500,126.2100,1342100
20151229,126.4100,128.0000,126.0000,126.8900,1457300
20151230,125.7400,126.5900,125.3100,126.5000,1274800
20151231,124.5300,125.4200,123.2000,125.1300,1186700
20160104,122.6100,122.9900,121.3500,122.5100,1944800
20160105,125.8100,125.9100,122.7200,122.7300,1763100
20160106,125.8200,126.8400,124.3800,124.5500,2478300
20160107,123.0000,125.2000,122.1400,124.4000,2082600
20160108,121.7900,124.2400,121.5300,123.4100,1739500
20160111,123.5300,124.0600,121.6600,122.5000,1407900
20160112,124.9000,125.1900,123.4500,124.0200,2000000
20160113,121.3100,125.5300,121.1200,125.5000,1744100
20160114,121.5300,121.9800,119.7400,121.3200,2593600
20160115,120.2900,120.8800,118.1900,118.4900,2712900
20160119,120.9400,121.7900,119.3200,121.0700,1960900
20160120,118.4000,120.6100,115.7300,119.9300,2189500
20160121,117.6200,119.1000,117.0200,118.8900,1788200
20160122,118.4200,119.1800,117.3200,118.7000,2208700
20160125,118.5700,119.6400,117.6800,118.6900,1987700
20160126,119.5300,120.3900,117.0000,118.0400,1464000
20160127,118.0700,120.2200,117.8000,118.7900,1933200
20160128,122.1800,123.2700,118.5000,119.3500,2680200
20160129,128.2400,128.2400,122.4700,122.4700,5388100
20160201,125.5500,127.6700,123.3700,127.0500,3447300
20160202,125.4400,125.6700,122.9200,124.5700,5531200
20160203,128.0800,128.1500,125.2200,126.0500,3411600
20160204,126.4200,128.2500,125.5400,127.5400,2505000
20160205,126.6500,126.9300,124.5100,126.4300,2974100
20160208,125.8500,126.8100,124.8300,125.9000,2617400
20160209,126.3900,127.3500,124.8000,124.9800,2130100
20160210,126.5700,128.2900,126.0300,126.3700,1744500
20160211,122.1800,125.2600,120.0300,124.1700,3912700
20160212,120.2400,123.3200,119.5000,122.7300,2928100
20160216,120.8100,121.7700,119.4500,121.3400,2806700
20160217,121.6800,122.1200,120.8600,121.5000,2238800
20160218,121.5800,122.8100,119.3800,119.8300,1997900
20160219,123.5700,123.6600,121.0200,121.5300,1695700
20160222,124.5100,125.6700,123.6500,124.0500,1718300
20160223,125.2200,126.3500,124.1800,124.4800,1480900
20160224,123.7000,125.4600,122.9300,124.8100,1482100
20160225,125.0200,125.0300,123.5600,123.8400,1325600
20160226,124.4800,125.6300,124.3700,125.0800,1570800
20160229,123.8500,125.2000,123.8500,124.2700,1248900
20160301,124.7500,125.4500,124.2400,124.9800,1688900
20160302,125.1300,125.8000,124.3600,124.7200,1611300
20160303,124.9100,125.4600,124.0700,124.5800,1450200
20160304,125.0600,125.9200,124.5100,124.8400,1250300
20160307,122.5000,125.3400,122.3300,124.6600,1915200
20160308,122.5500,123.5600,121.6200,121.8800,1901300
20160309,122.5200,123.7800,122.4100,123.6200,1833600
20160310,121.8500,123.1100,121.5300,122.5200,1883800
20160311,122.7100,124.7700,122.2200,122.8600,2020300
20160314,121.8000,122.8100,121.7500,122.4100,1883700
20160315,122.7200,123.3500,120.5100,121.2400,1385900
20160316,123.3800,124.0800,121.7300,122.7000,1051000
20160317,122.5900,123.9100,121.5500,123.3800,2150500
20160318,124.4600,124.5700,121.8200,122.6600,2775400
20160321,123.5600,124.0300,123.0200,123.6300,1362000
20160322,123.7700,124.3400,123.0000,123.2600,1273600
20160323,123.8600,124.5800,123.0000,123.0800,1282700
20160324,122.9500,124.3300,122.8000,123.4600,1248600
20160328,122.3900,123.7900,121.7500,122.9500,1847800
20160329,122.4500,122.6400,120.2400,121.8500,2681200
20160330,123.7600,123.9300,122.8800,123.1700,1410900
20160331,122.6300,123.9700,122.1000,123.8100,1682000
20160401,123.2300,123.4300,121.0100,121.1000,1890400
20160404,124.2200,125.9600,123.0000,123.0800,3850300
20160405,126.0300,126.4400,123.5800,123.8000,2655700
20160406,127.1000,127.2500,125.7000,126.2300,2466600
20160407,126.5700,127.1000,125.8100,126.6700,1960200
20160408,126.4300,127.7800,126.0200,127.4000,1112500
20160411,124.9500,126.8300,124.9200,126.5000,1404400
20160412,126.0400,126.2000,125.1800,125.2000,907100
20160413,125.5400,127.0900,124.7500,126.7900,1291800
20160414,125.1500,126.0000,124.8600,125.9900,899700
20160415,125.6800,125.8000,124.7700,125.4900,1378600
20160418,126.3500,126.7700,125.3700,125.6300,834000
20160419,126.2600,127.1900,125.9700,126.7000,1228900
20160420,125.9800,126.9000,125.7900,126.4500,1117900
20160421,126.2900,127.9500,126.1300,126.2200,1710200
20160422,126.4000,127.0700,125.9100,126.5500,1139500
20160425,125.5000,126.5800,125.2600,126.0000,1142400
20160426,128.2100,128.2200,125.7100,125.7500,2401400
20160427,129.8700,130.8900,127.5600,128.5000,3790400
20160428,127.5100,129.3900,126.2500,128.7200,4307500
20160429,126.3500,127.5000,125.3200,127.3200,2760900
20160502,127.1400,127.8800,126.3000,126.7200,2223300
20160503,126.1200,126.3300,124.9800,125.2600,4564500
20160504,126.7200,126.8000,125.4000,125.7200,2800100
20160505,128.2100,128.2400,126.5800,127.1700,1476200
20160506,129.0600,129.0800,127.0100,127.3200,1506300
20160509,130.2500,131.2900,128.8600,129.3000,2451000
20160510,131.9600,132.0700,130.5900,130.8800,1369700
20160511,130.6900,132.1700,130.0000,131.8200,1748400
20160512,131.9100,132.4300,130.7100,130.8900,1401200
20160513,130.3100,131.8500,130.1300,131.1500,1480500
20160516,131.3300,131.8200,130.3000,130.7900,1415300
20160517,129.8400,131.8000,129.2500,131.3300,2024600
20160518,130.5200,131.2500,129.5100,129.6100,1442600
20160519,129.2300,130.2100,128.4000,129.8800,1222700
20160520,129.3400,129.7000,128.8500,129.6900,3002700
20160523,128.8500,129.5100,128.6900,129.5000,1134600
20160524,130.0500,130.4000,129.5100,129.8100,1022100
20160525,129.7800,130.7500,129.3100,130.3500,1486700
20160526,130.0300,130.2700,129.4700,129.8500,1689100
20160527,130.2200,130.6000,130.0100,130.1000,1105200
