20150529,53.1600,53.4900,52.8100,53.1900,1300700
20150601,53.2900,53.7300,53.0200,53.1200,688700
20150602,52.6500,53.0600,52.0600,53.0300,1153600
20150603,51.7600,52.7100,51.4200,52.5400,730300
20150604,51.4800,51.9300,51.3900,51.5500,574600
20150605,50.6700,50.9900,50.4700,50.9400,930000
20150608,50.0000,50.3300,49.8900,50.3300,768500
20150609,50.0600,50.4000,49.9500,49.9500,1044500
20150610,50.3500,50.6600,50.2100,50.3500,890900
20150611,50.7900,51.1300,50.5100,50.7000,925300
20150612,50.3200,50.7700,50.1300,50.5500,973800
20150615,50.2600,50.6500,50.1800,50.3500,950900
20150616,50.4100,50.5000,50.0300,50.2000,881500
20150617,50.9700,51.0200,50.2900,50.4600,749200
20150618,51.7200,51.9400,51.0600,51.0800,806500
20150619,51.2500,51.9500,51.2200,51.5900,1314800
20150622,51.2500,51.5100,51.0500,51.4100,713700
20150623,50.7700,51.4400,50.6000,51.1800,740600
20150624,50.6400,50.9400,50.4600,50.7500,901900
20150625,50.2200,50.7600,50.1900,50.7000,773400
20150626,50.7900,50.8100,50.0100,50.1800,672400
20150629,50.4000,51.3900,50.3700,50.7600,780700
20150630,50.6500,50.9400,50.4700,50.6400,1691800
20150701,51.1000,51.2000,50.4800,50.5900,1224800
20150702,51.9700,52.0200,51.3900,51.4000,1407900
20150706,52.1900,52.4300,51.6700,51.9200,968600
20150707,53.7100,53.8400,52.2000,52.4000,1341100
20150708,53.4900,53.9100,53.2900,53.5300,1000700
20150709,52.4200,53.6200,52.2800,53.5000,1399700
20150710,53.0200,53.4700,52.2600,52.4200,1043900
20150713,53.0400,53.3900,52.6200,53.1900,916400
20150714,52.7800,53.2400,52.6800,52.9900,914400
20150715,53.2600,53.2600,52.4500,52.7700,841200
20150716,54.1300,54.2200,52.9600,53.2500,816400
20150717,53.6600,54.1900,53.6300,53.9400,884300
20150720,53.1400,53.6100,52.9000,53.5300,732000
20150721,52.7600,53.2100,52.4200,53.0800,701200
20150722,53.0300,53.4100,52.5800,52.7600,838300
20150723,52.2900,53.0000,51.9800,52.9000,695200
20150724,52.5700,52.7100,52.1100,52.2300,554300
20150727,53.3300,53.4900,52.6100,52.6100,713500
20150728,53.3000,53.5900,53.0500,53.2800,957000
20150729,53.8500,53.8600,52.7900,53.1100,1022800
20150730,54.0800,54.4300,53.3500,53.4200,740500
20150731,54.8000,55.5000,54.4800,54.4800,1135700
20150803,54.7800,55.2200,54.5600,54.8700,722000
20150804,54.1600,54.5900,54.0500,54.5100,775600
20150805,54.6000,54.8300,54.1100,54.3300,551500
20150806,55.2900,55.3600,54.2000,54.6200,848900
20150807,56.0400,56.2300,54.8300,55.1600,595500
20150810,55.7100,56.2400,55.5200,55.9600,866300
20150811,56.0700,56.5000,55.5400,55.7500,683100
20150812,56.7800,57.0000,55.4700,55.9100,809600
20150813,57.0100,57.2400,56.0800,56.5000,754000
20150814,57.2600,57.2900,56.6100,56.8600,541400
20150817,57.3700,57.7300,57.1400,57.2900,623600
20150818,57.0500,57.4100,56.8900,57.2300,646200
20150819,57.0300,57.1800,56.0100,56.6800,661300
20150820,56.7700,57.3900,56.3500,56.7200,736800
20150821,56.5400,57.2500,56.2000,56.4800,1226900
20150824,53.8600,56.5400,53.6300,56.5400,1510900
20150825,52.2000,54.7000,52.1500,54.3200,1106900
20150826,53.4700,53.6100,51.6700,51.8300,1526600
20150827,54.0200,54.0400,53.2700,53.6000,751400
20150828,53.9200,54.1900,53.1500,54.0900,657300
20150831,52.8900,53.8100,52.4500,53.7500,932800
20150901,51.4700,52.5400,51.2100,52.2000,1037100
20150902,51.6600,51.9700,51.0100,51.9400,917800
20150903,51.8200,52.1300,51.5900,51.8800,695100
20150904,50.8700,51.4700,50.6700,51.4600,741000
20150908,51.3800,51.3900,50.7400,50.8700,915000
20150909,50.7800,51.6300,50.6800,51.4800,759800
20150910,50.5100,51.1400,50.3700,50.5600,664200
20150911,51.5500,51.5600,50.1700,50.3100,973600
20150914,51.7000,52.1600,51.4800,51.6400,808800
20150915,52.1400,52.3400,51.4400,51.8200,679200
20150916,52.3300,52.6800,51.7900,52.1000,1038200
20150917,52.8400,53.5000,52.0500,52.2100,698900
20150918,52.4100,53.0600,52.3100,52.4000,1254400
20150921,52.9400,52.9900,52.4000,52.6100,629600
20150922,52.4500,52.9400,52.3300,52.6100,548300
20150923,52.7600,52.9000,52.2700,52.3800,443200
20150924,53.2700,53.4500,52.4300,52.5400,794000
20150925,54.0900,54.5900,53.1600,53.4400,732000
20150928,54.0400,54.5100,53.8300,54.0600,795100
20150929,54.7800,55.1300,54.1100,54.1900,1844800
20150930,56.2600,56.3400,54.8200,54.9400,1473900
20151001,55.3900,56.4100,54.8400,56.4100,1317400
20151002,56.0900,56.1200,55.2800,55.7600,1021400
20151005,56.4200,56.4700,55.6700,56.2800,871300
20151006,55.7000,56.3600,55.3600,56.2600,1117500
20151007,55.7300,55.9200,55.4400,55.8100,993200
20151008,56.4400,56.5300,55.4100,55.5500,650500
20151009,55.6900,56.6100,55.5400,56.4400,970400
20151012,56.4100,56.9200,55.6300,55.8200,660800
20151013,56.1600,56.6200,56.0400,56.3300,745400
20151014,56.0900,56.5100,55.9600,56.2800,595000
20151015,57.2800,57.3300,56.1400,56.3000,807800
20151016,57.8900,58.0600,57.2800,57.5200,1148300
20151019,57.9500,57.9700,57.2700,57.6900,619900
20151020,58.2000,58.4400,57.7100,57.8100,615900
20151021,57.7700,58.7000,57.7000,58.4100,672500
20151022,58.5600,58.7400,57.8700,57.9500,532600
20151023,57.2800,58.9400,57.1800,58.5000,906400
20151026,57.0500,57.2800,56.4100,57.2600,1159200
20151027,56.7200,57.1700,56.4000,56.9500,584500
20151028,56.6900,57.3300,55.8500,56.9200,1195100
20151029,57.2800,57.9800,56.0700,56.2400,1861500
20151030,59.2200,59.4900,57.4700,57.4700,1733300
20151102,59.2000,59.4300,58.5200,59.1500,1153100
20151103,58.9400,59.2500,58.4800,58.9700,659800
20151104,59.5100,59.6600,58.9100,58.9200,653400
20151105,59.3300,59.8000,59.2000,59.5000,576100
20151106,57.2000,58.4900,56.6000,58.4900,1098300
20151109,57.6200,57.7000,56.6400,56.9900,871400
20151110,59.6300,59.6800,57.7100,57.7400,1550800
20151111,60.1100,60.1800,59.5100,59.7600,896800
20151112,59.3500,60.4700,59.3100,60.0000,858200
20151113,58.9000,59.9100,58.7200,59.3800,974000
20151116,59.9500,59.9600,58.7400,58.8600,845100
20151117,58.6900,60.1800,58.5200,59.7600,669000
20151118,59.0600,59.1300,58.1600,58.7100,641900
20151119,60.0000,60.1700,59.0400,59.2800,724200
20151120,60.3100,60.4900,59.8800,60.1200,739100
20151123,59.5600,60.5000,59.4200,60.3500,732100
20151124,59.5800,59.7700,59.1100,59.2200,762600
20151125,58.9300,59.5000,58.7300,59.5000,1210800
20151127,59.2500,59.4400,59.0100,59.0600,316000
20151130,59.1400,59.7400,59.1100,59.3200,773900
20151201,59.7100,59.8700,59.1400,59.4100,786300
20151202,58.4600,60.0000,58.3500,59.4900,869900
20151203,57.7500,58.3300,57.4900,58.0900,963900
20151204,59.1600,59.2100,58.0000,58.0700,729900
20151207,59.7300,59.7800,58.8100,59.0100,957600
20151208,59.0100,59.3800,58.6100,59.0800,1517100
20151209,58.7100,59.5600,58.5100,58.8500,1124900
20151210,56.9800,58.6900,56.9000,58.6000,902100
20151211,57.4500,57.5100,56.5000,56.7500,986200
20151214,58.5100,58.5500,57.2100,57.4700,1410700
20151215,59.3800,59.5300,58.3200,58.4800,1241100
20151216,61.1000,61.2100,59.4800,59.5300,1367900
20151217,61.4300,61.9500,60.9700,61.1000,741200
20151218,60.3400,61.3100,59.9500,61.1500,1601600
20151221,60.2200,60.8700,59.7000,60.5500,730300
20151222,60.3900,60.4700,59.2600,60.3000,770000
20151223,61.2000,61.3800,60.6000,60.6000,749400
20151224,60.9400,61.1300,60.6500,61.0600,320100
20151228,61.2100,61.3600,60.5500,60.7500,731600
20151229,61.4400,61.8600,61.2700,61.7000,476600
20151230,61.3000,61.7900,61.2800,61.4400,534800
20151231,60.4900,61.3000,59.9000,61.3000,586700
20160104,60.6700,60.7000,59.7800,60.5100,1104800
20160105,61.0600,61.1600,59.7000,60.6500,882100
20160106,61.0100,61.4200,60.6000,60.6700,1114200
20160107,60.9500,61.0800,60.2600,60.3600,1293400
20160108,60.7000,61.6600,60.5800,60.9800,1082500
20160111,60.8900,61.4200,60.4600,60.7500,1016100
20160112,60.6200,61.2300,60.0300,61.0800,1001600
20160113,60.2300,60.9800,60.1000,60.7000,1176500
20160114,61.1500,61.6100,59.8000,60.1900,1286000
20160115,60.5300,61.0000,59.6900,60.4100,1317600
20160119,61.5600,61.7500,60.8000,60.9300,896800
20160120,60.1300,61.5800,59.4600,61.2500,997800
20160121,60.0800,60.6400,59.5400,60.1800,838300
20160122,61.1700,61.2300,59.8800,60.3900,814700
20160125,60.5400,61.2200,60.2700,61.1500,675000
20160126,60.6500,61.5000,60.4000,60.5800,647300
20160127,60.5200,61.0400,60.0000,60.6100,652300
20160128,61.3900,61.7800,60.4000,60.6000,1023900
20160129,62.9500,63.1900,61.8600,61.9400,1686100
20160201,64.1700,64.6500,62.7500,62.9900,1208800
20160202,64.6700,64.7200,63.3300,64.0800,995600
20160203,65.9000,66.4300,64.8000,64.9400,1637500
20160204,65.1900,66.2800,65.0500,65.9100,1307400
20160205,64.5600,65.5300,63.4900,64.8500,2162400
20160208,64.4800,65.5900,64.2500,65.2100,1501300
20160209,65.2800,65.6100,64.4100,64.6600,1196800
20160210,65.1800,65.5400,64.2700,65.0900,1170300
20160211,64.5500,65.6100,64.4400,65.0200,988300
20160212,64.4000,64.9500,63.8400,64.6800,797000
20160216,64.7800,64.9900,64.0000,64.7200,1019100
20160217,64.6500,65.0200,64.1100,64.8100,1269100
20160218,65.8000,66.1300,63.5900,64.9700,1293300
20160219,65.3800,66.2700,65.1400,65.8000,948800
20160222,65.7200,66.0300,65.2200,65.5600,689300
20160223,66.0100,66.3000,65.3000,65.6000,690100
20160224,66.4900,66.5600,65.8300,66.0000,822800
20160225,66.7800,66.9000,66.2200,66.6900,710800
20160226,64.8200,66.4400,64.7900,66.4400,735300
20160229,65.0200,65.7100,64.5100,64.8100,1019300
20160301,64.2900,65.4400,64.1500,65.4300,867800
20160302,65.0600,65.1600,62.8500,64.2900,1207400
20160303,65.0800,65.3600,64.2900,65.0600,1269500
20160304,65.9400,66.0200,64.5000,64.8500,1282100
20160307,65.8300,66.1900,65.4200,65.6400,946700
20160308,66.1600,66.4600,65.1100,65.6000,1206800
20160309,66.6100,67.0800,65.9500,65.9500,873500
20160310,66.7700,67.1300,65.9500,66.5300,997000
20160311,67.1700,67.5800,66.6200,67.1600,802000
20160314,66.8500,67.2300,66.5000,67.1100,564500
20160315,67.5300,67.6000,66.5300,66.5600,644600
20160316,67.8500,67.9700,66.4200,67.2800,613900
20160317,68.1200,68.2500,67.3200,68.0000,1274600
20160318,68.1900,68.4700,67.5200,68.3100,2895500
20160321,68.2400,68.5000,67.1300,68.1500,930400
20160322,67.8800,68.4500,67.7300,68.2500,670400
20160323,68.2900,68.6600,67.5300,67.8900,595800
20160324,68.8400,68.9500,67.9200,68.2000,741500
20160328,68.8000,69.6400,68.5000,68.9500,525200
20160329,69.9700,70.0300,68.7200,68.8100,678300
20160330,69.5000,70.0200,69.0600,70.0200,872900
20160331,70.1500,70.3500,69.5000,69.7000,937100
20160401,71.1000,71.2000,69.9500,70.3300,1175700
20160404,70.9000,71.2700,70.1700,71.0600,895900
20160405,69.7600,70.9000,69.5800,70.6000,943400
20160406,69.9300,69.9500,69.3400,69.6400,923200
20160407,69.5300,70.3400,69.4500,69.7200,1133600
20160408,69.6300,70.2000,69.3900,69.8200,1364400
20160411,69.1500,70.0800,69.1100,69.6500,594100
20160412,69.7700,69.8100,69.1300,69.3100,473900
20160413,69.6600,69.7900,68.9600,69.7900,809700
20160414,69.2500,69.7100,69.1300,69.4200,438700
20160415,69.8100,69.9800,69.2200,69.3600,618700
20160418,69.9100,70.0000,69.3500,69.8300,534100
20160419,69.8800,70.0000,69.4200,69.9400,647800
20160420,68.1300,69.9800,68.0800,69.8300,763200
20160421,66.3900,67.9900,66.1500,67.9900,764100
20160422,66.5300,67.1300,66.2600,66.6800,730900
20160425,66.8900,67.0100,66.2900,66.5100,765200
20160426,66.4900,66.9700,66.2000,66.9100,1137700
20160427,67.0600,67.4700,66.1900,66.7800,1016500
20160428,67.8100,67.9400,66.0200,66.2900,894000
20160429,68.6900,68.7900,67.2400,67.6200,1064900
20160502,69.5500,69.8800,68.4500,68.6100,863800
20160503,69.6800,69.9800,69.1300,69.7300,599000
20160504,70.5400,70.9800,69.3900,69.4200,794100
20160505,70.0100,71.2200,69.7400,70.3800,780000
20160506,69.6800,69.9800,68.9500,69.9800,613500
20160509,69.8700,70.0500,69.2900,69.8300,763000
20160510,69.8200,70.0800,69.5100,69.9800,659800
20160511,69.7800,70.0600,69.2000,69.8200,658200
20160512,70.5700,70.6900,69.4300,69.7600,871100
20160513,70.3900,70.6500,69.8400,70.5300,555400
20160516,70.6400,70.7000,69.7200,70.1800,838800
20160517,68.8100,70.5200,68.3900,70.3400,897800
20160518,67.4100,69.1100,67.2800,68.4000,980400
20160519,68.3500,68.3800,66.5800,67.0600,683300
20160520,68.4100,68.7300,67.9000,68.6000,3100000
20160523,67.7400,68.9800,67.6400,68.6200,676600
20160524,68.7400,68.8300,67.1100,67.9200,652800
20160525,68.5100,68.7000,68.0100,68.5500,620300
20160526,69.4100,69.5100,68.2700,68.4200,605600
20160527,69.7100,69.8000,69.0200,69.4100,685400
