20150529,129.3300,133.7700,128.9600,132.8100,1118300
20150601,129.6800,130.6000,128.7600,129.8000,668700
20150602,129.9100,131.0200,129.1700,129.3600,585000
20150603,131.9600,132.0300,129.5700,129.8300,515900
20150604,130.9100,132.9300,130.0000,130.7300,569600
20150605,131.0000,131.4400,130.0000,131.1300,343800
20150608,129.3100,131.5900,129.2300,131.1400,441300
20150609,130.4900,130.8300,129.3400,129.9200,578100
20150610,131.3300,131.8700,130.5500,130.7200,432700
20150611,130.5900,132.9800,130.1800,131.9400,472500
20150612,131.1900,131.8700,130.3700,130.4200,319300
20150615,130.5700,131.7100,129.7200,131.7100,510700
20150616,131.7200,132.2700,130.0300,130.6000,492900
20150617,132.3200,133.3000,131.6400,132.1600,359000
20150618,133.2300,133.7500,132.2900,132.2900,307500
20150619,131.5100,133.3200,131.4600,133.3100,612500
20150622,132.6000,133.9200,131.7900,133.0700,485200
20150623,133.1000,133.9900,132.4300,132.9100,462700
20150624,130.1600,133.1800,129.4200,133.1800,676200
20150625,130.4600,132.0200,129.5400,132.0200,808600
20150626,130.7800,131.7200,129.6700,130.9600,1133100
20150629,127.7200,130.3900,127.7000,129.9600,507900
20150630,128.2400,128.9200,127.7700,128.7300,554000
20150701,127.1300,129.4000,125.2100,129.4000,506700
20150702,126.6900,129.9400,126.1400,127.5400,419900
20150706,126.2500,128.1300,125.0600,125.3600,472900
20150707,125.0100,126.9100,123.2900,126.6900,1195400
20150708,121.7400,124.5400,121.6000,123.6600,1010000
20150709,120.7300,123.8400,120.0800,123.0000,1280400
20150710,121.6400,122.4800,120.8000,122.0600,589000
20150713,123.4700,123.8200,122.3500,122.7800,723100
20150714,124.2400,124.7100,123.0600,123.5800,430900
20150715,123.5700,125.2700,123.1800,124.1600,482500
20150716,122.8800,124.5200,122.7700,123.8400,546400
20150717,122.2800,123.0500,121.6300,122.9100,431400
20150720,122.6500,123.1900,121.2500,122.3100,455800
20150721,122.9600,123.8500,121.3900,122.7800,465800
20150722,123.7000,123.8200,122.4100,122.4100,319600
20150723,123.4900,125.3200,123.1500,123.7300,543300
20150724,121.0400,123.7400,120.7500,123.3000,296600
20150727,118.6200,121.9400,118.3100,121.5100,1437200
20150728,120.8700,121.4200,118.4700,119.2100,16789000
20150729,121.7800,122.5900,120.7000,120.9800,896600
20150730,121.8500,121.9900,120.5900,121.3900,613700
20150731,121.2200,121.9900,120.1400,121.6000,696800
20150803,121.3100,121.6700,120.0600,121.3100,663400
20150804,121.5300,122.3100,120.9100,121.4500,500900
20150805,121.9800,123.3300,121.5500,122.5000,387200
20150806,120.0500,121.9000,119.6900,121.8200,367500
20150807,120.3400,120.6400,119.2300,119.9200,309300
20150810,121.6100,122.0900,120.7800,121.4300,411300
20150811,119.9900,121.0700,119.5800,120.4600,482900
20150812,119.7500,119.9300,117.8500,118.9900,482500
20150813,120.3400,121.2400,119.4600,119.8300,474200
20150814,121.1400,122.1200,119.9400,120.5600,510100
20150817,123.3200,123.5000,120.6600,120.8700,427000
20150818,124.1300,125.1100,122.1400,123.1900,494400
20150819,126.5000,127.5700,123.6900,125.0500,1181300
20150820,125.7700,127.5500,125.7300,126.0200,1128900
20150821,123.1200,125.1800,122.3700,124.5100,856500
20150824,119.7700,120.3600,116.9700,120.3600,1471300
20150825,117.5600,122.3800,117.5000,120.9600,838900
20150826,121.2900,121.3800,116.4200,119.5700,1505200
20150827,138.8200,139.9000,131.6100,133.3300,2540800
20150828,139.6600,141.5900,137.4400,139.9200,1061100
20150831,138.0000,142.9300,137.9800,139.3300,1209300
20150901,134.0500,136.8200,133.1600,135.7500,1428500
20150902,138.0800,138.1200,133.8300,135.6100,687400
20150903,137.1600,139.8800,136.4200,138.3800,794200
20150904,136.5300,138.4200,135.4400,136.6100,621500
20150908,139.7900,140.4700,137.1100,137.1700,605200
20150909,137.6800,142.0800,137.3200,141.1400,442200
20150910,137.9200,139.2100,137.0800,137.7100,724400
20150911,139.2400,139.3200,136.3800,137.1800,416100
20150914,138.3200,139.5200,137.2700,138.9700,391900
20150915,137.4200,138.8200,136.5000,138.6800,702600
20150916,138.7200,138.9500,136.3400,137.2200,516500
20150917,137.8600,140.4700,137.4900,138.8000,485000
20150918,136.8700,138.8400,135.9800,136.1800,940500
20150921,138.5800,138.8800,136.3300,137.8000,410200
20150922,138.6000,138.9600,136.3400,136.8400,522600
20150923,141.6700,142.7400,138.3600,138.3600,987900
20150924,141.6000,142.0300,139.3800,140.5400,730200
20150925,140.0100,142.8700,138.9100,142.7000,500600
20150928,137.9400,140.9000,136.0800,139.5400,587600
20150929,133.8000,138.8900,132.7800,137.7200,1145600
20150930,136.1300,137.0100,133.2800,135.1900,821200
20151001,134.9700,136.9500,133.7000,136.7500,637000
20151002,136.4500,136.4600,131.9500,133.8800,636300
20151005,138.2900,138.7100,136.6100,137.5600,608300
20151006,136.1500,139.1100,135.0800,138.2200,530400
20151007,138.3000,138.3800,135.3100,137.4300,773900
20151008,141.9300,142.5200,137.8700,137.8700,738100
20151009,143.0000,143.5800,140.1600,141.7200,737800
20151012,144.7600,146.7200,142.8600,143.0500,846000
20151013,142.6600,145.1600,142.3100,144.2900,452700
20151014,140.9200,143.3300,140.3500,142.3600,448400
20151015,141.6500,143.1000,140.5700,141.3800,777500
20151016,142.9900,143.9300,141.3400,142.7500,573700
20151019,146.0700,146.1600,141.1400,142.6000,697300
20151020,145.8600,150.6500,145.2200,146.9400,913600
20151021,146.3400,147.0700,144.8700,146.0600,829800
20151022,147.5900,149.4300,146.8900,147.7000,768900
20151023,144.7600,148.4300,144.4400,148.3200,1135600
20151026,147.7800,148.2200,144.2100,144.9100,582600
20151027,147.7000,147.9500,145.7800,147.4400,363600
20151028,149.4700,149.9700,147.1200,147.8900,588900
20151029,150.5700,151.0000,148.9000,149.7000,516400
20151030,150.9400,152.2700,148.9600,150.5200,477000
20151102,149.1700,150.9300,147.7400,150.8600,662400
20151103,148.1600,148.9000,147.1900,148.7400,602200
20151104,148.2000,149.5500,147.4500,148.2900,424700
20151105,147.7600,149.6900,146.6500,148.8600,347900
20151106,146.6400,148.2500,144.6500,147.4000,451000
20151109,146.8500,147.4200,143.5400,146.5200,723600
20151110,149.7300,150.0700,146.4700,146.7300,665300
20151111,145.0600,150.5000,144.8700,149.6100,613800
20151112,141.1400,147.7400,140.9500,144.6000,688800
20151113,136.4200,140.3300,134.3800,140.1100,1546200
20151116,138.6500,138.6500,135.1200,136.2100,660100
20151117,137.9200,140.2000,136.6600,139.7100,836400
20151118,140.5900,141.3000,137.2600,138.4200,962700
20151119,139.7100,141.0000,138.0100,141.0000,746400
20151120,137.6000,141.9400,137.1400,140.8600,1783600
20151123,140.6500,141.9800,137.6100,137.8100,2062100
20151124,134.8900,137.8000,131.7100,135.4500,4604400
20151125,135.3900,136.7600,134.5000,134.5600,861500
20151127,133.0400,135.8300,132.1400,135.2800,499200
20151130,131.3900,133.0000,129.5500,132.6800,1351600
20151201,131.0400,132.6900,128.5100,132.1800,3270700
20151202,129.4400,132.5200,128.8600,130.7500,1253800
20151203,127.9600,130.8400,127.2000,129.9000,1379700
20151204,130.0300,130.6600,127.0300,128.2100,1094300
20151207,127.4800,130.3500,126.6500,129.5200,1421700
20151208,124.8700,127.4600,124.2800,126.3500,1302700
20151209,121.0300,125.4900,119.8900,124.0000,2256300
20151210,121.4500,123.1900,119.9600,121.3700,1536000
20151211,117.3500,121.3100,116.6200,120.5400,1811300
20151214,116.7900,117.6000,115.1300,116.8000,1325900
20151215,116.9900,117.8900,115.8000,117.6800,1345900
20151216,117.0000,119.6000,115.8700,117.9700,1326200
20151217,116.4200,117.7400,116.3200,117.0600,1027200
20151218,114.9700,117.0000,114.8800,115.5300,1118600
20151221,117.4700,118.6500,114.7700,115.2400,1198600
20151222,120.7200,121.7500,116.0100,117.6800,1630200
20151223,121.8900,123.6800,121.1800,121.4200,1137000
20151224,119.6400,121.1200,118.9700,121.1200,506100
20151228,120.8900,121.9100,119.6700,120.0100,1244100
20151229,121.9200,122.7900,121.2200,121.5800,922000
20151230,121.7700,122.1800,120.3100,121.7000,762100
20151231,123.6900,125.5800,121.2100,121.5800,1711600
20160104,124.8300,125.5200,121.3600,121.9100,2173400
20160105,125.5800,127.0600,122.3900,125.2300,1779300
20160106,127.3100,127.9000,123.6900,124.1000,2765300
20160107,133.2800,135.5900,127.6100,128.0000,3500800
20160108,126.9300,135.2300,125.7200,133.7200,2834900
20160111,126.1800,127.8000,124.4000,127.2600,1866900
20160112,126.9500,129.6500,124.4600,127.5000,998600
20160113,124.0200,127.9300,123.7700,127.5000,1197800
20160114,124.5000,125.7400,121.5000,124.2600,1576500
20160115,121.5200,124.1100,118.7400,121.5900,1755900
20160119,122.2100,125.3600,120.3100,122.1600,1300500
20160120,120.6400,122.0700,116.4900,120.8700,1126500
20160121,119.5300,122.3200,118.4600,120.9800,1272300
20160122,122.5400,123.3400,120.1500,120.8600,776300
20160125,118.7100,122.4000,117.9000,122.4000,950400
20160126,118.6000,119.7200,116.7400,119.0000,1099100
20160127,118.6200,119.9200,117.2400,119.0200,973100
20160128,113.3900,119.0000,112.5700,119.0000,1941900
20160129,116.0000,116.3500,110.1400,114.3600,1925100
20160201,120.6200,120.8600,114.7600,115.7200,1618700
20160202,115.1900,120.5100,114.3700,119.1500,1474500
20160203,111.3300,116.2400,109.1300,115.7700,2394900
20160204,109.8200,111.9800,108.5900,111.0900,1449900
20160205,105.1800,109.9700,103.3200,109.2300,2718100
20160208,100.4400,105.7500,98.1500,104.6700,2062300
20160209,96.2800,101.1600,94.0100,99.7000,2489800
20160210,96.9100,99.5000,96.1500,97.0600,1725500
20160211,94.7100,96.5700,93.4500,95.0000,1460100
20160212,98.6300,99.0400,94.3600,95.5100,1131400
20160216,104.1500,105.4800,100.0000,100.1000,1916200
20160217,105.3700,107.5700,103.3200,105.3100,1799000
20160218,103.9300,104.9600,102.0600,103.3000,1504400
20160219,103.8200,105.8000,102.2800,104.1600,1132400
20160222,103.0400,104.5000,102.4700,104.0500,1276600
20160223,100.1700,103.0000,98.7500,102.8300,2224500
20160224,97.9700,98.3200,95.8800,98.2600,3060900
20160225,97.1700,99.6100,96.0500,98.0100,1585300
20160226,99.1300,100.3700,96.7700,98.0200,1588800
20160229,108.4000,112.4900,108.0000,109.0000,6490600
20160301,112.4600,112.9500,109.7700,110.5700,2216800
20160302,112.9600,115.4000,111.3800,112.2600,1629500
20160303,112.0000,114.7800,111.0000,111.9300,2319900
20160304,111.8600,113.4900,111.3300,112.3100,1247900
20160307,112.1600,113.0900,111.3100,111.3100,1215600
20160308,109.0100,112.1500,107.4900,111.4900,1158000
20160309,108.0900,110.9200,106.3000,110.0000,1369500
20160310,109.6500,111.3700,107.7400,109.5100,966900
20160311,111.2100,112.4800,109.9200,110.2400,970700
20160314,111.9500,112.5000,110.3900,110.6400,1461300
20160315,111.5500,111.8900,110.3000,111.2600,936400
20160316,113.5200,114.6700,111.4200,111.4200,1151100
20160317,116.0500,116.8800,113.1500,113.5000,1367600
20160318,117.4300,118.8000,115.6500,116.8200,1577300
20160321,118.0300,118.1900,116.2200,117.2700,1015900
20160322,118.2900,119.0400,116.5300,116.9200,1008100
20160323,118.0100,118.9400,115.7100,118.2900,1402400
20160324,121.4200,125.4500,120.0400,124.7600,3463400
20160328,122.7500,123.6700,120.8100,121.7000,1442700
20160329,122.9100,123.8300,121.6500,122.8500,1166000
20160330,119.6800,123.8000,119.6300,123.0500,1898200
20160331,124.0300,124.1000,120.2900,120.8000,1202300
20160401,123.9700,124.8500,122.5100,123.0000,1484600
20160404,121.0300,124.0900,120.8000,124.0000,881700
20160405,119.8600,121.0900,118.5000,119.5400,591500
20160406,120.0400,121.3400,118.9900,119.9100,671800
20160407,116.0700,121.4700,115.3300,119.6700,1523900
20160408,114.0000,117.2700,112.8600,116.6200,1491800
20160411,112.2500,115.0200,111.8400,114.9200,1214600
20160412,112.5100,113.1200,110.5800,112.4100,891100
20160413,115.3800,115.8500,112.9900,112.9900,1250800
20160414,112.6000,115.4700,112.4900,115.4700,1449700
20160415,112.1000,113.3400,111.0100,112.7300,851600
20160418,113.2100,113.7900,111.4000,111.4000,964900
20160419,111.8900,114.0000,110.3600,113.8800,777100
20160420,112.1900,113.1500,109.8300,112.2300,1316000
20160421,112.1100,113.0700,111.9100,112.8000,685700
20160422,111.9100,113.0200,111.4600,112.0000,968300
20160425,109.3600,111.6800,109.1000,111.6800,788800
20160426,111.5100,111.6800,108.4200,109.0800,722700
20160427,111.9200,112.4100,110.5100,111.0800,446200
20160428,108.6900,111.8100,108.4100,110.1500,639700
20160429,108.5600,108.8800,107.0700,108.4800,649600
20160502,109.4800,109.8100,108.0100,109.2300,553000
20160503,109.4000,111.1300,107.7500,108.2100,865200
20160504,109.4800,110.1400,108.2800,108.4300,509200
20160505,108.7000,109.6200,107.9000,109.3000,906200
20160506,107.9900,108.8300,105.7900,108.0100,897100
20160509,107.6200,108.6700,107.3600,107.9300,852800
20160510,108.1100,108.9900,107.1800,107.1800,960100
20160511,103.9800,106.9600,102.1500,106.7700,2339600
20160512,104.1000,105.6800,103.1100,103.9800,904000
20160513,103.1000,104.4000,102.2400,103.9800,1206200
20160516,106.2000,106.9500,103.0300,103.0300,992900
20160517,106.1000,108.4400,105.0800,106.3200,787000
20160518,106.7600,107.5400,105.0600,105.3200,793500
20160519,108.6700,109.1300,105.2300,106.0600,1388700
20160520,107.2000,108.6700,106.0600,108.5100,1192400
20160523,107.9500,109.4200,106.7800,107.3700,1452400
20160524,105.7800,108.5200,105.5500,108.0300,1751500
20160525,108.3700,108.8100,105.9500,105.9700,2235800
20160526,97.0000,109.0900,95.9900,108.9800,9939600
20160527,99.5800,99.8000,96.0500,96.0800,3782600
