20150529,118.5500,119.8600,118.4800,119.5800,538000
20150601,118.4200,118.9300,118.0400,118.6800,472900
20150602,118.5500,118.9200,117.4600,118.4200,589600
20150603,118.1900,118.7300,117.7900,118.7300,637900
20150604,113.7500,116.5600,113.0700,115.6800,3078900
20150605,111.3200,113.7300,110.8700,113.5100,2032000
20150608,110.4800,111.9800,110.2600,110.9400,1497700
20150609,111.6000,111.8800,110.0500,110.5100,1020700
20150610,111.5700,112.2600,110.8900,111.7000,796600
20150611,111.7500,112.3400,111.3600,111.6300,579200
20150612,111.2900,111.7500,111.0700,111.2800,426600
20150615,110.9900,111.3900,110.3400,110.8600,885500
20150616,112.3500,112.5300,110.9200,111.3900,493200
20150617,112.7200,112.9800,111.6800,112.1800,516300
20150618,113.3200,114.0900,112.2400,112.9600,624700
20150619,113.4800,114.4700,113.1500,113.1500,1569200
20150622,113.6800,114.3100,113.4700,113.7600,404000
20150623,112.8100,113.6700,112.7100,113.6700,823500
20150624,111.7000,113.2600,111.1000,112.8600,823800
20150625,110.9300,111.9400,110.8500,111.6800,681200
20150626,110.6200,111.6500,110.5100,111.3700,1604000
20150629,108.3800,110.3600,108.2900,110.1900,1133200
20150630,108.4100,109.3700,108.2600,109.0900,1024500
20150701,109.2100,109.4300,108.4100,108.8200,760300
20150702,108.7500,109.8400,108.4900,109.5200,857800
20150706,108.0300,108.6800,107.3800,108.0200,1377100
20150707,109.8100,110.1800,107.6400,108.2900,911300
20150708,108.4600,109.7200,108.4400,109.3800,763400
20150709,108.3000,109.9300,108.2700,109.6900,534000
20150710,107.5900,108.5400,106.2600,106.4000,2894400
20150713,108.7000,109.3400,108.1400,108.4200,901200
20150714,108.5400,108.7900,107.7200,108.7600,789400
20150715,108.1100,109.0400,107.1000,108.6300,1100900
20150716,108.6100,109.0000,108.2500,108.4600,395300
20150717,108.4600,108.9400,107.5600,108.9400,431100
20150720,108.0700,108.3800,107.6500,108.3800,424800
20150721,107.3800,108.4000,107.2700,108.1500,595900
20150722,107.4300,108.3600,107.1700,107.4400,479400
20150723,106.9300,107.8600,106.6600,107.3400,421200
20150724,105.5900,106.9600,105.2900,106.7900,598200
20150727,105.9800,106.0100,104.8100,105.1900,609400
20150728,108.7100,108.7100,105.7600,106.3300,937600
20150729,109.7700,110.5300,108.3900,108.9500,919300
20150730,110.7600,110.9000,108.7400,109.3000,848600
20150731,111.6900,112.0800,110.5500,111.0600,1219400
20150803,111.9000,111.9600,111.1800,111.4300,442200
20150804,112.1000,112.5800,111.5400,111.7900,705200
20150805,113.4900,113.5800,111.7700,112.3600,626700
20150806,111.7600,113.6700,111.1200,113.3600,1393500
20150807,110.0400,111.5900,109.7800,111.0500,712500
20150810,110.5100,110.9900,109.6200,110.4200,596300
20150811,108.9000,110.0000,108.6900,109.7200,1038500
20150812,109.3500,109.3600,106.5000,107.7500,643200
20150813,108.6300,109.5500,108.6000,109.5500,363600
20150814,109.3800,109.7400,108.4300,108.9300,383400
20150817,109.0100,109.3100,107.1700,109.1100,464500
20150818,108.9700,110.1300,108.6300,109.0200,650600
20150819,111.8800,112.9100,110.3200,110.6300,1469400
20150820,111.7600,112.9400,111.0100,111.4000,925700
20150821,109.9000,111.4600,109.7500,111.0400,961700
20150824,108.1200,110.7900,104.3000,106.1900,2081400
20150825,106.8500,110.9200,106.7500,110.0200,1420700
20150826,109.1500,109.5100,107.0300,108.9100,1512600
20150827,116.2900,117.2600,113.4000,113.6900,2180000
20150828,117.5900,117.6500,115.5600,116.2300,1222100
20150831,117.7200,118.5000,116.6500,117.3400,1257700
20150901,114.0200,117.5900,113.3300,116.6400,967300
20150902,115.6400,115.6400,114.2900,114.8300,803700
20150903,116.8800,117.3100,115.9200,116.1800,853300
20150904,115.6100,116.2400,114.5600,115.5300,766200
20150908,116.3500,117.2700,115.6600,117.0200,909000
20150909,114.6000,117.4200,114.3200,117.4200,949400
20150910,114.5700,115.6100,113.6100,114.6200,685900
20150911,116.1100,116.1600,113.7900,114.3300,812700
20150914,115.6300,116.7200,115.1900,116.1200,870700
20150915,116.2200,116.4700,114.7800,116.0900,654100
20150916,117.5300,118.0500,116.7000,116.7000,860100
20150917,116.7800,118.0900,116.1300,117.2200,1005100
20150918,116.5700,117.0100,115.8700,115.9900,1546000
20150921,117.0500,117.9300,116.8200,117.3200,689100
20150922,113.2200,114.0900,112.1200,113.3700,4857000
20150923,113.5500,114.0900,112.7500,113.4900,992700
20150924,113.4300,113.8400,112.5300,113.1000,1452100
20150925,114.3600,115.0800,113.5200,113.5200,1577100
20150928,113.0100,115.7300,112.2700,114.2300,1907800
20150929,112.5400,113.3500,112.0100,112.7800,1538100
20150930,114.0900,114.9400,113.0100,113.7300,1398400
20151001,113.6100,114.6600,112.4000,114.1100,1147200
20151002,115.6500,115.8300,106.8700,108.0600,3328200
20151005,116.7300,117.0000,115.9200,116.6300,1472400
20151006,114.8200,117.0100,114.6600,116.9800,738300
20151007,115.9900,116.2900,115.0500,115.1200,716500
20151008,116.9600,117.4000,115.1600,115.7800,730100
20151009,118.0900,118.6500,116.6500,116.8800,867000
20151012,118.4200,119.0800,117.9600,118.1600,516600
20151013,118.8100,119.5700,118.0100,118.0200,1131000
20151014,119.3000,119.9700,118.5300,118.6500,1056900
20151015,119.6200,120.4400,118.6300,120.0500,1048300
20151016,119.1000,120.1600,118.5000,120.0000,893700
20151019,118.7700,120.0700,118.5800,119.1300,710500
20151020,114.9100,117.9300,112.8500,117.4600,2893600
20151021,115.6200,116.9000,114.9500,115.2400,1131100
20151022,118.2700,118.5300,116.4800,116.4800,951000
20151023,118.2700,119.1900,117.5500,118.5900,441400
20151026,117.3200,118.4100,117.0100,118.1000,561000
20151027,117.1000,117.5600,115.8100,116.2300,800700
20151028,116.3500,117.6700,115.7500,117.1800,945300
20151029,116.6900,116.9600,115.3300,116.1600,563800
20151030,117.3900,118.1800,115.9300,116.4100,882900
20151102,117.4200,117.8000,115.9700,117.3000,697800
20151103,117.2100,117.6200,115.5100,116.7600,940500
20151104,117.6200,117.7700,116.8900,117.4100,515000
20151105,117.9700,118.0300,116.7300,117.7900,513000
20151106,115.0000,118.0100,113.8600,118.0100,1207800
20151109,114.9100,115.0300,113.6100,114.8200,812700
20151110,114.7200,115.6300,113.4100,114.2600,768300
20151111,115.2400,115.7600,114.6500,114.9200,392100
20151112,113.3300,115.4700,113.2500,114.7500,602600
20151113,111.7400,113.2000,111.0100,113.0200,1073400
20151116,113.3300,113.3400,111.4400,111.4400,523600
20151117,112.1100,114.4100,111.6300,113.3000,765200
20151118,113.3800,114.3900,112.1200,112.1400,1426300
20151119,121.2800,123.9800,116.4200,118.0700,3654400
20151120,122.3900,123.1600,121.6300,122.1500,1196600
20151123,122.5400,124.7700,122.5200,122.9700,1488700
20151124,122.1400,122.3100,119.5000,120.6200,2772300
20151125,122.9400,123.4600,122.5100,122.8800,1061300
20151127,123.2600,123.9700,122.6300,123.0900,293900
20151130,121.1900,123.9100,121.1500,123.6600,921500
20151201,120.8100,122.4900,120.6500,121.7800,1189600
20151202,120.6200,121.9300,120.4400,120.8000,948000
20151203,120.3000,121.2000,118.9900,121.0400,899000
20151204,123.1400,123.2900,120.6900,120.6900,669000
20151207,123.6700,124.0000,122.9700,123.0400,735500
20151208,123.4800,124.2600,122.6100,123.0400,969900
20151209,122.5900,124.4400,121.7000,123.0400,557000
20151210,122.0100,123.5000,121.7300,122.6700,636400
20151211,120.5800,122.0700,120.2600,120.7600,576200
20151214,120.1700,121.2500,118.9700,120.6500,1275700
20151215,122.0400,122.2600,120.5600,120.6300,768400
20151216,124.0700,124.2700,121.4300,123.0200,1513700
20151217,123.6400,124.9500,122.6100,124.0700,1010600
20151218,121.5500,122.9100,121.2200,122.8200,1480000
20151221,123.0000,123.1900,122.0300,122.1500,804500
20151222,122.9700,123.2700,121.4100,122.2800,1126300
20151223,124.8600,125.0000,123.2800,123.8900,655400
20151224,124.7800,125.0100,124.3300,124.4500,206100
20151228,124.2300,124.7300,123.6100,124.6900,561900
20151229,124.8000,125.3300,124.5200,124.8900,436200
20151230,123.9500,124.9600,123.9200,124.9600,404500
20151231,123.3400,124.0800,122.1800,123.7100,413300
20160104,122.3800,122.5700,121.2500,121.6000,1183000
20160105,123.3000,123.6900,121.8700,122.1700,1242600
20160106,122.4000,123.3800,121.6300,121.7500,1050800
20160107,120.3100,121.6600,119.9300,121.2300,1020700
20160108,120.0400,121.1400,119.9200,120.6400,1316600
20160111,120.7400,121.2600,119.6000,120.6000,822100
20160112,121.6700,122.1600,120.2500,121.6000,883600
20160113,119.1600,122.1800,119.0600,122.0000,926100
20160114,120.3000,120.9000,118.8000,119.2200,700100
20160115,118.2600,118.9800,117.6100,118.9800,1107900
20160119,119.7300,120.3500,118.5300,119.5100,947200
20160120,119.3800,120.1900,117.3600,118.4800,1149900
20160121,119.2600,119.8700,117.9200,119.3800,994300
20160122,122.8900,122.9700,119.9600,120.3800,1182400
20160125,121.8500,123.6200,121.6800,122.4300,733600
20160126,122.9300,123.4700,121.9500,122.0200,480300
20160127,124.4400,125.3900,123.0700,123.0700,1173200
20160128,126.2900,127.6200,124.9100,125.1000,1044100
20160129,128.3200,128.4300,126.3300,127.0600,1024000
20160201,129.1300,129.6900,127.4800,127.8900,824000
20160202,128.3300,129.4500,127.3200,127.8500,785700
20160203,129.3700,130.0000,127.5000,128.7400,996100
20160204,125.9300,129.3500,125.1000,128.6100,1041000
20160205,125.4700,126.7300,125.0400,126.1600,588800
20160208,125.6900,126.0800,123.1800,124.7900,1059100
20160209,127.3500,128.1200,124.9400,125.3900,956700
20160210,127.8200,128.9300,126.7300,127.3500,688700
20160211,126.1500,127.2400,125.0600,126.2500,1017200
20160212,126.9200,127.5700,125.7600,127.5100,799700
20160216,127.7000,128.7100,125.7400,128.5400,836200
20160217,127.4300,129.7200,126.0800,128.3800,1511500
20160218,127.5300,128.3400,125.7800,127.5000,1531200
20160219,127.7500,127.8400,125.5100,126.5700,982200
20160222,126.8600,129.0000,126.5200,128.6700,1274000
20160223,123.8500,125.5200,121.7900,123.5000,2690000
20160224,127.7600,127.9500,123.2200,123.5800,1457000
20160225,129.5700,129.8300,128.2400,128.5000,859500
20160226,127.6700,130.0000,126.9400,129.8200,762300
20160229,127.5700,128.5500,126.8500,127.3900,1003500
20160301,128.2300,129.4800,127.9500,128.4200,743600
20160302,127.8100,128.2200,125.4600,127.7300,766000
20160303,128.3100,128.5100,126.6000,127.5000,507200
20160304,127.5400,128.2200,126.8300,127.7900,801100
20160307,126.8000,127.5700,126.3200,127.2300,885500
20160308,126.2100,127.2100,125.6600,126.2400,1520300
20160309,127.0700,127.6800,126.0100,126.9000,1046700
20160310,128.4900,128.7700,127.2500,127.5900,845700
20160311,129.5200,129.9200,128.5200,128.9100,777200
20160314,129.2600,129.5300,128.4700,129.1400,530600
20160315,128.4600,129.7400,128.2100,128.4700,873700
20160316,129.1400,129.5100,127.5100,128.0600,583700
20160317,129.9100,130.4900,128.8800,129.0300,845000
20160318,128.8500,129.9700,128.4400,129.9700,1421700
20160321,128.3400,129.4100,128.0100,128.1900,580800
20160322,127.7000,128.5800,127.1600,127.9800,661200
20160323,128.7700,129.1300,126.8400,127.7000,644500
20160324,128.7100,129.1200,127.9500,128.4800,563600
20160328,129.6000,130.6100,128.7700,128.7700,560800
20160329,129.9800,130.5600,129.5100,129.7600,612800
20160330,130.1800,130.5400,128.7000,130.4700,776200
20160331,129.8400,130.3600,129.6500,130.0600,1050700
20160401,132.5200,132.6400,129.1200,129.1200,949300
20160404,127.5700,130.8100,126.9300,130.0600,1970900
20160405,126.0100,127.6400,125.1400,127.4300,1997400
20160406,127.5400,127.5600,125.7400,125.9500,1226200
20160407,127.7200,128.1100,126.7200,126.7200,927900
20160408,127.9000,128.2800,127.5100,127.9100,509000
20160411,127.7800,128.9100,127.7500,128.3000,655000
20160412,127.9700,128.2700,127.4100,127.7100,367700
20160413,128.2200,128.3000,126.6200,128.1600,919400
20160414,127.4000,128.5500,127.2500,128.1800,1240100
20160415,128.4000,128.5000,126.9700,127.5500,717500
20160418,129.3800,129.5500,128.0100,128.5000,718100
20160419,129.5300,130.4800,129.2200,129.7100,886800
20160420,128.5400,129.7400,128.5100,129.2100,488300
20160421,124.5800,128.2000,124.2700,128.2000,1416200
20160422,126.1500,126.2400,124.3200,124.7200,933600
20160425,127.4300,127.9200,125.1400,125.6000,687800
20160426,127.3100,128.8900,127.1800,127.8200,757700
20160427,127.9400,128.4500,126.8300,127.5800,467900
20160428,127.7800,128.4400,127.0900,127.3300,421200
20160429,126.9800,128.2400,125.7900,127.3100,684400
20160502,127.6800,128.2600,127.0000,127.2400,921200
20160503,126.8200,127.9600,126.4200,127.3600,566100
20160504,128.1500,128.4200,126.0600,126.7000,749900
20160505,128.3800,129.4600,128.0300,128.4400,534900
20160506,129.2700,129.5300,127.3400,128.3700,746200
20160509,129.4200,130.1400,128.7400,129.3500,458600
20160510,131.2700,131.3200,129.7400,129.8900,792900
20160511,130.4600,131.1800,129.9800,130.6700,846600
20160512,131.5100,131.7900,130.0600,130.9600,761000
20160513,130.5700,131.7500,130.1000,130.9500,452200
20160516,130.8300,131.2200,130.1700,130.1800,373900
20160517,127.7400,130.6100,127.2700,130.3400,831200
20160518,126.7200,127.9800,125.8400,127.3600,767900
20160519,127.0800,127.1400,125.6700,126.2800,564900
20160520,126.6000,127.9400,126.3200,127.7400,517700
20160523,126.9400,127.3500,126.2300,126.9100,370100
20160524,127.9300,128.3200,126.1000,127.2400,503000
20160525,128.7900,129.7400,128.0000,129.1100,565200
20160526,129.4700,129.7700,128.5000,128.6400,523800
20160527,129.2200,129.8400,128.7600,129.3000,341400
