20150529,155.4000,157.5100,154.6500,157.5100,283500
20150601,155.0800,155.9600,154.1800,155.5400,321500
20150602,156.0000,156.6400,154.1900,154.8700,216700
20150603,156.6700,157.4700,156.0000,156.0000,167600
20150604,155.1300,156.6500,154.8400,155.8600,190700
20150605,155.9800,156.2000,154.3900,154.9800,236000
20150608,154.7800,156.2700,154.7300,155.7800,228100
20150609,154.7300,155.3200,154.3600,154.6900,227800
20150610,157.8800,158.0500,154.8100,155.2200,201000
20150611,157.9800,158.4900,157.3500,158.0500,175900
20150612,156.8700,157.5000,156.2700,157.1600,171300
20150615,156.4200,156.7100,154.8200,155.7500,197400
20150616,157.6500,157.7100,155.6800,156.0000,166200
20150617,157.9900,158.4300,156.7900,158.0500,186000
20150618,159.8800,160.0000,158.0100,158.5200,281900
20150619,159.9800,160.9400,159.2400,159.8800,1529400
20150622,160.8900,161.5000,160.3100,160.9800,221700
20150623,160.5100,161.7400,160.2400,161.1600,253900
20150624,160.5700,161.2900,160.0800,160.4500,256700
20150625,160.4700,161.4800,160.0400,161.3300,442100
20150626,162.1900,162.2600,160.1500,160.6500,1163200
20150629,158.5200,161.6100,158.2900,161.1500,287800
20150630,159.2500,161.0000,158.7700,159.9300,393600
20150701,161.5000,161.6200,159.7200,160.6500,322200
20150702,160.7900,162.2900,159.6000,162.1100,313500
20150706,159.9200,160.9600,159.0700,159.5000,251100
20150707,160.8400,160.8800,158.1100,159.9600,538000
20150708,159.8500,160.5400,159.0300,160.2100,463400
20150709,159.4500,162.4400,159.4100,162.2500,259300
20150710,160.8700,161.8200,159.8300,161.2400,316900
20150713,162.6000,162.9700,161.7700,161.8100,370300
20150714,163.3500,164.1800,162.8300,162.8600,348500
20150715,162.6000,163.7700,162.3700,163.3900,187600
20150716,161.6900,163.8600,160.6400,163.1700,631100
20150717,162.5900,162.6900,160.7300,161.3900,376300
20150720,163.9700,164.4700,162.4300,162.4300,269200
20150721,162.5500,163.9400,161.4300,163.3400,340400
20150722,162.1300,162.7800,161.2800,162.2500,415200
20150723,162.0700,164.1700,160.4500,161.4200,594700
20150724,159.7400,163.4400,159.3700,162.7500,448700
20150727,157.0900,159.6800,156.8100,157.8900,503200
20150728,161.1300,161.3300,157.0900,157.0900,450700
20150729,164.2200,164.3800,160.7900,161.7700,346500
20150730,164.3800,164.8200,162.6300,163.7300,243300
20150731,164.8000,165.8600,164.3600,165.0000,243700
20150803,163.6100,165.2800,162.5000,164.8500,302600
20150804,165.5800,166.0000,163.2500,163.2500,344000
20150805,167.3900,169.0700,166.6900,166.8200,491800
20150806,165.8800,168.2800,165.4600,167.3800,284700
20150807,166.0700,166.9400,164.8300,165.8000,319000
20150810,167.5100,169.0600,167.2100,167.7200,368700
20150811,165.1400,166.5600,164.6500,166.2300,396500
20150812,165.1100,165.2600,162.4800,163.8900,291800
20150813,166.5300,167.1700,164.8400,164.8400,269600
20150814,168.0700,168.2000,166.2000,166.5700,184300
20150817,169.5100,169.6900,166.9000,168.0800,313400
20150818,169.9900,170.7000,169.6900,169.7700,234500
20150819,169.4800,170.3900,168.1200,169.3000,318500
20150820,166.6900,169.0700,166.5800,167.9600,352600
20150821,160.9200,166.5800,160.8700,164.5400,894800
20150824,154.2600,159.5000,150.4800,152.8700,774900
20150825,151.4800,157.6600,151.4500,157.4700,714300
20150826,155.6900,155.8500,150.8700,154.9400,587600
20150827,160.0500,160.4300,156.9700,157.8700,480600
20150828,159.8900,160.9400,158.7400,159.2900,304100
20150831,159.7700,160.9900,158.4900,158.8900,280200
20150901,154.4400,156.9900,153.5200,156.9900,524000
20150902,155.4200,156.0100,153.4200,155.7900,472300
20150903,157.4100,158.2700,155.6100,155.8000,402900
20150904,154.4000,156.3600,153.7500,154.7500,329400
20150908,159.7400,159.7800,156.7000,157.3600,292200
20150909,157.6600,161.9400,157.4200,160.8900,209400
20150910,157.6400,159.1100,156.9700,157.4200,266900
20150911,157.8600,158.3000,156.6900,156.9900,353400
20150914,157.9200,158.3000,156.9100,157.8800,383600
20150915,158.5400,159.5200,157.8000,158.5500,442900
20150916,159.0900,159.8200,158.1800,158.7200,467100
20150917,159.1500,161.4400,158.5600,159.0700,358400
20150918,155.5800,158.3100,155.4000,157.3100,1644900
20150921,156.9900,158.2800,156.0400,156.8400,327100
20150922,155.2900,155.5600,154.0100,155.0600,359000
20150923,153.7700,155.5800,153.4300,155.5800,359800
20150924,152.3700,154.2200,150.5700,152.3300,538100
20150925,153.7300,154.5200,152.8100,153.4800,385600
20150928,150.6400,152.9900,150.0400,152.5100,324600
20150929,148.9000,151.7000,147.9800,151.5400,576100
20150930,150.9400,151.7500,148.7300,150.3200,542100
20151001,149.6100,152.3300,148.8200,151.1100,522600
20151002,151.3100,151.3100,146.5200,147.6300,712200
20151005,155.1800,156.1200,153.4500,153.4500,687300
20151006,154.5700,155.9600,154.1000,155.1700,302700
20151007,157.3000,157.4500,154.9900,155.2400,448300
20151008,161.7200,162.6800,156.2000,156.5400,538400
20151009,161.8900,163.2000,161.1700,161.9900,265800
20151012,163.6000,163.7400,161.4600,161.9800,252200
20151013,161.7900,164.0000,161.4700,162.8500,235000
20151014,158.9500,162.8600,158.6300,161.4500,538700
20151015,160.6000,160.7700,157.5600,159.5500,393600
20151016,159.9700,161.0700,159.1400,160.8100,244400
20151019,159.7800,160.2000,158.7000,159.2700,222900
20151020,159.3400,161.2500,158.0100,159.5600,408500
20151021,160.0800,161.8400,159.0000,160.1000,508200
20151022,164.1100,166.9800,161.6000,162.5900,571400
20151023,164.0000,165.8500,162.6200,165.0800,521100
20151026,162.3600,164.6600,162.0800,163.7700,343900
20151027,160.9000,162.0400,160.3700,161.6100,329700
20151028,164.8300,165.1100,161.1800,161.3900,374700
20151029,164.8000,165.7800,163.3700,164.6500,272100
20151030,165.8900,166.8700,164.0000,164.8400,359000
20151102,166.8300,167.2400,164.3200,165.8600,242700
20151103,167.8000,168.2700,165.7500,166.2800,378900
20151104,169.0100,169.7400,167.9200,168.1300,296600
20151105,169.4500,169.9900,167.7000,169.5900,264300
20151106,170.1700,170.5100,167.9700,169.2800,256600
20151109,169.3300,170.1000,168.5100,169.7800,387500
20151110,170.3300,170.4100,168.0100,168.7300,376800
20151111,169.8100,171.3900,169.5900,170.3300,245900
20151112,166.8300,169.8700,166.7800,168.1000,350500
20151113,165.8800,167.7300,165.2800,166.3700,319000
20151116,165.9000,166.7100,164.6100,165.2700,557300
20151117,164.3000,166.8300,163.8000,166.3900,415500
20151118,167.6100,167.8800,164.3800,165.1500,377100
20151119,168.8200,169.3600,168.0000,168.1000,323400
20151120,168.6500,169.7600,168.1400,168.8700,328400
20151123,167.6000,169.5800,167.2100,168.5000,398200
20151124,169.2200,169.5600,165.9100,166.3100,375000
20151125,170.8900,171.7000,169.2300,169.7200,322000
20151127,171.7600,171.9100,169.7700,171.2400,114600
20151130,172.1600,173.1400,171.4800,172.4600,413400
20151201,173.4700,173.7000,172.1300,172.4800,263800
20151202,171.9900,173.8700,171.9000,173.4000,304000
20151203,170.5000,173.1300,169.9700,172.3800,500900
20151204,173.8200,173.9300,170.3400,170.9400,236700
20151207,174.0900,174.2300,172.3200,173.6700,396300
20151208,170.7200,174.1000,170.4600,172.1800,514200
20151209,169.4300,172.0800,168.4900,169.6500,387600
20151210,169.6900,170.9000,169.2900,169.2900,349200
20151211,167.1300,168.3600,166.4400,167.9800,372600
20151214,168.3400,169.0200,166.8100,167.5400,340100
20151215,168.7800,170.1400,167.6700,169.6100,425200
20151216,171.2600,171.7300,169.0300,170.0800,337200
20151217,170.4500,172.3900,169.3400,171.7300,333400
20151218,166.6900,170.5700,166.6500,169.2100,668300
20151221,168.4700,169.6600,166.1000,167.7900,433400
20151222,170.2900,170.9100,167.9400,169.6000,251200
20151223,172.3600,172.9600,170.5900,171.1100,446700
20151224,171.8600,172.5600,171.2600,172.2800,106300
20151228,172.1000,172.4000,170.1400,171.3600,207400
20151229,173.9100,174.5200,172.3300,173.5300,178200
20151230,172.4200,174.5100,172.2900,173.7900,140900
20151231,171.4300,173.2200,171.3400,172.0000,165400
20160104,168.5300,169.5000,166.5000,168.7900,413800
20160105,168.3400,169.9500,167.1000,168.9400,349300
20160106,167.7900,168.6100,166.0400,166.2900,462600
20160107,164.2400,166.2400,163.8200,165.0000,399700
20160108,162.5200,166.1400,162.0200,165.1100,468200
20160111,163.0500,163.9100,160.6500,163.1300,430500
20160112,164.8300,165.5500,162.5300,164.2500,383100
20160113,161.5100,165.5900,161.3800,165.0000,478900
20160114,163.0800,164.0400,159.5100,161.9000,418200
20160115,157.3000,161.1200,155.0900,159.0300,714500
20160119,155.9200,158.1200,155.7400,158.0000,840600
20160120,152.8100,154.7700,147.5100,153.8100,934600
20160121,150.5100,153.9100,149.5400,152.5200,846500
20160122,153.1000,154.2500,150.5900,152.1400,630000
20160125,153.4300,154.6000,152.5600,153.0000,829600
20160126,159.0600,159.1800,154.2800,154.6300,472800
20160127,158.1000,161.9400,157.3200,158.4500,408600
20160128,157.2300,159.5700,155.5300,158.7300,537600
20160129,161.5600,161.5600,157.5400,158.1800,583400
20160201,161.1000,162.0300,156.9700,158.4500,504900
20160202,154.5500,160.0000,153.4200,160.0000,951700
20160203,153.1400,155.9800,149.8900,155.8400,893600
20160204,145.1500,154.6100,143.4900,154.6100,2109500
20160205,139.9000,144.7200,138.4200,144.7200,1256700
20160208,135.4100,138.8700,133.0900,138.1300,1628600
20160209,135.7800,137.5600,134.0800,134.3600,895000
20160210,141.3600,143.3500,136.8300,136.8300,1215700
20160211,138.0300,140.6500,135.9100,138.5400,651100
20160212,140.0100,140.9800,138.6800,139.6200,719800
20160216,141.8800,143.7500,140.9100,142.4800,510500
20160217,143.4500,144.0200,141.7000,143.1800,544600
20160218,144.9000,145.1000,143.0100,143.6500,624200
20160219,145.2200,145.9300,143.9700,144.1500,494100
20160222,147.3900,147.6700,146.3000,146.7300,512200
20160223,144.5400,147.8200,144.3200,146.1200,343100
20160224,145.7500,145.9900,142.5500,143.4700,491200
20160225,144.5400,146.2200,143.3100,145.7500,530100
20160226,147.2300,147.8700,144.7200,145.3100,400200
20160229,144.6700,147.8400,144.6100,146.6700,404900
20160301,150.5500,151.0500,144.9200,146.1400,727900
20160302,150.8100,151.6100,149.3200,149.7400,578200
20160303,154.0700,154.5200,149.8600,150.8100,658100
20160304,154.0400,156.0000,152.8900,153.9000,671600
20160307,153.8700,155.4400,152.9100,153.4800,439400
20160308,151.9600,153.1000,150.2200,152.0300,476200
20160309,151.3700,152.8000,150.5000,152.3700,403100
20160310,150.3600,152.2500,148.4500,152.1600,535100
20160311,152.8000,153.4100,151.5300,151.5300,293200
20160314,154.1000,154.4500,152.2500,152.2600,370400
20160315,154.9700,155.2500,152.3400,152.6700,327800
20160316,155.9100,156.5200,153.8500,154.2900,304000
20160317,156.0000,156.3300,155.2300,155.8100,665200
20160318,155.3300,157.0400,155.3300,156.3400,730200
20160321,158.0200,158.5700,154.9000,155.6400,375900
20160322,156.8700,158.2100,156.2200,157.9000,467400
20160323,155.8100,157.0900,155.2600,156.7200,282800
20160324,157.8400,158.1000,154.2800,155.0200,433400
20160328,158.1000,158.5400,156.8400,157.7800,258300
20160329,158.7800,158.9400,156.0600,156.9400,339000
20160330,158.5400,160.0000,158.3500,159.0000,202000
20160331,156.9900,158.9100,156.4900,158.9100,671500
20160401,159.2400,159.3600,155.5000,156.0000,516600
20160404,154.9000,158.9000,154.4000,158.9000,500400
20160405,153.6600,154.3000,152.5100,153.5500,497800
20160406,156.7200,156.9900,152.7200,153.1500,599600
20160407,155.2900,157.3600,153.9500,155.2700,805500
20160408,157.8000,158.8000,156.2100,157.0600,486600
20160411,156.1700,158.6300,155.7800,158.2500,347900
20160412,156.2100,157.1500,155.3800,156.1800,406900
20160413,159.5100,159.5900,157.0700,157.3400,346000
20160414,160.7100,161.1700,158.7400,159.7300,540800
20160415,160.8400,161.2000,159.9000,161.1000,289000
20160418,161.1400,161.6200,159.9500,160.0400,444700
20160419,161.6000,162.3000,160.2600,161.9200,643600
20160420,161.3300,161.9200,160.1000,161.1100,766700
20160421,160.2000,162.0000,158.6100,162.0000,823200
20160422,160.6500,162.3500,159.7600,160.4400,900700
20160425,161.6700,161.7300,159.4900,160.8000,632600
20160426,161.7800,163.4900,161.1500,162.3600,385100
20160427,162.6800,162.9800,160.6700,161.7800,432400
20160428,161.1100,164.3200,160.6400,161.8700,411700
20160429,159.2800,160.9900,159.0400,160.0900,415200
20160502,159.4400,160.1000,158.5900,159.6800,390900
20160503,156.5000,158.6200,155.4300,158.1500,600400
20160504,157.7100,157.9000,155.4500,155.8100,493600
20160505,158.4500,159.1900,157.3600,157.7500,416900
20160506,160.0500,160.3000,157.8700,158.0000,385800
20160509,159.4400,160.3700,158.7500,159.7900,380400
20160510,162.6400,162.6500,159.6700,160.2400,335500
20160511,162.8600,163.7900,161.7000,162.3900,518400
20160512,163.2900,163.7900,161.2200,162.9500,453000
20160513,161.6100,163.4200,161.0100,162.9000,408300
20160516,163.8000,164.2400,161.1500,161.7900,416100
20160517,164.0400,165.3300,163.0800,163.6800,642800
20160518,163.3000,164.2500,162.2900,163.0000,461400
20160519,161.7200,162.3200,160.3000,162.2900,409700
20160520,162.2000,162.7200,161.2300,162.4700,1184400
20160523,162.1700,162.6500,161.1300,161.8100,277500
20160524,164.3900,164.5800,162.1800,163.0000,293900
20160525,162.6700,165.0000,162.2500,164.5900,345400
20160526,162.6900,163.2600,161.3200,162.4900,326200
20160527,162.5500,163.5200,162.0400,162.4800,337400
