20150529,68.3800,70.7400,68.3800,69.9200,4494400
20150601,68.2300,69.0100,68.0800,68.9600,3125800
20150602,67.0700,67.9600,66.8800,67.7800,3810100
20150603,67.5100,68.1700,67.3000,67.4000,2970700
20150604,67.1000,67.5000,66.8500,67.0700,1981300
20150605,68.6700,69.3600,66.8800,66.9300,4132900
20150608,67.5100,69.1900,67.2100,68.6800,2289700
20150609,66.8100,67.6800,66.0000,67.5100,2055600
20150610,67.2600,68.1500,66.8000,66.9600,2337600
20150611,66.6600,67.7800,66.5400,67.2900,1822200
20150612,66.1000,66.5900,65.7000,66.0900,1998900
20150615,64.1800,64.9300,63.1000,64.7500,5875200
20150616,64.5200,65.0400,63.9800,64.1700,2920800
20150617,64.7300,65.3400,64.1600,64.6000,2359000
20150618,65.2100,66.0400,64.3600,64.8500,3076500
20150619,63.9200,65.5800,63.5800,65.1900,5476200
20150622,65.4800,65.7200,64.3200,64.5300,3297400
20150623,65.0900,65.7000,64.6100,65.2600,1850200
20150624,63.7900,64.8200,63.7700,64.7800,2397100
20150625,63.3500,64.2300,63.1400,63.9400,2792900
20150626,62.1200,62.6600,61.4600,61.5100,6528700
20150629,60.1900,61.8900,59.9200,61.2300,4551700
20150630,58.2200,60.8400,57.8800,60.5100,8310200
20150701,56.4100,58.7200,56.2600,58.5400,7645400
20150702,56.3600,57.7000,56.3500,56.5000,4855600
20150706,55.4800,56.2100,55.0500,55.6100,4756200
20150707,55.8900,56.1100,53.8700,55.3600,4549700
20150708,54.1500,55.6000,53.8600,55.4000,4112300
20150709,53.8100,55.0000,53.7000,54.8800,2583900
20150710,53.5300,54.5700,53.3800,54.4000,3243300
20150713,53.6500,54.0900,53.1800,53.8600,4208800
20150714,55.4500,56.1000,55.0000,55.7700,6077900
20150715,54.9600,55.7200,54.5500,55.7100,2993000
20150716,56.0200,56.0500,55.1600,55.5000,3187700
20150717,55.3900,56.0600,55.0000,55.9300,2781100
20150720,55.4800,56.7300,54.8500,56.0000,3825900
20150721,55.4800,56.2100,55.3200,55.3400,2755300
20150722,54.1800,55.1700,53.7600,54.9600,6987900
20150723,63.7000,64.7600,61.5100,61.6000,23513700
20150724,61.8400,64.0000,61.1100,63.9900,5545400
20150727,61.1600,61.7500,59.7800,61.2000,4061900
20150728,61.0800,61.6700,59.6200,61.2900,4159300
20150729,60.5000,61.9500,59.9100,61.2000,3207900
20150730,60.5500,60.8100,59.8600,60.0200,2165100
20150731,60.2900,60.9900,59.7600,60.5700,3204600
20150803,59.4600,60.3200,58.8500,60.1900,2323900
20150804,59.3000,59.8800,58.5100,59.6000,3278600
20150805,59.7400,60.7500,59.5200,59.5200,1900000
20150806,58.9300,60.0400,58.4100,60.0400,2830200
20150807,59.4100,60.1100,58.6600,58.7600,1974300
20150810,61.0300,61.4400,59.6500,59.6700,2892000
20150811,59.1000,60.4500,58.6500,59.7400,3003300
20150812,59.2000,59.4800,57.3600,58.3600,2400800
20150813,57.8600,59.4600,57.7300,59.2200,2765300
20150814,57.9500,58.2200,57.3000,57.9400,2035500
20150817,58.2000,58.3500,56.9400,57.5700,2037900
20150818,56.9000,57.3600,56.1400,56.7600,5803200
20150819,53.8100,56.7800,53.3900,56.5600,9543300
20150820,50.1300,53.3600,50.0400,53.1600,8187700
20150821,49.0500,51.0300,48.9500,49.4000,5462000
20150824,47.6500,47.6500,44.2800,46.7400,6707500
20150825,46.1100,49.7800,46.0500,48.8500,5657100
20150826,49.5100,49.7000,46.6600,47.3800,5634400
20150827,52.8500,52.9400,50.0600,50.1400,7294900
20150828,52.2700,54.0100,51.8400,52.2000,3664500
20150831,54.5600,55.2200,51.3400,51.9500,6637200
20150901,52.8100,54.5400,52.5900,52.7000,3487900
20150902,54.0500,54.0800,52.8500,53.8500,2734500
20150903,54.1200,55.7200,53.9000,54.4500,3286700
20150904,52.8400,53.9700,52.6300,53.2000,2482500
20150908,55.8500,55.9600,54.1100,55.1500,3759000
20150909,54.5200,56.4700,54.3900,56.2400,3747800
20150910,54.6100,55.1800,53.8300,54.2300,2727900
20150911,54.9600,54.9700,53.7400,54.2000,2409500
20150914,55.3300,55.4300,54.2600,55.1200,2180100
20150915,55.7200,57.1400,55.1400,55.7000,2935400
20150916,55.7900,55.9900,54.4300,54.4800,2804600
20150917,54.6700,56.0600,54.4100,55.5700,2661800
20150918,52.6900,53.9900,52.2800,53.8200,7391100
20150921,52.9000,54.1800,52.6000,52.7000,3292100
20150922,51.8200,52.4200,51.5500,51.8700,3366700
20150923,50.9900,52.1500,50.7100,52.0800,2268600
20150924,51.0100,51.3300,49.6600,50.6600,2097500
20150925,50.8600,51.9200,50.2600,51.5600,2384900
20150928,48.8000,50.3300,48.2500,50.1800,4015800
20150929,49.0900,49.6700,48.2500,48.8500,3948300
20150930,54.3300,54.4700,51.0500,51.2700,8057600
20151001,55.9100,55.9700,53.7700,55.4800,6224500
20151002,59.5800,59.7800,55.8100,56.0900,7077100
20151005,59.4700,61.3100,59.3800,59.9900,4822000
20151006,61.2400,61.6300,59.4900,59.8000,5973700
20151007,61.6900,62.5400,59.7200,61.3000,4454600
20151008,64.1100,64.4400,61.6900,62.1400,5622900
20151009,62.3600,64.3500,61.7700,63.9400,3852400
20151012,62.8500,62.8500,61.1000,62.3400,2264700
20151013,61.7700,62.8100,61.4900,62.2200,4030600
20151014,68.7000,70.5000,67.3300,68.7000,15491300
20151015,69.8800,70.9600,68.4100,68.4300,5531600
20151016,69.9700,70.2600,68.7500,69.9300,3816900
20151019,72.0000,75.1800,70.6700,70.9300,8576900
20151020,75.1900,77.8900,74.3900,77.4100,18850800
20151021,76.7800,78.5000,76.5400,78.4000,30838500
20151022,77.0900,77.3200,76.4900,76.9000,10060600
20151023,78.3700,78.8300,77.0100,77.0100,6533200
20151026,77.4200,78.6300,77.1800,77.5500,5717800
20151027,76.9000,77.5000,76.7200,77.1600,3159300
20151028,77.6700,77.8400,76.7000,76.8500,2233900
20151029,77.2200,77.8500,77.1000,77.1500,2404500
20151030,77.0000,77.6100,76.9200,77.1500,3114800
20151102,76.7800,77.0800,76.5400,76.8200,2998100
20151103,76.9200,77.2900,76.3300,76.4100,2666100
20151104,77.0600,77.1400,76.5800,76.8100,1357700
20151105,76.7500,77.2300,76.5100,76.9300,2186200
20151106,77.0700,77.3000,76.5700,76.6600,1909300
20151109,76.9100,77.1000,76.6000,76.8600,1505900
20151110,75.7000,76.9000,75.5000,76.4400,2797100
20151111,74.6100,75.5500,73.3500,75.2300,3894600
20151112,74.4200,75.2900,74.3000,74.5500,2234700
20151113,73.9000,74.4300,73.7700,74.3100,1418000
20151116,74.5600,74.6200,73.5000,73.6000,1439200
20151117,74.8400,75.1500,73.6000,73.6000,1535500
20151118,75.3600,75.3900,74.7300,74.8200,1632000
20151119,75.0200,75.4700,74.8800,75.1900,1921200
20151120,74.9300,75.4300,74.8000,75.3200,1899700
20151123,74.5500,74.9800,74.1700,74.8700,1972500
20151124,74.4300,74.7000,74.0000,74.0700,1213500
20151125,74.4900,74.8500,74.1500,74.5000,1156000
20151127,74.5800,74.7100,74.2700,74.4400,452000
20151130,73.8700,74.6600,73.8100,74.4800,2894900
20151201,75.8800,75.9900,73.8400,74.1100,2845500
20151202,75.2000,75.8500,74.7400,75.3200,1641700
20151203,74.9000,75.9900,74.5400,75.2400,2104800
20151204,75.2700,75.8300,74.8100,74.9900,2385200
20151207,75.1000,75.2700,74.4200,75.0600,1334100
20151208,75.3500,75.4100,74.4400,74.5200,1742200
20151209,75.1400,76.0100,74.7800,75.0200,1867300
20151210,76.0000,76.3400,74.9000,75.1600,1622400
20151211,74.8100,75.2800,74.5400,75.0100,2612700
20151214,75.3300,75.4400,74.4300,74.7600,1594000
20151215,75.6700,76.2300,75.4000,75.7400,2359100
20151216,75.6000,76.1300,75.1600,75.8000,1183000
20151217,74.8300,76.0500,74.8300,75.6400,1949000
20151218,73.8900,75.3800,73.8800,74.7100,4734400
20151221,74.5400,74.8200,73.9000,74.7300,1764500
20151222,74.6700,74.8300,74.2100,74.7700,1066600
20151223,75.2600,75.3900,74.3300,74.8600,1085000
20151224,75.2800,75.4800,75.1000,75.3600,719500
20151228,75.3100,75.3500,74.6200,75.1000,873800
20151229,75.9700,76.0800,75.3700,75.4500,1084500
20151230,76.0700,76.7100,75.8700,76.0000,1098300
20151231,75.9900,76.5700,75.7700,76.0000,857900
20160104,75.9600,76.1500,75.1100,75.3000,2308900
20160105,76.0900,76.5100,75.6100,75.6300,2142800
20160106,75.5700,75.9400,75.2500,75.3400,1684200
20160107,74.9700,75.4900,74.4600,74.7000,2278900
20160108,74.2000,75.6000,74.0300,75.5300,2928600
20160111,74.0100,75.2600,73.1400,74.6000,2570100
20160112,74.7900,74.8600,73.4000,74.6000,2877100
20160113,71.8000,74.7000,71.2000,74.7000,5386600
20160114,74.8300,74.8900,71.3400,71.9000,4942800
20160115,71.4800,73.8600,71.2400,73.4800,4649600
20160119,71.0600,72.4800,70.0900,72.2000,3129200
20160120,68.6700,70.5400,68.2100,70.3200,5669800
20160121,66.2300,69.4800,65.5800,69.0000,6366100
20160122,67.4200,68.0800,66.1400,67.1600,2954700
20160125,61.7400,67.0800,59.3600,66.9900,9834300
20160126,64.0900,65.3400,60.9700,61.6800,6291800
20160127,64.2100,66.4500,63.9200,64.4600,4410000
20160128,67.2500,67.5600,64.3100,65.5600,4310400
20160129,70.7000,71.3400,68.0000,68.0000,4690600
20160201,70.6500,72.0500,69.8300,69.8500,2565700
20160202,70.2500,70.6700,69.2700,70.0000,2058300
20160203,69.8100,70.9400,69.2600,70.6200,2466400
20160204,69.8600,71.5100,69.4800,69.6000,2651000
20160205,69.0000,69.8500,68.3800,69.8000,2303400
20160208,67.8500,68.7000,66.8000,68.4200,3447900
20160209,66.5400,67.8000,66.0000,67.0200,2298300
20160210,67.2300,68.3000,66.4300,66.9800,1702700
20160211,67.2900,67.3700,65.9500,66.8700,2367800
20160212,67.4900,68.4800,66.6700,67.9600,1812900
20160216,68.1700,68.2500,67.2800,67.5400,1866900
20160217,68.4600,68.8500,68.0200,68.2400,1740800
20160218,69.4600,69.9800,68.5200,68.7200,1413900
20160219,68.8500,69.4500,68.3000,69.2800,1386600
20160222,67.6800,69.6100,66.0000,68.8400,4526200
20160223,66.6100,67.4900,65.8700,66.9300,10153500
20160224,69.9000,70.2400,65.3800,65.6600,7151600
20160225,71.4800,71.9400,69.0000,69.2800,5455500
20160226,72.0800,72.5300,71.3700,71.6400,5254200
20160229,72.2600,74.0000,72.2300,72.3400,10252600
20160301,74.0800,74.1600,72.4600,72.5300,5312700
20160302,74.9800,75.1700,73.1800,73.2100,6585300
20160303,75.7200,75.8200,74.3800,74.3800,2565100
20160304,75.8400,76.2300,75.3900,75.5000,3644900
20160307,76.6800,76.8500,75.5100,75.5100,5880100
20160308,76.0000,76.8500,76.0000,76.4000,5160500
20160309,76.6300,76.6600,75.6400,75.9600,4550400
20160310,76.4100,76.7500,75.9400,76.5100,3763400
20160311,76.7000,76.8500,76.3500,76.6500,4494700
20160314,76.2700,76.7100,75.9900,75.9900,4705900
20160315,75.7400,76.4700,75.6700,76.1200,12463800
20160316,76.2200,76.2500,75.6300,75.6300,2918800
20160317,75.9800,76.4000,75.9300,76.0300,2800300
20160318,76.5700,76.7900,75.8800,76.2000,4735600
20160321,76.8000,76.9000,76.4400,76.5000,2976000
20160322,77.1200,77.3400,76.4400,76.5400,3178400
20160323,76.4100,77.2300,76.2000,76.9700,2473600
20160324,75.6600,76.4400,74.6800,76.1300,6619600
20160328,75.6800,76.0800,75.3900,75.7000,3014600
20160329,76.0200,76.1700,75.3700,75.8100,2266600
20160330,75.9500,76.3900,75.3700,76.3900,3973600
20160331,76.0800,76.2800,75.7400,76.0000,2026900
20160401,76.2000,76.2500,75.7900,75.9600,1709400
20160404,76.2500,76.4000,76.0400,76.3300,1143900
20160405,75.4500,76.1400,75.2100,76.0200,2450200
20160406,75.8700,75.8900,74.9900,75.4500,1286000
20160407,76.3200,76.5800,75.5000,75.5200,5230200
20160408,76.5200,76.8000,76.1500,76.7500,2407200
20160411,76.7900,77.2100,76.6100,76.6400,1843800
20160412,76.6800,76.9900,76.3600,76.6700,2069100
20160413,76.7500,76.9300,76.6900,76.7700,2227500
20160414,75.8900,76.5700,75.6200,76.5700,2852800
20160415,75.7600,76.0400,75.5200,75.9800,3294100
20160418,76.0200,76.1600,75.6100,75.6300,2101000
20160419,75.8100,76.2400,75.7100,76.1500,3695500
20160420,75.5900,76.3300,75.5900,75.9200,4803200
20160421,74.8800,75.8300,74.7900,75.6800,5092600
20160422,75.4900,75.7600,74.8600,74.8700,3204100
20160425,75.6700,75.7000,75.1500,75.4700,2001700
20160426,75.7900,76.0700,75.6000,75.6000,2291500
20160427,75.8700,75.9900,75.3100,75.5700,2209800
20160428,76.5000,76.8100,75.9600,76.1100,2830700
20160429,75.1300,76.2300,74.6900,76.2300,2829300
20160502,75.5000,75.6100,74.8300,75.0700,3105800
20160503,75.3200,75.4500,75.0100,75.0500,2600000
20160504,74.9700,75.4100,74.8300,75.1400,2433700
20160505,74.6900,75.2200,74.5500,75.0700,2515300
20160506,75.4200,75.6800,74.3600,74.5200,4458800
20160509,75.5100,75.5500,75.2400,75.4400,2209100
20160510,76.5700,76.6500,76.0700,76.2000,20168600
20160511,76.1800,76.7100,76.0700,76.5300,8678900
20160512,76.1800,76.1800,76.1800,76.1800,0
20160513,76.1800,76.1800,76.1800,76.1800,0
20160516,76.1800,76.1800,76.1800,76.1800,0
20160517,76.1800,76.1800,76.1800,76.1800,0
20160518,76.1800,76.1800,76.1800,76.1800,0
20160519,76.1800,76.1800,76.1800,76.1800,0
20160520,76.1800,76.1800,76.1800,76.1800,0
20160523,76.1800,76.1800,76.1800,76.1800,0
20160524,76.1800,76.1800,76.1800,76.1800,0
20160525,76.1800,76.1800,76.1800,76.1800,0
20160526,76.1800,76.1800,76.1800,76.1800,0
20160527,76.1800,76.1800,76.1800,76.1800,0
