20150529,181.4000,184.5700,180.7600,184.1300,2486800
20150601,183.3900,184.0800,180.0000,181.6400,1136700
20150602,182.1500,183.6500,181.0800,183.2500,980800
20150603,178.9300,182.2100,178.4500,182.2000,1113000
20150604,179.0300,180.0400,178.0000,178.4900,1256100
20150605,176.6100,178.7100,175.4300,177.2400,1487700
20150608,175.6100,176.5900,175.3300,176.5900,1607700
20150609,174.5800,176.1500,174.2100,175.8400,1503100
20150610,176.3500,177.9900,174.7200,175.0200,1373900
20150611,177.2500,177.7300,176.2000,177.0500,926400
20150612,176.8700,178.0400,176.4300,176.8700,1064400
20150615,175.8000,176.8000,175.0100,176.3700,1486100
20150616,177.2600,178.0300,175.8500,175.9300,1113100
20150617,179.5700,179.9700,176.5900,177.3200,1305300
20150618,181.8900,182.8300,179.6000,180.0000,1039000
20150619,179.4800,183.3900,179.4700,181.6300,2610000
20150622,176.5300,180.7700,176.4200,179.9100,1562500
20150623,175.2400,176.9700,174.5000,176.8700,898100
20150624,173.9000,176.4900,173.8500,175.5400,1502100
20150625,172.3600,174.4300,172.3300,174.0400,1390200
20150626,173.9100,174.4200,171.7000,172.6700,2714700
20150629,171.0000,175.3900,170.9900,173.7100,1223300
20150630,173.0200,174.8000,171.3300,172.3300,2167300
20150701,174.7600,174.8000,171.8700,171.8700,1638600
20150702,174.7200,179.1100,174.4200,176.0200,1046800
20150706,175.7800,175.8500,173.8600,173.8600,1242100
20150707,178.7200,179.1100,176.3000,176.4500,1520100
20150708,178.3400,178.6000,176.9000,177.2800,1201700
20150709,178.1200,179.9200,177.4700,179.1600,1364100
20150710,178.8400,180.3900,178.3100,179.1900,1044400
20150713,179.3100,181.3800,178.2800,180.0400,1022700
20150714,179.9900,180.5400,178.3800,179.5300,856600
20150715,181.4100,181.6300,178.4700,179.6600,1234600
20150716,183.4300,183.9000,181.9400,182.2200,1140600
20150717,183.0600,183.3800,182.0500,182.8200,1020500
20150720,182.9300,183.4500,181.6900,183.2800,663500
20150721,181.7600,183.3200,181.6200,183.0300,889700
20150722,182.3800,183.1000,181.6600,181.9900,1142300
20150723,181.3800,182.4000,179.3500,182.2300,1143800
20150724,184.6500,200.2300,182.0700,183.5100,1299400
20150727,185.7700,186.9400,184.5700,184.7600,1591100
20150728,186.3600,187.4600,185.4000,186.3300,1133500
20150729,186.4700,187.0600,185.2700,186.4900,890900
20150730,186.1400,187.0000,184.6200,185.7900,646900
20150731,187.2200,189.0500,186.6400,188.0900,1467100
20150803,188.3900,188.7200,186.7800,187.1500,771700
20150804,188.5500,190.4700,187.7700,188.6100,1283700
20150805,188.7000,189.8000,188.1000,189.2100,1377300
20150806,189.9000,190.2900,186.9600,188.4900,1390500
20150807,191.6900,192.2100,188.4400,189.9800,1001600
20150810,189.1600,193.2000,188.4100,192.7500,1619100
20150811,191.5500,192.3100,188.6300,189.1600,1362500
20150812,192.0200,192.1700,189.7900,191.1700,1123900
20150813,190.7500,192.0300,188.6900,189.0700,792400
20150814,191.6800,192.8300,189.3200,190.6900,683800
20150817,193.5400,193.6800,190.5000,191.8200,868400
20150818,194.7800,195.1700,192.7800,193.1000,1215900
20150819,193.1900,194.3500,192.0700,193.6400,928000
20150820,192.2100,193.8600,191.0000,192.3900,1337700
20150821,189.9700,193.5400,189.9500,192.2400,1993800
20150824,182.0700,186.4600,181.4000,183.7700,2744800
20150825,177.0900,191.6900,176.8800,191.6900,2181300
20150826,181.9700,182.4900,177.9100,180.0000,1988100
20150827,185.7300,186.9200,181.4500,183.4900,1467900
20150828,184.3200,185.3900,182.0000,185.2700,1447900
20150831,179.3200,186.2100,179.0100,184.1700,3212700
20150901,175.0100,177.9100,173.0900,176.6400,1821800
20150902,177.1300,178.5800,175.5800,177.2000,1113600
20150903,177.9200,179.1500,177.0700,177.7800,1126300
20150904,174.9200,176.9800,173.7900,175.9100,1162600
20150908,177.5400,178.1000,175.7400,177.1800,1276800
20150909,174.6000,179.0300,174.2400,178.8700,960400
20150910,175.0600,176.6300,174.1200,174.4500,1011700
20150911,179.1400,179.1900,174.1400,174.9000,1213100
20150914,178.9400,180.4100,177.8700,179.5300,979200
20150915,181.0800,181.7700,177.4400,179.2100,974700
20150916,183.4200,184.0100,180.7700,180.9000,952300
20150917,184.8800,188.3000,181.9700,183.3200,1289900
20150918,184.0000,187.2200,182.2300,182.6900,2761000
20150921,185.7900,186.1400,184.0900,184.2900,999900
20150922,183.2400,185.4100,182.6900,184.4200,1128300
20150923,183.5000,184.8900,182.3000,183.0000,945900
20150924,181.2300,184.6700,179.7400,183.2200,1574500
20150925,182.7900,184.6800,181.2000,182.8300,1057400
20150928,180.1600,182.3500,178.7400,182.1700,1000600
20150929,182.4300,183.7300,180.1700,180.5400,1595800
20150930,183.7200,184.2500,181.7500,183.6300,1431900
20151001,185.9000,186.1700,183.6200,184.6800,1068000
20151002,187.4800,187.6100,183.8500,185.3400,1199900
20151005,191.8100,191.9500,188.4000,188.4000,1587900
20151006,191.7300,193.9000,190.9500,192.0700,1362200
20151007,194.2200,194.3200,191.5900,192.4300,1301700
20151008,194.9500,195.4000,192.3400,193.8100,961800
20151009,195.0800,195.2300,193.5500,194.7600,876600
20151012,196.6400,197.1000,194.0900,194.9800,1058200
20151013,194.9600,196.7300,194.0400,196.1900,1303100
20151014,194.1000,196.6100,193.6100,195.4000,1118600
20151015,197.5900,197.6700,193.9800,195.1100,1030500
20151016,198.6000,198.8400,197.3400,197.9900,1215100
20151019,202.5900,202.6600,198.4300,198.4800,879900
20151020,202.1400,203.1000,201.1300,201.9600,1049600
20151021,203.2400,204.7200,202.5600,203.2400,1158300
20151022,204.8300,205.7800,203.4800,203.7900,1514300
20151023,203.0400,205.1600,201.6000,204.0800,1193000
20151026,203.3700,203.7200,201.4100,203.1000,967000
20151027,206.1900,206.5900,202.2500,202.7900,1010400
20151028,205.7100,208.1400,201.9800,206.5300,1369600
20151029,204.3900,205.8100,202.6300,205.7300,1094200
20151030,201.4600,205.1500,201.4600,204.7900,2021800
20151102,205.7700,206.2200,201.2300,201.5900,1353200
20151103,203.9000,206.3500,203.1500,205.1500,969300
20151104,203.7400,204.9500,203.0200,204.2700,1207900
20151105,203.0000,204.5200,202.1800,203.2500,1171600
20151106,194.9000,200.7600,193.4100,200.5000,1836200
20151109,191.5100,195.0300,189.7800,194.6700,1805700
20151110,194.4600,195.0600,191.7100,192.1700,1010300
20151111,193.5600,195.4300,193.0300,194.9600,858300
20151112,191.0800,192.6500,190.0000,191.8000,1133300
20151113,186.3400,191.4000,185.5400,191.0800,2038800
20151116,187.6400,187.8800,184.5900,185.3900,1373000
20151117,186.8300,188.9000,186.8000,187.2600,998500
20151118,190.2400,190.4900,187.0400,187.2400,1174600
20151119,191.0400,192.7200,189.8300,190.7100,937600
20151120,192.2300,192.7000,191.1100,192.4100,1228100
20151123,191.0900,192.8500,190.6000,192.3300,926000
20151124,187.2400,190.5100,185.6900,190.0000,1892900
20151125,188.4900,189.1100,187.5400,188.1300,944900
20151127,190.0000,190.8500,188.1000,188.2000,475800
20151130,186.2400,191.0400,185.8700,191.0000,2237900
20151201,188.6600,188.6900,185.0100,187.0400,1520200
20151202,183.0200,188.6100,182.8300,188.5200,1671600
20151203,181.6900,183.9900,180.5500,182.6900,2135100
20151204,187.3600,187.8600,182.1300,183.2400,1760700
20151207,187.8300,188.1300,186.1400,186.6300,936800
20151208,187.9600,188.6400,186.4400,187.6700,1545300
20151209,187.2500,189.3600,186.3000,187.1600,1053300
20151210,185.0300,188.3900,184.9300,187.4100,955800
20151211,184.6000,185.4200,182.8600,183.9900,1296900
20151214,185.9700,186.1700,183.4700,184.0000,1026000
20151215,189.7000,192.1400,187.5200,187.5200,1716400
20151216,193.3400,194.0800,190.1500,190.5100,1831700
20151217,193.4700,194.0300,192.3000,193.2400,1053200
20151218,190.5200,193.9300,190.4900,192.9500,2252300
20151221,191.8400,192.9500,190.2300,192.2600,1148700
20151222,192.6000,194.1900,192.2000,192.5300,1500000
20151223,194.0300,194.1900,192.8900,193.3700,1243500
20151224,194.3500,195.3500,193.2600,193.6100,379500
20151228,194.0800,194.2800,192.9300,193.8800,834000
20151229,195.7900,195.9000,194.4700,195.3600,1083900
20151230,195.1600,196.2900,194.9700,195.7200,598900
20151231,194.4400,196.3300,193.5700,195.2700,1013500
20160104,192.3400,192.9000,190.2800,192.3100,1445500
20160105,196.1700,196.7600,192.6300,193.0000,1236500
20160106,195.6900,196.5200,194.6700,194.6900,941800
20160107,191.5600,193.8400,191.3900,192.9200,1285800
20160108,186.1000,192.8500,185.6000,191.7500,1397800
20160111,186.7100,187.9400,185.7500,187.2200,1211300
20160112,185.5400,187.4600,184.5700,187.4600,1380000
20160113,184.2700,189.3000,183.8500,185.7900,1262200
20160114,185.6600,187.9300,183.5500,184.7100,1376400
20160115,184.1700,185.1000,180.8700,182.3400,2418000
20160119,186.4000,187.2300,184.7300,186.0000,1138600
20160120,180.6400,185.1200,178.0400,184.8200,2188800
20160121,182.7000,184.0400,180.1100,182.7600,1456800
20160122,187.3200,188.1300,184.5200,185.1000,1208900
20160125,185.1500,189.0600,185.0500,187.3700,1239100
20160126,190.1400,190.1400,185.0300,185.6200,1420500
20160127,186.0400,189.5000,184.8400,189.5000,1495300
20160128,186.7900,188.5900,185.6100,187.1100,1282700
20160129,186.2800,189.6100,177.5500,189.2300,3488400
20160201,187.9300,189.5000,185.4700,185.5800,1524900
20160202,186.1100,188.4200,184.9300,188.0900,1450900
20160203,188.3000,188.7800,184.3800,187.2100,1387800
20160204,187.5800,188.6800,186.0500,187.9600,1191000
20160205,183.9800,187.1100,182.8500,186.2300,1447700
20160208,182.4800,184.5500,178.6500,184.5500,1839300
20160209,178.9300,181.1800,176.1100,179.9500,2102600
20160210,181.2100,182.9600,177.8100,177.8100,1445700
20160211,181.4900,182.2500,178.1300,178.5300,1943200
20160212,183.5300,184.6700,181.4400,183.4200,1633200
20160216,186.3500,187.0500,183.5500,185.6500,1538800
20160217,187.1100,189.4900,187.0400,187.9700,1302800
20160218,189.2600,189.9800,186.4300,186.5200,863800
20160219,189.4500,190.0400,186.4200,187.9800,1341000
20160222,189.4300,192.4300,188.9500,189.4500,1122500
20160223,189.6800,191.7100,189.0600,189.3600,832400
20160224,189.1700,190.3600,186.9400,188.9600,776100
20160225,191.9400,192.1500,189.9100,190.6700,899100
20160226,190.4000,192.9100,190.3500,192.0300,979300
20160229,189.7300,192.8200,189.0300,190.7900,1734300
20160301,194.5600,194.6600,190.7000,190.7700,1226200
20160302,195.2900,195.7300,193.6700,194.3800,1099500
20160303,197.4100,197.5500,193.3500,196.2700,1366100
20160304,198.5200,198.5900,195.3300,197.2700,1503800
20160307,199.6500,200.0800,197.2500,198.0600,1193100
20160308,197.6900,199.4700,197.0400,198.3200,1003800
20160309,197.7700,199.4700,197.3500,198.1400,1000600
20160310,198.0200,199.8800,195.9900,198.8700,1029000
20160311,201.3100,201.3100,198.1800,200.5200,1527700
20160314,199.0900,201.5700,197.6400,200.2600,1433900
20160315,199.6400,199.9400,198.0800,198.3800,888900
20160316,200.5400,201.2700,197.1700,198.7600,915000
20160317,205.1300,206.0000,200.0400,200.7900,1702300
20160318,204.9600,206.8800,203.4400,205.0500,2486800
20160321,203.0000,205.7800,202.3700,205.5800,1082600
20160322,202.3700,203.4000,201.3900,202.5600,1011700
20160323,201.5000,203.1800,200.9100,201.0800,1068200
20160324,201.4400,201.7300,199.7800,200.3700,731600
20160328,203.0700,203.7300,200.9500,201.9400,625800
20160329,206.9400,207.0600,203.5200,203.8200,1085100
20160330,205.7300,207.6800,205.6500,207.3800,929200
20160331,207.6900,208.1200,205.9300,206.2400,1442300
20160401,209.1000,209.9200,206.9000,207.5000,1256800
20160404,208.7600,210.4100,207.4200,209.4300,823300
20160405,207.0500,208.5100,206.6100,207.9700,966900
20160406,208.6600,208.9500,205.8900,206.4300,939400
20160407,206.7900,208.8700,205.5800,208.5200,902300
20160408,207.1000,208.1600,206.7300,207.3200,1050000
20160411,206.6800,208.1700,206.6200,207.9900,943100
20160412,208.1100,208.9400,206.6600,207.2800,885900
20160413,207.6400,209.1500,206.7000,209.1500,800700
20160414,207.9500,208.3700,205.8000,207.7200,1033600
20160415,207.8700,208.2100,206.0600,207.7600,1066700
20160418,209.0700,209.4300,207.4400,207.8700,861100
20160419,208.2600,209.4500,208.0000,209.4200,1007600
20160420,203.7200,207.0500,203.3500,206.5000,2636900
20160421,199.2900,204.4800,199.1100,203.5600,1704600
20160422,202.1400,202.6900,199.7900,199.7900,1397800
20160425,203.6700,203.6700,201.1700,201.6500,1245500
20160426,203.9500,204.6100,202.0300,204.4100,1439000
20160427,204.5700,205.4700,202.8800,204.7200,1407900
20160428,203.6600,205.1700,202.9200,202.9700,759700
20160429,201.1700,203.3700,200.1200,203.0000,1504900
20160502,204.5200,205.0000,202.6800,202.7800,872800
20160503,204.9600,205.0900,203.1700,203.2700,758100
20160504,207.6200,207.8100,203.2700,203.2700,1107800
20160505,208.4400,208.5300,205.9500,206.6200,1106000
20160506,210.8200,210.8800,207.7300,208.2500,1091000
20160509,213.0400,213.0900,209.3000,210.7000,1206100
20160510,213.9200,214.8000,213.0900,213.6900,1133500
20160511,203.2400,213.4700,202.3000,213.4300,4023100
20160512,204.0400,205.3300,199.7500,204.0100,3067600
20160513,196.4900,200.8000,195.1200,200.8000,3369700
20160516,199.3800,200.2300,195.4700,196.5300,1797400
20160517,195.4700,199.1800,194.3500,198.1500,1921900
20160518,193.4900,195.8700,190.8200,194.6400,2431800
20160519,193.8500,194.2600,191.2500,191.9700,1913900
20160520,195.1300,196.8700,194.0400,194.9200,2263300
20160523,195.7500,196.7600,194.1800,195.4500,1280800
20160524,197.6300,199.4100,196.2500,196.8800,1488500
20160525,196.0900,198.3800,194.7700,197.9400,1531800
20160526,197.1300,198.1500,195.0000,196.2900,812900
20160527,197.7700,198.5800,196.6800,197.1900,880300
