20150529,16.4700,16.6800,16.3700,16.5100,7478900
20150601,16.4000,16.5400,16.2400,16.5400,5084700
20150602,16.4500,16.6000,16.3400,16.3400,3663100
20150603,16.5600,16.5800,16.3800,16.4200,3899200
20150604,16.6000,16.7400,16.4200,16.5200,5346000
20150605,16.4500,16.6900,16.4300,16.6800,4210100
20150608,16.3900,16.5200,16.3400,16.4000,4316400
20150609,16.2200,16.5700,16.1100,16.3200,8957900
20150610,16.4900,16.5700,16.2300,16.2900,6452200
20150611,16.4700,16.6600,16.4000,16.6100,4669300
20150612,16.3300,16.4700,16.2600,16.3900,4820400
20150615,16.1600,16.3000,16.0400,16.2700,4032100
20150616,16.1400,16.2200,16.0600,16.1600,3860000
20150617,16.2600,16.3900,16.1400,16.1600,6089200
20150618,16.4300,16.4800,16.2800,16.3300,7984600
20150619,16.3800,16.5900,16.3500,16.4700,10119000
20150622,16.3300,16.4600,16.2000,16.4200,3926200
20150623,16.6200,16.6500,16.2800,16.2800,10525400
20150624,15.8500,16.2200,15.5500,16.2100,17745400
20150625,15.8300,15.9600,15.7300,15.7700,9090100
20150626,16.0500,16.0600,15.7700,15.7700,8416000
20150629,15.3200,15.9500,15.3000,15.8900,9000300
20150630,15.3100,15.4700,15.2400,15.4100,5426000
20150701,15.5500,15.6100,15.3400,15.4800,6396400
20150702,15.5500,15.6600,15.4800,15.4800,6041200
20150706,15.5200,15.5800,15.3700,15.3800,3986900
20150707,15.6800,15.6900,15.2800,15.4400,6314200
20150708,15.3300,15.6200,15.2600,15.5000,5398800
20150709,15.2500,15.5700,15.2500,15.4700,5481600
20150710,15.3900,15.4900,15.3500,15.4500,3661600
20150713,15.5900,15.6400,15.3400,15.4500,8475400
20150714,15.5300,15.6000,15.4700,15.5400,4402300
20150715,15.4500,15.6500,15.4300,15.6200,5795000
20150716,15.3400,15.5200,15.3200,15.4600,7709600
20150717,14.7000,15.3400,14.5400,15.2700,16828000
20150720,14.6300,15.0200,14.5900,14.8100,10782000
20150721,14.6300,14.8400,14.5500,14.5700,7586800
20150722,14.8200,14.9100,14.6600,14.6700,5474600
20150723,14.4400,14.8600,14.3700,14.8500,9708300
20150724,14.2200,14.4400,14.1800,14.4400,8698900
20150727,13.9500,14.2200,13.9100,14.1800,7848800
20150728,13.9100,14.1700,13.7400,14.0600,8574700
20150729,13.9700,14.0000,13.8500,13.9000,4782200
20150730,14.3200,14.5200,14.0100,14.1000,8708500
20150731,14.7100,14.7200,14.2500,14.3200,11626100
20150803,14.1300,14.7000,14.0700,14.6900,7406000
20150804,14.1900,14.3700,13.9800,14.1200,7018100
20150805,14.4100,14.7100,14.1400,14.2700,12357100
20150806,14.0400,14.5000,14.0000,14.4500,6712100
20150807,13.9600,14.1800,13.9100,14.0200,7007200
20150810,14.2600,14.3500,14.0600,14.1500,8051300
20150811,14.1200,14.3700,14.0500,14.1600,6858300
20150812,14.1600,14.1700,13.6400,14.0100,8201900
20150813,14.0800,14.2800,14.0400,14.1300,5460500
20150814,14.2300,14.2900,14.0400,14.0800,3888700
20150817,14.2300,14.2300,13.9900,14.1200,2952400
20150818,14.1500,14.3700,14.0800,14.2700,5482500
20150819,14.1200,14.2800,13.8400,13.9600,8532600
20150820,14.0400,14.2300,13.9200,13.9500,7272500
20150821,13.7900,14.2600,13.7800,13.9300,8372000
20150824,13.4700,13.6300,12.5100,13.1700,17156400
20150825,13.2400,13.8500,13.2400,13.5700,12551900
20150826,13.3300,13.7500,13.1000,13.5500,11060500
20150827,13.7200,13.7900,13.2600,13.4200,7251000
20150828,13.7500,13.8500,13.5200,13.5900,7489400
20150831,14.2100,14.3300,13.5000,13.7700,10381500
20150901,13.6900,14.1700,13.6100,13.9000,11745100
20150902,14.1300,14.1400,13.8300,13.9100,7796200
20150903,13.8000,14.2500,13.7500,14.1200,8989400
20150904,13.6000,13.8000,13.4800,13.7100,10684300
20150908,14.1900,14.2400,13.7900,13.9000,7406200
20150909,13.9800,14.4000,13.9500,14.2900,4891100
20150910,13.8600,14.0700,13.8000,13.9300,4676400
20150911,13.8600,13.9500,13.6200,13.7900,5668500
20150914,13.7300,13.8700,13.7000,13.7800,4289600
20150915,13.7000,14.1100,13.6000,13.7400,7449500
20150916,13.9100,13.9800,13.7200,13.7300,6588300
20150917,13.8300,14.1300,13.7700,13.9300,5109700
20150918,13.5100,13.8500,13.4400,13.6600,10107300
20150921,13.5400,13.8900,13.5100,13.5400,5379600
20150922,12.7500,13.2700,12.4300,13.1800,23326800
20150923,12.4000,12.8400,12.3900,12.6700,7696900
20150924,12.6900,12.9400,12.2800,12.3300,13747400
20150925,12.3700,12.7200,12.2400,12.6200,8595700
20150928,11.9000,12.4800,11.8700,12.2900,7248700
20150929,11.8300,12.2900,11.7600,12.1800,8391700
20150930,11.7300,11.9700,11.6900,11.9500,11472600
20151001,11.9400,11.9600,11.6100,11.8200,9306800
20151002,12.1500,12.1600,11.6500,11.8000,11306200
20151005,12.3600,12.4200,12.1900,12.2600,6891000
20151006,12.3700,12.4900,12.2500,12.2900,6783600
20151007,12.6400,12.7800,12.3900,12.4800,10713600
20151008,12.6200,12.7400,12.4300,12.5800,8523100
20151009,12.3700,12.6400,12.2400,12.5900,7598400
20151012,12.1900,12.4900,12.1800,12.4400,6337200
20151013,12.0300,12.3200,11.9700,12.0900,5980600
20151014,12.5500,12.6400,11.8700,12.1200,18939600
20151015,12.5400,12.8500,12.4500,12.4800,12468200
20151016,12.5500,12.6600,12.4100,12.5400,7934300
20151019,12.5800,12.6000,12.4800,12.5500,5036900
20151020,12.4900,12.7100,12.4600,12.5200,4227400
20151021,12.5800,12.6400,12.3600,12.5400,8916700
20151022,12.6500,12.7700,12.5300,12.7100,6797100
20151023,12.6100,12.7800,12.4300,12.7500,5685900
20151026,12.9200,13.1800,12.6400,12.8200,11726100
20151027,12.7200,13.1000,12.6400,12.8900,8173200
20151028,12.9400,13.0000,12.7300,12.8000,7301200
20151029,12.9500,13.0300,12.7700,12.8300,5405400
20151030,12.9900,13.0800,12.8300,12.9300,4997200
20151102,13.0900,13.1900,12.7200,12.9800,7625200
20151103,13.3700,13.5000,12.9700,13.0200,9802000
20151104,13.0400,13.4000,13.0300,13.3400,5762000
20151105,13.3100,13.3400,13.0800,13.0900,4775000
20151106,13.2000,13.2600,13.0700,13.1900,5330200
20151109,12.8300,13.1900,12.7900,13.1700,6945100
20151110,13.0400,13.0500,12.7200,12.7600,5323700
20151111,12.9100,13.1600,12.7100,13.1100,4451500
20151112,12.7800,12.9400,12.7200,12.8000,3769800
20151113,12.6000,13.1000,12.3500,12.7500,10482900
20151116,12.7100,12.7400,12.4500,12.6000,5618800
20151117,12.4500,12.7400,12.2400,12.5700,10707600
20151118,12.1100,12.5800,11.8400,12.4100,12466400
20151119,12.0500,12.2600,11.6900,12.1000,10686800
20151120,12.2900,12.3300,11.9300,12.1600,11189400
20151123,12.1800,12.4400,12.0800,12.3500,6947100
20151124,12.2500,12.3400,12.0100,12.0200,7228000
20151125,12.3200,12.4200,12.1800,12.2900,6345500
20151127,12.3100,12.4600,12.2700,12.3800,3945000
20151130,12.0700,12.3300,12.0300,12.3100,9165900
20151201,12.1800,12.2600,12.0200,12.1900,8986900
20151202,12.0500,12.3000,12.0200,12.1800,6873000
20151203,11.9600,12.7900,11.8500,12.1700,12618600
20151204,12.3600,12.4200,11.9200,11.9900,11952200
20151207,10.6600,12.3500,10.5500,12.2800,45771300
20151208,10.0800,10.5600,9.7500,10.5100,38072000
20151209,9.8600,10.3100,9.8200,10.0800,14020600
20151210,9.9600,10.1000,9.7500,9.8400,12685900
20151211,9.5000,9.7300,9.4200,9.4800,14760200
20151214,9.4000,9.5700,9.0300,9.5300,17530900
20151215,9.6000,9.8700,9.4700,9.4900,17226700
20151216,9.5600,9.7000,9.4500,9.6300,15055200
20151217,9.4800,9.5800,9.3400,9.4000,19641300
20151218,9.4200,9.5600,9.3600,9.4300,36913500
20151221,9.3900,9.5800,9.3200,9.3900,10294500
20151222,9.4300,9.5100,9.3900,9.4000,6268200
20151223,9.5300,9.6800,9.4300,9.4500,5610900
20151224,9.6200,9.6600,9.5200,9.5600,3422100
20151228,9.6200,10.0600,9.5100,10.0600,7285800
20151229,9.5600,9.7200,9.4900,9.6500,4884900
20151230,9.5300,9.7100,9.5000,9.5700,4441100
20151231,9.4700,9.5600,9.3200,9.5300,4548100
20160104,9.5200,9.5300,9.2500,9.3500,8084400
20160105,9.7000,9.7300,9.4400,9.5300,8683400
20160106,9.5600,9.8000,9.4300,9.5800,10757800
20160107,9.8300,9.8600,9.3400,9.3900,13166100
20160108,9.5100,9.8800,9.4600,9.8100,13221600
20160111,9.4500,9.7500,9.2500,9.5900,7668600
20160112,9.4400,9.7200,9.2600,9.4500,7715900
20160113,9.3000,9.5800,9.2600,9.4400,9975500
20160114,9.1400,9.4300,8.9900,9.2700,8403700
20160115,9.0300,9.1200,8.8300,8.9400,7570100
20160119,8.8100,9.1900,8.7000,9.1900,11383400
20160120,8.8200,8.8700,8.2900,8.7000,12565100
20160121,8.9700,9.1400,8.7800,8.8400,9586100
20160122,8.9100,9.2000,8.7800,9.1000,7387100
20160125,8.6800,9.0300,8.6500,8.9000,5766300
20160126,8.8100,8.9500,8.6700,8.6800,7037200
20160127,8.9000,9.0700,8.7200,8.8300,4587600
20160128,8.7300,8.9900,8.6700,8.9200,7981400
20160129,8.9200,8.9700,8.7100,8.7700,9423500
20160201,8.8200,8.8900,8.7200,8.8700,6861900
20160202,8.5500,8.7900,8.4900,8.7200,5597800
20160203,8.6800,8.6900,8.3300,8.6100,7207600
20160204,8.7400,8.9600,8.6200,8.7000,9673500
20160205,8.9200,9.0400,8.7200,8.7300,6705900
20160208,8.5600,8.9000,8.4800,8.8400,6812800
20160209,8.4000,8.6000,8.3500,8.5100,7750300
20160210,8.4100,8.7300,8.3800,8.6800,7714500
20160211,8.1900,8.6700,8.0400,8.6700,5453800
20160212,8.3200,8.4100,8.1000,8.2300,6004900
20160216,8.8500,8.8700,8.3700,8.4200,8195100
20160217,9.1600,9.3500,9.0200,9.0600,8545300
20160218,9.5300,9.5500,9.1300,9.1600,9035800
20160219,9.4800,9.5900,9.3700,9.5200,11021600
20160222,9.4900,9.7000,9.3500,9.5800,4644800
20160223,9.2800,9.5800,9.2300,9.4600,6149300
20160224,9.1900,9.3100,8.9800,9.2700,10070700
20160225,9.4100,9.4600,9.0700,9.1800,7073700
20160226,9.4900,9.5600,9.3400,9.5400,6871400
20160229,9.4500,9.6000,9.3600,9.4900,6252400
20160301,9.6600,9.7500,9.4500,9.5400,4794200
20160302,9.7000,9.8000,9.5800,9.5800,5128200
20160303,9.8700,9.9100,9.6300,9.6800,6080100
20160304,9.6000,9.8800,9.2800,9.4800,9389400
20160307,9.6200,9.8100,9.5000,9.5200,8047600
20160308,9.5000,9.8400,9.4900,9.6500,11023700
20160309,9.5900,9.7400,9.4800,9.5400,6157800
20160310,9.5200,9.6500,9.3200,9.6000,5055900
20160311,9.7500,9.7500,9.5400,9.6100,5724900
20160314,9.6500,9.7800,9.6200,9.7000,5464100
20160315,9.6000,9.7700,9.5100,9.6400,6124300
20160316,9.6900,9.7800,9.5000,9.6700,6616200
20160317,9.8900,10.1300,9.7800,9.8100,16327800
20160318,10.0000,10.0600,9.8200,9.9200,13735000
20160321,9.6900,10.1300,9.6800,10.0200,9306300
20160322,10.3000,10.3900,9.5100,9.5100,13403900
20160323,10.0500,10.4300,9.8500,10.2000,9317600
20160324,10.7600,11.0600,10.5200,10.6200,20345000
20160328,10.9000,11.0500,10.7300,10.8000,13609400
20160329,11.1000,11.2500,10.7100,10.7400,15317000
20160330,11.0100,11.3000,10.9700,11.2500,9144300
20160331,11.0300,11.1300,10.8600,10.9800,9247400
20160401,11.1800,11.2200,10.8500,10.9700,7842200
20160404,11.0400,11.2800,11.0000,11.0900,9042100
20160405,10.8800,11.3400,10.8400,10.9300,19356600
20160406,11.0400,11.2000,10.8300,10.8500,11933300
20160407,10.9300,11.2100,10.8400,10.9900,9556800
20160408,11.0200,11.1000,10.8000,11.0100,7602500
20160411,11.0300,11.3100,11.0200,11.1000,7412300
20160412,11.2100,11.2400,10.9800,11.1000,7672900
20160413,11.2500,11.3100,11.1400,11.2200,6872000
20160414,11.1200,11.2500,10.9700,11.2400,7378300
20160415,11.1500,11.1800,11.0100,11.1200,6098200
20160418,11.1200,11.2000,11.0200,11.1300,7402900
20160419,11.0300,11.3700,10.9000,11.1400,12871900
20160420,10.8900,11.0200,10.6000,10.9200,10814100
20160421,10.5600,11.0400,10.5300,11.0400,13693800
20160422,10.5000,10.7000,10.4700,10.6000,8002900
20160425,10.4500,10.4900,10.2600,10.4500,7808100
20160426,10.6400,10.7400,10.4500,10.5000,9306600
20160427,10.6700,10.6900,10.3900,10.6200,6401900
20160428,10.3800,10.6800,10.3800,10.6300,4708200
20160429,10.2000,10.4000,10.1000,10.3800,5940500
20160502,10.3800,10.4200,10.1200,10.2600,7894700
20160503,10.3100,10.3400,10.0600,10.2700,6181500
20160504,10.3600,10.4000,10.1900,10.2600,5543000
20160505,10.1600,10.4000,10.1200,10.3600,4883400
20160506,10.2600,10.3000,9.9000,10.1500,10380900
20160509,10.3000,10.8300,10.2100,10.8300,6830500
20160510,10.3600,10.4200,10.1700,10.3600,7798200
20160511,8.4600,8.8200,8.3000,8.7400,71923696
20160512,8.2200,8.5500,8.2100,8.5100,25767200
20160513,8.2900,8.4300,8.2100,8.2500,13035800
20160516,8.3400,8.3900,8.1800,8.2900,9651700
20160517,8.2800,8.3900,8.2200,8.3400,13949100
20160518,8.2400,8.4800,8.1500,8.2300,14474900
20160519,8.0200,8.2900,8.0000,8.2200,10185300
20160520,8.1000,8.1900,8.0300,8.1400,7470600
20160523,8.2800,8.4200,8.2800,8.3900,10443900
20160524,8.4800,8.5500,8.1700,8.2800,12417700
20160525,8.5600,8.5700,8.4300,8.5400,6176300
20160526,8.5900,8.6700,8.5300,8.5400,9873600
20160527,8.7100,8.7400,8.5800,8.6400,7113300
