20150529,42.6800,43.1300,42.5800,42.9800,3475900
20150601,41.9800,42.9200,41.9500,42.8500,3282800
20150602,42.3400,42.4600,41.8600,41.9800,3010400
20150603,42.9500,43.1000,42.4700,42.4700,3008500
20150604,42.4700,43.0000,42.3300,42.6800,2019300
20150605,43.0200,43.4900,42.8200,43.0000,2927000
20150608,42.8400,43.5400,42.8100,43.1100,3213900
20150609,43.4100,43.5300,42.7900,42.9300,2855600
20150610,44.0100,44.3000,43.5300,43.6400,2985000
20150611,43.8700,44.1500,43.7400,44.0500,2261800
20150612,43.7400,43.9100,43.4200,43.7800,1982400
20150615,43.9200,44.1700,43.0800,43.3700,3333800
20150616,44.3000,44.4400,43.7100,43.7900,2738400
20150617,43.8900,44.5800,43.7800,44.4600,3399200
20150618,43.8700,44.1600,43.4200,43.9000,4423500
20150619,43.5900,43.8900,43.5300,43.7200,3200400
20150622,44.1600,44.2000,43.8800,44.0500,2380800
20150623,44.5000,44.6900,44.2700,44.5300,2899300
20150624,44.1300,44.5900,44.0500,44.3700,3131600
20150625,43.8100,44.4700,43.7800,44.2900,2611200
20150626,43.8700,44.2400,43.7900,44.0100,2752500
20150629,42.6300,43.4500,42.6100,43.0500,3605000
20150630,43.0200,43.6600,42.7500,43.2200,3512800
20150701,43.8100,43.8900,43.5200,43.7100,2669900
20150702,43.5400,43.8300,43.2600,43.4400,3099500
20150706,43.5000,43.6100,42.8700,42.8700,3935800
20150707,43.0600,43.5300,42.3200,43.4500,4312700
20150708,42.4400,42.7700,42.3200,42.5700,3234200
20150709,43.2100,43.4300,42.9900,43.0600,3850400
20150710,43.8700,44.1100,43.3300,43.9600,3608700
20150713,44.3300,44.5100,44.0000,44.3300,3920900
20150714,44.7600,44.7800,43.9100,44.0600,3972500
20150715,45.2600,45.5100,44.6700,44.9300,4019400
20150716,45.3500,45.5300,45.0600,45.4600,4454200
20150717,44.7500,45.8400,44.3000,45.7800,3820000
20150720,44.6600,44.9400,44.5500,44.7700,4193900
20150721,44.7800,45.3200,44.6400,44.7500,3856900
20150722,44.7000,45.1400,44.3700,44.7400,5172900
20150723,44.3400,45.0400,44.0800,44.6400,3594800
20150724,44.3100,44.6500,44.0800,44.2700,3390900
20150727,43.9200,44.2000,43.7500,43.9800,3274700
20150728,44.1900,44.3800,43.7500,44.2800,3143100
20150729,44.4800,44.5500,44.0700,44.2800,2640900
20150730,44.6900,44.7800,44.3100,44.3400,1897200
20150731,44.3400,44.7200,44.2800,44.6400,2393000
20150803,44.0100,44.5900,43.7100,44.3500,3661300
20150804,44.1500,44.6700,44.0900,44.2200,3590300
20150805,44.6400,45.0200,44.3800,44.4400,2270300
20150806,44.4200,44.9000,44.2400,44.7200,2075700
20150807,43.8700,44.7500,43.6900,44.4500,2656000
20150810,44.6900,44.7000,44.1200,44.1600,2722100
20150811,43.9900,44.3500,43.7300,44.2000,2298100
20150812,42.9500,43.6700,42.3200,43.6000,4864800
20150813,43.3700,43.3900,42.8300,42.9900,3240000
20150814,44.1400,44.1800,43.2800,43.3700,3023700
20150817,44.1600,44.5100,43.6700,43.8000,2981300
20150818,44.2600,44.4900,44.0400,44.2500,2272600
20150819,43.8300,44.2000,43.6100,44.0700,3993200
20150820,42.3800,43.4900,42.3800,43.2700,3669200
20150821,40.7300,42.0300,40.7000,41.8800,6065200
20150824,38.3100,39.7100,37.4700,37.9500,8193400
20150825,37.6400,39.6000,37.6100,39.5400,6532100
20150826,39.0300,39.0800,37.8000,38.7000,4969700
20150827,40.4600,40.5000,39.2200,39.2200,6257200
20150828,40.5100,40.6300,40.0900,40.1600,4069300
20150831,40.3700,40.5400,40.0700,40.2300,3338300
20150901,38.4700,39.5100,38.1900,39.3100,4311000
20150902,38.9500,39.2000,38.2500,39.1500,3932200
20150903,39.3300,39.7700,38.9500,39.1400,4299600
20150904,38.8100,39.0300,38.5300,38.7700,4439600
20150908,39.9200,39.9400,39.3700,39.6600,3396200
20150909,39.4200,40.6800,39.3500,40.4600,4263800
20150910,39.6500,39.9000,39.1100,39.2300,3631100
20150911,39.5100,39.5700,39.1200,39.4000,3307200
20150914,39.6000,39.8400,39.2200,39.4500,3823000
20150915,40.1200,40.2100,39.6800,39.8100,4297700
20150916,40.0600,40.5000,39.4900,40.1800,3506400
20150917,39.0500,40.3400,38.8600,39.9700,4967200
20150918,37.7900,38.5800,37.7000,38.4200,6034900
20150921,38.3200,38.5300,38.0400,38.1500,4731600
20150922,37.8800,37.9900,37.5300,37.6900,4424900
20150923,38.0000,38.1200,37.6200,37.8700,4103000
20150924,37.7200,37.7800,37.3500,37.5000,7858900
20150925,38.5500,38.7200,38.2400,38.4000,5922300
20150928,37.2700,38.4300,37.2100,38.3100,5542800
20150929,37.5800,37.6200,37.0900,37.3700,4323800
20150930,38.2400,38.2700,37.6200,38.1100,4661100
20151001,38.5900,38.6800,38.0200,38.2600,5346000
20151002,38.2900,38.2900,36.7900,37.3400,5334800
20151005,39.2300,39.3500,38.4500,38.6700,4939300
20151006,39.2000,39.5600,38.9900,39.1100,4533800
20151007,39.5500,39.8800,39.2000,39.4800,4260500
20151008,39.8500,39.9500,39.2300,39.2900,4152300
20151009,39.4300,40.1300,39.3800,39.8300,3486900
20151012,39.5600,39.6600,39.1900,39.3300,2001600
20151013,39.3100,39.6500,39.2400,39.3100,2491300
20151014,38.5000,39.3300,38.3400,39.2200,3512000
20151015,39.5200,39.5200,38.6000,38.8800,3493800
20151016,40.0100,42.0000,39.4000,42.0000,8768500
20151019,39.8900,40.7000,39.5500,39.9000,6618700
20151020,40.4900,40.8300,39.8400,40.1800,4099600
20151021,40.2300,40.9600,40.2100,40.7600,5181900
20151022,40.7900,41.4400,40.3300,40.4600,4474300
20151023,41.7500,41.7700,41.1100,41.2600,4600300
20151026,41.3700,41.7800,41.1900,41.6100,2830000
20151027,41.1500,41.4200,40.8700,41.0100,4356200
20151028,42.5200,42.8800,41.0300,41.1500,6348200
20151029,42.4100,42.9000,42.1300,42.4200,4490000
20151030,41.5200,42.4300,41.2300,42.3400,9212700
20151102,42.5500,42.7100,41.6100,41.7500,3834900
20151103,42.5900,42.7300,42.0900,42.2800,4556700
20151104,42.6900,42.9600,42.5500,42.7700,3279700
20151105,43.3900,43.6800,42.5800,42.5800,4919000
20151106,44.0300,45.2400,43.8700,44.7300,6275700
20151109,43.2300,44.3000,43.0100,44.2700,5925800
20151110,43.7500,43.8400,43.0300,43.0800,3676900
20151111,43.4500,44.1200,43.3500,44.1100,2571900
20151112,42.5800,43.3200,42.5800,43.2200,3650700
20151113,41.9700,42.7300,41.8400,42.5300,4890100
20151116,42.7900,42.8000,41.7500,41.8800,3137300
20151117,42.9500,43.4900,42.6100,43.0000,3413900
20151118,43.7700,43.8300,42.9300,43.1700,3334800
20151119,43.6000,43.8500,43.1400,43.7600,3447000
20151120,43.4800,43.9400,43.2800,43.7500,2193200
20151123,43.4300,43.9100,43.4000,43.5000,2208800
20151124,43.4100,43.5600,43.0000,43.1900,3251900
20151125,43.3100,43.5400,43.0200,43.3500,1803900
20151127,43.5200,43.5700,43.1500,43.4100,1012900
20151130,43.4200,43.8700,43.3600,43.5200,2896600
20151201,44.0000,44.2300,43.5100,43.7400,3237900
20151202,43.3600,44.2000,43.3100,44.1100,3366300
20151203,42.7200,43.7300,42.6500,43.5200,3378100
20151204,44.3400,44.4700,42.6300,42.9300,5857200
20151207,43.8200,44.2600,43.3700,44.1000,3887400
20151208,43.1400,43.6200,42.8700,43.3400,3958800
20151209,42.2700,43.2300,41.9100,42.8900,5590300
20151210,42.8400,43.3200,42.0600,42.2300,3824700
20151211,41.7900,42.3400,41.5000,42.1100,2929500
20151214,41.9900,42.4200,41.3200,41.9500,4662200
20151215,43.3000,43.6000,42.5500,42.5800,3864400
20151216,44.0700,44.2200,42.9400,43.6200,4548900
20151217,43.2400,44.3600,43.2200,44.2400,3309300
20151218,42.1900,43.0800,42.1100,42.9900,10957500
20151221,42.4500,42.7900,41.9900,42.5100,2392100
20151222,42.8000,42.8800,42.1300,42.7900,2624900
20151223,43.3500,43.3700,42.8200,43.0500,2642400
20151224,43.3600,43.6200,43.1500,43.3300,974600
20151228,43.1700,43.2000,42.5500,43.1200,2497400
20151229,43.8100,43.9500,43.3600,43.5200,2581700
20151230,43.3100,43.7500,43.3000,43.7400,2020400
20151231,42.8400,43.4300,42.8300,42.9900,2288900
20160104,41.5800,42.0400,41.1200,41.8600,4936500
20160105,41.7700,41.9700,41.4600,41.6600,4372300
20160106,41.2000,41.4300,40.6400,40.9200,4812300
20160107,39.4800,40.7100,39.4300,40.2600,6482500
20160108,38.9100,40.2300,38.8200,40.2200,4535100
20160111,38.7100,39.4500,38.3600,39.3000,5057500
20160112,39.3900,39.5100,38.6100,39.4600,4401200
20160113,38.1000,39.7500,37.9800,39.6900,6758500
20160114,38.2600,38.7800,37.7500,38.4000,5855200
20160115,37.4400,37.5800,36.6400,37.1400,5314000
20160119,37.1200,38.0300,36.7800,37.9900,5104600
20160120,36.5500,37.0000,35.2800,36.0700,6347700
20160121,36.0600,37.0000,35.9200,36.5000,6400600
20160122,35.2700,36.7600,35.1100,36.6400,9779600
20160125,34.1200,35.2300,34.0500,35.1400,10558100
20160126,35.0200,35.0600,34.2000,34.3100,5525100
20160127,35.3000,36.0500,34.7400,34.8100,10959200
20160128,36.3200,36.5700,35.3500,35.4600,7898000
20160129,36.5800,36.6000,35.7200,36.4300,6991300
20160201,36.1100,36.4900,35.8900,36.2900,5041900
20160202,34.3700,35.4100,34.1900,35.3600,7322200
20160203,34.4600,34.7800,33.2300,34.7400,6760300
20160204,34.8700,35.3300,34.3000,34.4500,4385900
20160205,34.3200,35.3600,34.1700,34.9500,4398300
20160208,32.6000,33.7800,32.1300,33.7200,8374500
20160209,33.1600,33.4400,31.8200,31.9000,6186400
20160210,32.8400,33.8600,32.8400,33.5300,4996700
20160211,31.3600,32.3200,31.0700,31.7600,6923700
20160212,33.5300,33.5600,32.1400,32.2100,5503600
20160216,34.2900,34.8100,33.6600,34.1600,4770900
20160217,34.4300,35.1300,34.3300,34.7900,4002500
20160218,33.8900,34.8000,33.6100,34.5900,5467800
20160219,34.1500,34.2300,33.5500,33.7900,3696500
20160222,34.8500,34.9300,34.4800,34.5300,3623800
20160223,33.8300,34.8800,33.6100,34.6600,3718600
20160224,33.4200,33.4800,32.4500,33.0600,4846500
20160225,33.8000,34.0600,33.4600,33.6200,3911700
20160226,34.5400,35.0100,33.9800,34.1800,3897100
20160229,33.1800,34.4000,33.1800,34.4000,6878500
20160301,35.0100,35.0100,33.4500,33.5400,5430800
20160302,35.9900,36.0800,34.9700,35.0600,4839400
20160303,36.5500,36.5600,35.8700,35.8800,3436900
20160304,37.0500,37.5400,36.7300,36.9200,3833000
20160307,36.7400,36.9100,36.4300,36.7700,2975100
20160308,35.4200,36.4300,35.3400,36.4000,6687800
20160309,35.0500,35.8500,34.7900,35.7900,5976400
20160310,35.6700,35.7800,34.8900,35.4000,5811500
20160311,36.9900,37.0300,35.9900,36.0700,3597200
20160314,36.8900,37.1200,36.6300,36.7700,2598000
20160315,36.8400,36.8900,36.3100,36.3900,2270300
20160316,36.3900,37.2500,36.0400,36.6900,3483500
20160317,36.6300,36.7900,35.7500,36.2500,3256800
20160318,37.1900,37.4900,36.7900,37.0000,6853800
20160321,37.1100,37.5600,36.8000,37.0100,2382300
20160322,36.9700,37.1700,36.6200,36.8800,2585500
20160323,36.6300,37.0600,36.6000,36.9500,2761200
20160324,36.6000,36.6900,35.7600,36.1700,3311600
20160328,36.7800,37.0200,36.4200,36.6400,2223900
20160329,36.3300,36.5000,35.7500,36.4800,3163400
20160330,36.4900,36.9600,36.2200,36.5200,2393300
20160331,36.0800,36.4700,35.8100,36.4700,4406700
20160401,36.6200,36.7100,35.4200,35.9800,3786300
20160404,36.5000,37.0100,36.3300,36.5900,2864400
20160405,35.7500,36.2400,35.7100,36.0400,3942200
20160406,36.1500,36.3500,35.4300,35.6300,3645700
20160407,35.3500,35.9400,35.1000,35.6400,4805000
20160408,35.6300,36.2900,35.5300,35.7700,2636200
20160411,36.0300,36.5100,35.7900,35.8200,3354700
20160412,36.7500,36.9100,36.1100,36.1100,4813900
20160413,38.4500,38.5900,37.2000,37.2500,7032300
20160414,38.6900,39.3100,38.3400,38.3400,5047600
20160415,38.4700,38.8400,38.2800,38.7700,3767400
20160418,38.6600,38.8900,38.0800,38.2000,2685300
20160419,39.2400,39.2500,38.6900,38.7800,2768300
20160420,39.7700,39.8700,39.1600,39.4000,3356000
20160421,39.8700,40.2100,39.7100,39.8700,3415700
20160422,41.9600,42.3400,40.7300,40.8100,8225500
20160425,41.9900,42.0100,41.2200,41.9500,4259800
20160426,42.4400,42.7300,41.7700,41.9800,4830900
20160427,42.5700,43.0300,42.0700,42.6000,4908500
20160428,42.0700,42.6200,41.8400,42.0900,3501100
20160429,41.7400,42.0100,41.4600,41.7600,5413100
20160502,42.1300,42.2300,41.5000,42.0500,4709800
20160503,41.4300,41.6300,41.0900,41.4300,4402100
20160504,40.6400,41.3300,40.2400,40.8100,4572500
20160505,40.3600,40.8900,40.1500,40.5000,4795900
20160506,40.6300,40.6600,39.9100,40.0800,3038600
20160509,40.3600,40.8800,40.0600,40.4600,3815900
20160510,41.4600,41.5500,40.6100,40.7100,4813300
20160511,41.4000,41.9200,40.8100,41.2100,4434400
20160512,41.3500,42.0100,40.9400,41.6300,3830300
20160513,40.5600,41.8000,40.3900,41.2400,3034500
20160516,41.0800,41.2700,40.5700,40.6200,3332300
20160517,41.1000,41.5700,40.5900,40.9200,4016500
20160518,42.8100,42.8400,40.9100,41.0600,6091600
20160519,42.6200,43.1800,42.1000,42.4800,4997300
20160520,42.5500,43.2600,42.3600,42.9200,3909200
20160523,42.4900,42.8100,41.9700,42.5500,3653700
20160524,43.1100,43.3100,42.6500,42.8400,3399100
20160525,43.9800,44.3200,43.4700,43.4700,3901100
20160526,43.3400,43.8400,43.1100,43.7100,2719700
20160527,43.8200,43.9400,43.2100,43.3400,2572300
