20150529,102.4400,103.5900,101.9800,103.1900,1134700
20150601,102.8300,103.1700,101.9400,102.3600,947200
20150602,103.4000,103.9500,102.3900,102.4500,1037000
20150603,103.8700,104.2400,103.4100,103.6700,1660500
20150604,103.0700,103.6500,102.6900,103.4000,1503800
20150605,103.5000,103.6300,102.8500,102.8600,896700
20150608,103.6400,104.1400,103.3400,103.5100,1115200
20150609,103.9700,104.2600,103.3800,103.6600,861800
20150610,106.3900,106.5200,104.2300,104.3000,1540300
20150611,106.7900,107.2400,106.3000,106.7800,1478400
20150612,106.2800,106.7000,106.0000,106.5900,853800
20150615,105.6900,105.7900,105.0700,105.3000,904500
20150616,105.7800,105.9600,105.2700,105.6400,1131500
20150617,105.6000,106.3500,104.8700,106.2700,1133200
20150618,106.5600,106.8300,104.7900,104.7900,785500
20150619,106.8600,107.1900,106.3800,106.7100,1299000
20150622,107.2900,107.6900,106.9600,107.4800,686700
20150623,107.3300,107.5600,107.1400,107.2800,659000
20150624,106.3600,107.4200,106.0400,107.3500,1034600
20150625,105.7000,106.7300,105.5700,106.3800,778100
20150626,106.3900,106.4400,105.6600,105.8800,784400
20150629,104.9900,106.0700,104.9000,105.5300,834800
20150630,105.2400,106.5900,104.8300,105.6800,1069000
20150701,107.5000,108.6300,106.7000,106.7000,2290700
20150702,107.7100,107.8500,107.0900,107.7500,1111000
20150706,107.3800,108.1300,106.3200,106.7500,737200
20150707,107.6500,107.8400,106.0700,107.6600,958200
20150708,106.1900,107.2400,105.7400,107.2400,1000200
20150709,105.8200,107.9300,105.8000,107.7100,961700
20150710,106.6600,107.1700,106.1800,107.1700,829400
20150713,107.5800,107.6900,107.1400,107.6000,780200
20150714,107.5900,107.9700,107.4700,107.6100,863300
20150715,107.1800,107.7200,106.9100,107.5900,657700
20150716,107.2100,108.0300,107.1400,107.8900,906900
20150717,107.3500,107.4700,106.6600,107.1000,624200
20150720,107.9000,108.2800,107.1600,107.4900,1033200
20150721,106.7900,107.7600,106.2600,107.6100,1102600
20150722,106.6900,107.1300,106.1800,106.6800,911400
20150723,106.3500,107.1300,106.1000,106.3500,755300
20150724,105.1400,106.3600,104.7000,106.2200,959400
20150727,104.6800,104.9000,104.1600,104.4600,1016800
20150728,106.1700,106.7800,104.8100,104.9800,1375900
20150729,108.1700,108.6700,105.7700,106.2000,2506300
20150730,104.5100,111.1800,104.3400,109.6100,3568100
20150731,105.4900,106.0100,104.5600,104.5600,2357100
20150803,103.7400,105.2500,102.9300,104.7900,2166400
20150804,103.9700,104.4200,103.5700,103.9500,1111800
20150805,105.2800,105.5000,103.8400,103.8400,1869700
20150806,105.2000,105.9500,104.7500,105.4500,952100
20150807,104.6900,105.3600,104.5000,105.1500,1140700
20150810,105.9900,106.8000,105.6800,105.6800,1489100
20150811,105.0200,105.1000,104.2900,104.8500,1182000
20150812,104.6900,105.0500,103.1700,104.3900,1141200
20150813,104.5000,104.8200,103.5400,103.7100,890100
20150814,105.4100,105.5600,104.4900,104.8000,864100
20150817,105.7400,106.0000,104.4800,105.0900,649900
20150818,105.8500,106.2200,105.3400,105.7900,964400
20150819,105.7600,106.4200,104.9400,105.4900,1033700
20150820,104.5600,105.4300,104.5000,105.1100,1409000
20150821,101.1500,104.1900,101.0600,103.8300,2282800
20150824,96.6400,99.3700,91.1900,96.0200,2970200
20150825,94.6600,99.6100,94.5800,99.1700,2326400
20150826,97.8400,98.1300,94.8500,96.7300,2606300
20150827,100.7300,100.9600,98.5700,99.2100,1873400
20150828,100.5000,100.7100,99.1900,100.2500,975700
20150831,101.5200,102.3300,100.1800,100.5100,1507000
20150901,98.3600,99.6600,97.9400,99.1700,1782300
20150902,99.0900,99.1000,97.9000,98.8600,1547200
20150903,99.2900,100.1500,98.8500,99.1100,829300
20150904,97.7900,98.3700,97.2500,97.8100,806800
20150908,100.2800,100.3100,98.9300,99.6900,845200
20150909,99.0900,101.7000,98.9300,101.1300,770800
20150910,98.7300,99.6000,98.1900,98.8500,717600
20150911,99.8800,99.9100,98.0800,98.4300,857900
20150914,99.0100,99.8800,98.6700,99.7800,734400
20150915,101.2500,101.5500,99.0000,99.4300,1099200
20150916,101.7000,102.2100,100.8400,100.9300,920700
20150917,100.9500,106.7800,100.7100,106.7800,1101000
20150918,100.3100,101.3100,99.8700,100.0800,2055800
20150921,100.7100,101.5300,100.1400,100.7400,581800
20150922,99.1200,99.7000,98.5400,99.1900,1148500
20150923,98.6500,99.6100,97.9300,99.4700,898100
20150924,98.2600,98.4200,96.8500,97.5400,1149300
20150925,98.3500,99.0200,97.9200,98.8900,739500
20150928,96.6600,97.8900,96.5100,97.6600,678200
20150929,94.9000,97.0800,94.5600,96.7400,1373100
20150930,96.9800,97.1600,95.1900,96.0400,1403200
20151001,96.6200,97.3900,95.7200,96.9400,1149500
20151002,97.4600,97.4600,94.8900,94.8900,1400300
20151005,99.7900,99.9900,98.2400,98.2400,1129700
20151006,99.8800,100.4900,99.2800,99.7800,680800
20151007,100.4400,101.4900,99.1000,100.4400,680200
20151008,101.7400,102.4200,99.3800,100.0600,972500
20151009,101.5500,103.1100,101.3000,102.0000,1117900
20151012,101.5100,102.0000,100.9100,101.5700,611600
20151013,100.3200,101.6500,100.1000,100.8500,607000
20151014,98.4300,100.3500,98.2000,100.2800,966000
20151015,98.7300,99.1200,97.6100,98.7100,1057000
20151016,98.5100,99.0200,97.8100,98.9900,889800
20151019,98.2400,99.4300,98.0000,98.2500,1251700
20151020,98.6000,99.6700,97.6400,97.9000,1170800
20151021,98.1500,99.3700,97.9300,98.9700,1203700
20151022,105.4700,106.1500,102.1500,105.0000,3641600
20151023,106.0500,106.9700,105.0300,106.5800,1211700
20151026,106.1800,106.7000,105.1300,106.1000,1202100
20151027,105.9500,106.4500,104.9600,105.3200,1287300
20151028,107.1400,107.3200,105.6200,106.2300,980400
20151029,106.4600,107.3200,105.5400,107.1200,1084900
20151030,105.9800,107.2800,104.7400,106.8100,1454100
20151102,107.3100,107.5000,105.7900,106.2800,1328700
20151103,107.4500,107.7100,106.5200,106.9200,1094700
20151104,107.2800,108.1400,106.9000,107.9500,928900
20151105,107.1100,107.8800,106.5300,107.3700,1679900
20151106,107.5000,107.5000,105.7300,106.8100,1087500
20151109,106.5600,107.3700,106.1500,106.8800,1213900
20151110,106.8800,107.1300,105.7900,106.1700,711600
20151111,107.0600,107.5700,106.1600,107.3200,639000
20151112,105.0600,106.9300,104.8100,105.8200,1064100
20151113,104.4400,105.5300,104.2700,105.0200,1184100
20151116,105.6900,105.7500,104.1900,104.3800,568600
20151117,105.1200,106.0300,104.9000,106.0300,823900
20151118,107.0000,107.1600,105.5500,105.7000,1442000
20151119,107.3400,107.6900,106.7700,107.1300,982900
20151120,107.7200,108.4700,107.3500,108.0000,1337200
20151123,107.9900,108.2900,107.4900,107.7000,1553800
20151124,107.4800,107.6400,106.5300,107.4900,1745600
20151125,108.2900,108.7400,107.5800,107.7900,1066900
20151127,109.0600,109.2200,108.2300,108.2700,655900
20151130,109.1600,109.5000,108.3700,109.1400,1774900
20151201,110.1500,110.2300,109.0500,109.4400,1443200
20151202,109.3700,110.0900,109.2100,109.9200,1482300
20151203,108.2900,109.9600,107.7300,109.7400,1126300
20151204,110.0600,110.1500,108.3400,108.4200,1362200
20151207,110.1700,110.4100,109.3200,109.6100,1088100
20151208,109.3400,110.0400,108.8400,108.9300,1112200
20151209,108.0900,109.7000,107.8500,108.6500,1648000
20151210,108.5700,109.2800,108.0200,108.2000,1206700
20151211,107.0000,107.7700,106.5900,107.3600,1518800
20151214,108.7300,108.7800,107.1700,107.3100,1554500
20151215,107.5100,109.5200,107.1800,109.5200,1505800
20151216,109.4000,109.5100,107.8900,108.2200,1194100
20151217,107.5400,109.8400,107.4600,109.6300,1755500
20151218,104.5600,107.5100,104.3600,107.5100,3344000
20151221,104.5800,105.4800,103.3800,105.3300,1623400
20151222,105.7400,106.1400,104.0800,105.0000,922800
20151223,107.0600,107.3200,105.7500,106.1900,1162800
20151224,106.9500,107.1900,106.3100,106.8400,338400
20151228,106.9900,107.5300,106.1900,106.8000,1092500
20151229,107.9200,108.2500,106.8800,107.8300,990200
20151230,107.2300,108.4700,107.2100,108.0200,632300
20151231,106.7300,107.5600,106.5500,106.8100,636900
20160104,104.8700,105.0000,103.6600,104.9400,1304500
20160105,102.7100,105.6000,102.4400,105.1600,2550400
20160106,101.2900,102.8300,100.8200,101.3300,1385900
20160107,98.4100,100.3700,98.2800,99.1200,1438600
20160108,96.4400,98.9300,96.2800,98.5900,1978500
20160111,96.2900,97.0600,95.3300,96.8900,959900
20160112,97.9100,98.3700,96.4900,97.2200,1502100
20160113,96.2300,99.1700,96.1100,98.3900,1189800
20160114,97.8200,98.3800,95.2900,96.6300,1321900
20160115,95.7000,96.2000,94.8600,95.1100,1617300
20160119,95.6700,96.9600,94.9500,96.8600,1159900
20160120,93.6700,94.9700,90.4000,94.3000,2010300
20160121,92.8500,94.9500,92.4800,93.6600,1928400
20160122,93.9900,95.4300,92.6300,94.4600,1682200
20160125,93.6100,94.6300,92.9100,93.4400,1731300
20160126,96.2200,96.5700,94.2400,94.3600,1160600
20160127,96.1200,98.5500,95.6600,96.1100,1920100
20160128,91.8200,93.5500,89.0100,90.2700,5059000
20160129,94.3400,94.3400,91.9500,91.9500,4084600
20160201,94.2300,94.7000,92.0100,93.5200,2364900
20160202,92.9600,94.8500,92.6000,94.2200,2010700
20160203,95.5100,95.6600,92.3900,94.4200,1889100
20160204,96.1100,98.2500,95.0000,95.1100,2066000
20160205,93.2500,96.1400,93.1700,95.6200,1943800
20160208,90.4200,92.2400,89.3900,92.0100,2107400
20160209,90.6300,91.4500,89.5700,89.5700,1363300
20160210,91.2700,92.1300,90.6600,90.9400,1924000
20160211,90.1400,90.9900,88.7200,89.7600,1821700
20160212,91.7600,92.3800,90.9400,91.3400,1390000
20160216,92.9700,93.9300,92.6800,93.1700,1751200
20160217,93.0600,94.0100,92.2400,93.7500,1305600
20160218,92.6100,93.3400,92.0000,92.8900,1297900
20160219,92.0000,92.5900,91.5700,92.4700,1611600
20160222,94.1100,94.1700,93.1500,93.1500,856900
20160223,93.6000,95.0000,93.0000,94.0800,877900
20160224,93.7200,93.9000,92.6600,92.6700,1192100
20160225,95.0700,95.0800,93.5000,94.0500,816900
20160226,95.5900,96.1200,95.0800,95.5000,876200
20160229,94.0100,95.4800,94.0100,95.1500,1624200
20160301,96.7800,97.0100,94.6600,94.8900,834200
20160302,96.8200,97.4000,95.8300,96.6400,1116000
20160303,97.5100,97.6900,96.2000,96.6300,912800
20160304,98.5900,98.6700,97.3300,97.3300,1049200
20160307,99.1300,99.5000,95.5700,98.2200,1233700
20160308,98.6600,99.1900,97.9500,98.2500,1027300
20160309,98.9900,99.4500,98.3300,98.9200,885200
20160310,98.3500,99.5800,97.4700,99.0300,943700
20160311,100.0000,100.1600,99.0400,99.0400,730500
20160314,99.7300,100.3700,99.4400,99.5600,905800
20160315,99.8200,99.9800,98.7000,99.0000,893500
20160316,99.8000,100.0800,98.6200,99.7800,1025500
20160317,101.7100,102.0200,99.7200,99.8000,1280200
20160318,101.7600,102.1400,100.6100,101.8900,2040800
20160321,103.4800,103.8400,101.1800,101.4900,1421500
20160322,103.1800,103.4900,102.6100,102.8700,977600
20160323,102.9500,103.9600,102.2700,102.8000,1454600
20160324,103.5100,103.5100,102.1800,102.5900,1208500
20160328,103.7300,103.8900,102.8000,103.5100,570000
20160329,105.7100,105.9600,103.5700,103.7400,1224800
20160330,105.1700,106.4800,104.7900,106.4800,649100
20160331,105.2100,105.6500,104.7500,105.2900,886200
20160401,106.6400,106.7600,104.2000,104.3100,1083800
20160404,105.4400,106.5400,105.1400,106.5400,880900
20160405,104.5700,105.4800,104.2800,104.8900,638000
20160406,105.7400,105.7700,103.8900,104.5700,653800
20160407,104.7700,105.7600,104.3700,104.8300,806400
20160408,105.8400,106.3800,105.3300,105.8300,809400
20160411,106.1000,107.0800,106.0300,106.4400,620500
20160412,107.4900,107.6000,106.1200,106.4100,887300
20160413,109.2400,109.3300,107.9600,107.9900,1246900
20160414,108.9600,109.6200,108.0100,109.4700,1046200
20160415,108.7900,109.4700,108.4100,109.1900,1053200
20160418,109.1100,109.1100,108.0300,108.3100,958600
20160419,109.0600,109.9500,108.3200,109.5900,864800
20160420,108.2200,109.1800,108.0300,108.9500,2166700
20160421,112.2700,113.1600,109.3800,109.9000,3148800
20160422,111.6700,113.5500,110.9800,112.6500,1463900
20160425,111.5200,111.9300,111.1700,111.6300,891200
20160426,112.7800,113.0500,111.5300,111.9500,1257500
20160427,113.1900,113.6900,112.2100,112.9200,1334900
20160428,112.4100,113.4900,111.8100,112.2700,1188900
20160429,111.9200,112.6300,111.3800,111.9300,1220100
20160502,112.0800,112.7300,111.5400,112.0200,1108900
20160503,110.5800,111.1900,109.5100,111.0800,1017500
20160504,110.3500,110.5600,109.6000,110.3200,886700
20160505,110.3600,110.9600,110.0100,110.6400,1269400
20160506,111.3000,111.3300,109.8300,110.1700,781800
20160509,110.8600,111.4900,110.5400,110.8800,800000
20160510,112.9900,113.0500,110.9500,111.3100,831200
20160511,112.9700,113.4600,112.3000,113.0000,777300
20160512,113.6500,113.9500,112.6400,113.4200,888600
20160513,113.2100,114.3500,112.2600,113.4100,1141000
20160516,114.0100,114.3000,112.6100,112.9000,1007200
20160517,113.5000,114.6200,113.0900,113.9700,1109500
20160518,113.2500,114.0100,112.5900,113.3100,781100
20160519,112.3300,112.6200,111.0700,112.4000,795400
20160520,112.9700,113.4300,112.2800,113.0400,1868800
20160523,112.9300,113.4900,112.0100,113.0500,661700
20160524,114.4700,114.7000,113.0500,113.6800,649100
20160525,114.2100,115.1500,114.0000,114.7000,862100
20160526,113.6200,114.5400,113.3900,114.3200,627600
20160527,113.1800,113.5600,112.7800,113.3900,746200
