20150529,32.2900,32.5900,32.1250,32.5600,850000
20150601,32.4100,32.6200,31.9000,32.3600,483000
20150602,32.6500,32.7700,32.2600,32.2800,466700
20150603,33.1800,33.6200,32.5100,32.6900,1834900
20150604,32.7500,33.1100,32.6750,33.0400,793000
20150605,32.8000,32.8900,32.5100,32.8500,319000
20150608,32.6500,32.8000,32.5850,32.7900,482200
20150609,32.8600,32.9200,32.5000,32.6200,699900
20150610,33.3000,33.3400,32.8200,32.9700,731200
20150611,33.2200,33.8800,33.1600,33.2900,1152200
20150612,33.1200,33.4000,32.8600,33.1700,489000
20150615,32.9700,33.1400,32.5300,32.9200,1670500
20150616,32.5000,33.1600,32.4450,33.0000,632000
20150617,32.7500,32.9900,32.4400,32.6000,497600
20150618,32.8200,33.1400,32.6900,32.8000,590500
20150619,32.9200,32.9700,32.6900,32.9100,492100
20150622,32.9100,33.2500,32.7700,33.0300,459000
20150623,32.9900,33.2800,32.9100,32.9900,664600
20150624,32.7600,33.2050,32.7100,32.9900,521700
20150625,32.8100,32.8600,32.4300,32.8600,705700
20150626,32.7000,33.1600,32.5000,32.8800,2129400
20150629,32.2300,32.5600,32.1700,32.4200,738700
20150630,32.9300,33.0450,32.3740,32.5600,911600
20150701,33.3200,33.3300,32.8300,33.1000,570100
20150702,33.1400,33.3800,32.9500,33.3700,490000
20150706,32.5000,32.9100,32.3200,32.9100,1133400
20150707,32.5000,32.7900,32.1700,32.6100,1575200
20150708,32.0100,32.4600,31.9450,32.4400,621500
20150709,32.6000,32.9700,32.3800,32.5600,811700
20150710,33.0700,33.3800,32.7200,32.9000,727200
20150713,33.3500,33.5000,32.9400,33.3300,1054600
20150714,33.7700,33.9300,33.2500,33.3800,999800
20150715,34.1400,34.3650,33.6300,33.9000,831000
20150716,34.1300,34.4600,34.0700,34.2600,636200
20150717,35.0800,35.7300,34.1900,34.5000,1234000
20150720,35.9900,36.2100,35.3000,35.3000,1192800
20150721,35.6100,36.4000,35.5660,36.0200,822100
20150722,35.6800,35.8800,35.0700,35.5800,784600
20150723,35.6300,36.0700,35.4300,35.8400,507300
20150724,34.6800,35.6700,34.6300,35.5300,831300
20150727,34.6200,34.9000,34.2700,34.6200,487500
20150728,34.2300,34.8900,33.9800,34.7500,1762100
20150729,34.4800,34.7100,34.1960,34.2700,1141700
20150730,34.6000,34.8100,34.2000,34.5800,989100
20150731,34.3600,34.7600,34.3500,34.6100,941800
20150803,34.3600,34.5400,34.1600,34.4300,569100
20150804,34.4100,34.8000,34.3000,34.3700,1227500
20150805,34.5600,34.7800,34.2500,34.6000,919700
20150806,34.1300,34.8200,34.0300,34.7800,631600
20150807,33.9800,34.2100,33.4350,34.0600,646500
20150810,34.6200,34.6400,34.0300,34.1200,504500
20150811,34.6700,34.6800,34.1200,34.5900,942900
20150812,34.9600,35.0000,34.2600,34.6700,1265500
20150813,35.1600,35.3500,34.7200,34.9600,796800
20150814,35.1400,35.5000,34.7900,35.5000,529500
20150817,35.3200,35.3500,34.5000,34.8600,505700
20150818,35.1400,35.4600,34.9800,35.2700,567200
20150819,34.9600,35.2700,34.4300,34.8800,669100
20150820,34.3600,34.6850,34.1600,34.6200,1342300
20150821,33.7200,34.1800,33.6050,33.9000,2185400
20150824,33.1500,33.6600,30.2700,32.2200,3017000
20150825,32.9900,33.9700,32.6100,33.7300,2338100
20150826,32.6700,33.4500,32.2300,33.4500,2290500
20150827,32.3300,32.9900,31.8200,32.9900,2728200
20150828,32.6500,32.7700,31.9200,32.1100,1804000
20150831,32.9500,33.2600,32.4700,32.7600,1573200
20150901,31.7100,32.7000,31.5900,32.5400,2032900
20150902,31.7900,32.2520,31.3300,31.8900,1138200
20150903,32.1900,32.3490,31.8480,32.0900,920300
20150904,31.6000,32.1000,31.3400,31.7300,1590400
20150908,32.2800,32.3800,31.8200,32.0100,1969600
20150909,32.1300,32.8300,32.0300,32.5900,4099900
20150910,32.0900,32.2400,31.3700,31.6800,2324200
20150911,31.3300,32.1600,30.9000,31.9800,2728300
20150914,31.1700,31.6300,30.8200,31.2500,3086700
20150915,31.1200,31.2800,30.7900,31.0900,2380400
20150916,30.8800,31.0850,30.3300,30.7700,2265400
20150917,30.7700,31.3300,30.6700,30.8100,1058900
20150918,30.5600,30.7000,30.1200,30.5100,2047500
20150921,30.8700,31.0000,30.2500,30.5600,1573300
20150922,30.5800,30.8200,30.2000,30.7200,1376900
20150923,31.0600,31.0800,30.4900,30.6600,996300
20150924,30.8300,31.1100,30.5400,30.7000,1002700
20150925,31.0300,31.2000,30.8600,31.0600,552800
20150928,31.1600,31.3400,30.4200,31.0000,1128800
20150929,31.0400,31.3000,30.7900,31.0700,890900
20150930,31.3000,31.7300,30.9300,31.3700,2180200
20151001,31.3800,31.5800,31.1200,31.3100,858800
20151002,31.8200,31.9200,30.9700,31.2300,1125400
20151005,33.3100,33.3500,31.7300,31.8800,1210200
20151006,32.8000,33.8700,32.5300,33.8700,1247700
20151007,32.1300,33.1000,31.7900,33.0000,1733800
20151008,32.3600,32.5900,31.7800,32.1200,763600
20151009,32.3900,33.0000,32.3000,32.3100,339200
20151012,32.3400,32.6900,32.1200,32.2700,376000
20151013,31.8200,32.3650,31.8200,32.1900,1163500
20151014,31.5300,31.8200,31.4500,31.7600,1311900
20151015,31.3200,32.1300,30.5100,31.1900,9633600
20151016,30.1500,31.3700,29.7500,31.3700,11814800
20151019,31.3400,31.4650,28.9100,30.0500,18520900
20151020,32.3400,32.9000,31.3400,31.7600,11089000
20151021,32.4600,32.9000,32.0200,32.4000,7452600
20151022,31.8300,32.8120,31.2900,32.7000,6705900
20151023,31.6900,32.5000,31.4950,32.0300,7348400
20151026,31.4000,31.8700,30.8400,31.8300,7209500
20151027,31.7300,31.7600,31.0400,31.2300,7722400
20151028,31.4500,31.9100,31.1500,31.7200,7079900
20151029,30.9200,31.4000,30.6750,31.1800,7730800
20151030,30.7600,31.0000,30.6600,30.9400,8618300
20151102,31.3300,31.4100,30.5600,30.5600,5771600
20151103,32.4400,32.5800,31.1000,31.1000,16475700
20151104,32.0800,33.1700,31.8100,32.2400,12612400
20151105,32.6100,32.7110,31.6400,32.0000,10719300
20151106,33.9800,34.6000,32.8100,32.9900,15380600
20151109,32.5200,34.1900,32.1500,33.9200,18958300
20151110,31.0800,31.9800,30.9300,31.8000,38506400
20151111,30.9300,31.2300,30.6500,31.1100,42150400
20151112,30.7900,31.7400,30.6500,30.8500,41436500
20151113,30.5200,31.4900,30.4400,30.7500,31691300
20151116,30.2900,30.3900,29.9200,30.2300,25446400
20151117,30.5800,31.3600,30.3000,30.3900,128981904
20151118,31.5900,31.7500,30.7000,30.9100,28032000
20151119,31.6500,32.0300,31.0200,31.6100,29435000
20151120,31.3500,31.8900,31.1500,31.8900,19894000
20151123,31.5500,32.2500,31.3300,31.8800,26616000
20151124,31.3400,31.9500,31.1900,31.2100,47529200
20151125,31.5300,31.8700,31.2500,31.4600,15495500
20151127,31.3500,31.8400,31.3000,31.7000,8373700
20151130,31.8300,31.9400,31.4300,31.5700,20246500
20151201,32.4100,32.4400,31.8600,32.1200,11681600
20151202,31.8400,32.6000,31.7500,32.6000,8992400
20151203,31.0900,32.0500,30.8900,31.8900,20610900
20151204,32.0300,32.0300,31.1100,31.2400,15782100
20151207,31.3500,32.1000,31.1200,31.9500,11885500
20151208,31.3600,31.4050,30.7650,31.1800,15178000
20151209,30.6100,31.5850,30.3600,31.3400,16063100
20151210,31.0500,31.3100,30.6600,30.7200,9437100
20151211,29.9700,30.7800,29.8150,30.6700,10431600
20151214,29.6800,30.3550,29.3200,30.1400,15773500
20151215,30.0800,30.2450,29.7200,30.0000,9655600
20151216,30.5300,30.6800,29.9400,30.4000,8651500
20151217,30.0100,30.7500,30.0000,30.6400,8002800
20151218,29.5100,30.0000,29.3500,29.8800,15187400
20151221,29.7300,30.0600,29.5500,29.6600,5809900
20151222,30.2100,30.3400,29.7600,29.9900,6522400
20151223,30.5100,30.5600,29.9400,30.4000,4824400
20151224,30.6000,30.7230,30.3100,30.4800,1499000
20151228,30.1700,30.4900,30.1000,30.4200,3811600
20151229,30.6900,30.7100,30.3350,30.4600,3436900
20151230,30.4300,30.7000,30.4300,30.6800,2640800
20151231,30.4100,30.6300,30.1000,30.2100,3804900
20160104,29.9400,30.0100,29.3800,29.9800,8771100
20160105,30.1100,30.2800,29.4500,29.8500,7438000
20160106,29.9000,30.0300,29.4800,29.8300,9158200
20160107,29.1200,29.8300,29.0000,29.4700,11194100
20160108,28.8400,29.5250,28.7800,29.3600,10400000
20160111,28.7000,29.0300,28.3000,29.0000,11826100
20160112,28.9000,29.1900,28.5000,29.0600,8363300
20160113,27.5700,29.8800,27.5200,29.8200,15222300
20160114,28.1800,28.2800,26.2800,27.6000,20004800
20160115,27.6400,27.7200,26.9900,27.4400,14396200
20160119,28.0300,28.1550,27.5600,27.8000,9772000
20160120,27.6200,27.9100,26.8200,27.3400,9686700
20160121,27.7300,28.2500,27.3000,27.6200,9065900
20160122,29.0600,29.4400,28.7500,29.3000,16868400
20160125,28.4800,29.2500,28.3900,29.0800,9094400
20160126,28.6600,28.9200,28.3200,28.5100,7516300
20160127,28.4400,29.0200,28.2800,28.5500,8640000
20160128,27.9900,28.8500,27.5900,28.5000,12522100
20160129,28.4200,28.4300,27.2900,28.1300,15306500
20160201,28.4700,28.6000,27.9300,28.4300,6804500
20160202,27.0100,28.2900,26.9700,28.2300,15173400
20160203,26.3400,27.2900,25.3400,27.0400,24158300
20160204,26.3100,26.5600,26.0000,26.2600,16964900
20160205,25.2300,26.5400,25.0000,26.3400,15336200
20160208,24.4800,25.0900,24.0950,24.9800,16427000
20160209,25.0800,25.3200,24.0800,24.2800,13511600
20160210,25.0100,25.8500,24.9600,25.1900,7275500
20160211,24.5000,24.8500,23.7400,24.2900,12026000
20160212,25.3700,25.3800,24.8000,24.9000,6712000
20160216,26.1400,26.2100,25.4700,25.7500,9707100
20160217,26.2700,26.9100,26.1500,26.3900,10161400
20160218,26.6200,26.7300,26.0450,26.2300,8378400
20160219,26.7700,26.9600,26.2700,26.5000,7630600
20160222,27.7100,28.0000,26.7700,26.7700,10824900
20160223,27.5100,27.7700,27.0500,27.7100,11508900
20160224,27.7300,27.7700,26.6800,27.1700,8471500
20160225,27.7800,27.8900,27.4050,27.7000,6595900
20160226,27.9300,28.2350,27.3500,27.9600,8585900
20160229,26.9500,27.9320,26.9000,27.8500,10730000
20160301,27.5300,27.5300,26.7800,27.2500,11207200
20160302,28.2500,28.3700,27.6000,27.7000,10265600
20160303,28.5600,28.6700,28.0250,28.2600,8990300
20160304,28.6000,28.9900,28.3700,28.7400,6100900
20160307,28.5200,28.5650,27.9090,28.4400,6311600
20160308,27.7000,28.4300,27.6400,28.2900,6172900
20160309,27.6800,28.0600,27.5400,27.8400,6986500
20160310,27.8100,28.2200,27.3000,27.8000,6062300
20160311,28.8200,28.8500,28.0550,28.1400,8137100
20160314,28.4500,28.7500,28.2250,28.6300,3516300
20160315,27.6800,28.2250,27.5700,28.1600,7092500
20160316,27.6200,27.8250,27.4100,27.6500,9234000
20160317,28.1000,28.2500,27.2100,27.6200,8940500
20160318,28.4600,28.6400,28.1500,28.2700,10736400
20160321,28.7900,28.9000,28.3300,28.4000,6588800
20160322,28.6100,28.6400,28.2500,28.4900,5258700
20160323,28.4200,28.7500,28.2550,28.5800,4987700
20160324,28.4500,28.5500,28.0670,28.2000,4163800
20160328,28.3800,28.5310,28.2100,28.5100,3162900
20160329,28.4000,28.4300,27.9000,28.2600,5991200
20160330,28.3800,28.7450,28.2500,28.5400,4875900
20160331,28.6600,28.7600,28.0800,28.3800,5304900
20160401,29.3300,29.5000,28.5100,28.6200,8118500
20160404,28.9700,29.3600,28.8600,29.2400,3868200
20160405,28.6100,28.7900,28.4000,28.6100,5062000
20160406,28.6500,28.7000,28.1200,28.4900,4227800
20160407,27.9700,28.5100,27.8000,28.4200,6413400
20160408,28.0200,28.4200,27.7600,27.9000,6296500
20160411,27.8700,28.4100,27.8600,28.0600,5655800
20160412,28.1600,28.2600,27.8500,27.9700,6152800
20160413,28.9200,28.9400,28.2900,28.3800,7194700
20160414,29.0800,29.2600,28.8000,28.8000,4535400
20160415,28.9400,29.4000,28.7800,29.2900,3216300
20160418,29.1300,29.1800,28.7600,28.8100,2620100
20160419,29.8200,29.8700,29.1700,29.2000,7751600
20160420,30.6700,30.7600,29.9400,29.9400,11727100
20160421,30.4200,30.7400,30.2800,30.5800,6627600
20160422,30.5000,31.1900,30.0300,30.0300,9138500
20160425,30.4400,30.8900,30.1900,30.4700,5870200
20160426,31.1600,31.2000,30.4500,30.5900,7473100
20160427,30.8800,31.1400,30.5700,31.1400,7985000
20160428,30.9700,31.2300,30.5000,30.6200,5877200
20160429,30.5700,31.0000,30.2850,30.7800,4882200
20160502,31.3300,31.4500,30.6900,30.7800,6896500
20160503,31.0800,31.1800,30.6300,30.9900,5326300
20160504,30.2400,30.8600,30.1300,30.7600,6927400
20160505,29.8300,30.4300,29.7900,30.2800,5833000
20160506,30.0800,30.1150,29.5000,29.6600,6064900
20160509,29.9600,30.3350,29.8800,30.1300,2870200
20160510,30.5600,30.7000,30.0400,30.0700,3707600
20160511,29.9300,30.4600,29.9000,30.3600,7737300
20160512,29.4200,30.2300,29.3200,30.2100,8601300
20160513,29.0400,29.6500,28.9500,29.2900,6881300
20160516,28.9400,29.3200,28.9100,29.0400,7656800
20160517,29.2700,29.6990,28.7300,28.7900,6252700
20160518,30.1100,30.1250,29.2100,29.2700,7386000
20160519,29.9400,30.2500,29.5800,29.8600,6112700
20160520,29.8800,30.3700,29.7400,30.0400,4904800
20160523,29.8300,30.0300,29.4700,29.7800,3354900
20160524,30.3000,30.4400,29.9700,30.0000,4692700
20160525,30.6600,30.9750,30.4000,30.4300,6028900
20160526,30.8900,30.9800,30.4000,30.6400,5610800
20160527,31.1600,31.2400,30.7660,31.0000,5247500
