20150529,37.1600,37.3100,37.1000,37.2400,4846300
20150601,37.2300,37.4200,37.0700,37.2100,4107900
20150602,37.3000,37.4100,37.0400,37.2200,3209500
20150603,37.5700,37.6000,37.1600,37.4600,3835300
20150604,37.5200,37.6100,37.3500,37.5700,6661500
20150605,37.0900,37.4700,37.0300,37.4400,5086200
20150608,37.0600,37.1900,37.0000,37.0500,2749200
20150609,37.1000,37.6000,37.0800,37.6000,3119600
20150610,37.2300,37.4400,37.1800,37.2300,3804900
20150611,37.1300,37.4600,37.1200,37.2500,6312100
20150612,36.9200,37.1900,36.9200,37.1300,5712200
20150615,37.0100,37.0800,36.6800,36.7100,3488900
20150616,37.2500,37.2900,37.0100,37.0100,2199600
20150617,37.3100,37.3700,37.0000,37.2500,3743800
20150618,37.4000,37.7000,37.3600,37.4200,3026000
20150619,37.3800,37.5800,37.2700,37.2900,3980200
20150622,37.6000,37.6600,37.4300,37.5000,2041700
20150623,37.5900,37.6100,37.4500,37.5900,1965500
20150624,38.7500,38.9900,37.1300,37.2100,15418800
20150625,38.3000,38.7100,38.0600,38.7000,9127700
20150626,38.3700,38.4300,38.1000,38.2100,10551300
20150629,37.5400,38.4200,37.4200,38.4200,11969300
20150630,36.1000,37.2700,35.9700,37.2500,16803700
20150701,35.9900,36.1700,35.7700,35.9000,11503100
20150702,35.9200,36.0900,35.7400,36.0000,5430200
20150706,35.6800,35.9200,35.5000,35.7000,8391000
20150707,36.0300,36.1400,35.4500,35.6800,4365700
20150708,36.0500,36.2200,35.7000,35.8500,5114100
20150709,36.0000,36.4700,36.0000,36.4100,4578500
20150710,36.0500,36.3200,36.0100,36.2600,2521100
20150713,36.1200,36.3200,36.0700,36.1600,2975400
20150714,36.1700,36.2300,36.0100,36.1100,2633400
20150715,36.0300,36.3100,35.9700,36.1800,2385400
20150716,36.1400,36.2200,35.9800,36.1100,2213000
20150717,36.3500,36.3600,35.9600,36.0900,3565700
20150720,36.2700,36.3200,36.0300,36.3200,2839500
20150721,36.3000,36.4200,36.1400,36.2500,4290800
20150722,36.2200,36.4100,36.1400,36.2900,3357600
20150723,36.1400,36.3300,36.0700,36.2000,3469900
20150724,36.0000,36.1400,35.8900,36.1400,3058800
20150727,35.7800,35.8900,35.5500,35.8900,4181500
20150728,36.0200,36.0500,35.6200,35.8400,3925400
20150729,36.2500,36.3400,35.9900,36.0700,2742700
20150730,36.0600,36.1200,35.9200,36.1000,3172500
20150731,36.3100,36.5000,36.1400,36.2300,3099200
20150803,36.2700,36.3600,35.8900,36.0200,2464100
20150804,36.4500,36.4700,36.0000,36.2800,8687200
20150805,36.7600,36.8600,36.5500,36.6300,6263900
20150806,36.2500,36.6100,35.9700,36.6000,11785500
20150807,36.9300,36.9400,35.7300,35.7600,11239700
20150810,37.5900,37.9500,36.9100,37.1900,14246200
20150811,37.9700,38.1200,37.3800,37.4200,9812300
20150812,38.6300,38.7700,37.6500,37.8600,8207700
20150813,38.5200,38.7900,38.2400,38.6900,7792200
20150814,41.3800,41.8700,38.4200,38.5200,30108300
20150817,41.1500,41.3700,40.7000,40.8100,11117400
20150818,41.1500,41.3400,41.0200,41.1400,6704900
20150819,40.9600,41.1500,40.6900,41.1000,6957500
20150820,40.5500,41.0200,40.5200,40.7500,6354800
20150821,39.7000,40.6800,39.6700,40.4800,7892600
20150824,39.2600,39.8300,38.1200,38.7400,13531300
20150825,39.0400,40.1900,39.0400,39.9800,9560900
20150826,39.9500,40.0400,39.1200,39.8000,8679300
20150827,40.3000,40.5300,39.6100,40.2000,5485000
20150828,39.9100,40.4200,39.7400,40.2500,5344200
20150831,39.8700,39.9900,39.5800,39.9200,7574700
20150901,39.0800,39.3900,38.8600,39.3900,9320700
20150902,39.7700,39.7700,39.1600,39.3600,4627200
20150903,39.9100,40.1200,39.6900,39.6900,5137000
20150904,39.5700,39.7400,39.3200,39.5600,4840700
20150908,40.0700,40.1700,39.7700,40.1700,6046400
20150909,39.6000,40.3100,39.5300,40.2700,3918200
20150910,39.3700,39.7300,39.2200,39.5200,7886700
20150911,39.9500,39.9700,39.1700,39.4700,5034200
20150914,39.8800,39.9300,39.5000,39.8300,4038100
20150915,39.4600,40.0300,39.0300,39.9700,8726000
20150916,39.5300,39.5900,39.1000,39.5100,7832100
20150917,39.5100,39.8600,39.2400,39.6000,6160000
20150918,39.4800,39.7300,38.9800,38.9800,12607400
20150921,39.8500,39.9400,39.4100,39.5100,4925600
20150922,39.3500,39.6300,39.2400,39.5200,5134900
20150923,39.4500,39.4900,39.1900,39.4400,4591500
20150924,39.7100,39.8100,39.2100,39.3200,7543500
20150925,39.7300,40.2000,39.4100,39.8900,7571400
20150928,38.7200,39.8400,38.7100,39.6400,6512900
20150929,38.9300,39.1400,38.7200,38.8800,5080100
20150930,38.9700,39.2300,38.7300,39.0300,4911000
20151001,38.6100,38.9000,38.4100,38.7200,5010000
20151002,39.4000,39.4100,38.3400,38.3600,4810100
20151005,40.2100,40.2300,39.4700,39.6000,7938000
20151006,40.0800,40.2600,39.8000,40.1400,6607000
20151007,40.5600,40.5600,40.0300,40.1400,4868700
20151008,40.9500,40.9600,40.2800,40.5100,4653400
20151009,40.9300,41.0700,40.7300,41.0000,4582800
20151012,41.2400,41.2400,40.8700,40.9300,2845300
20151013,41.2400,41.5200,41.0100,41.0100,4876700
20151014,40.4500,41.2600,40.3000,41.1400,4294500
20151015,40.7900,40.8700,40.4200,40.5900,2733500
20151016,41.4300,41.4600,40.8100,40.8800,3114000
20151019,41.4200,41.4600,41.1100,41.2900,2577100
20151020,41.0900,41.5300,41.0400,41.3600,3055700
20151021,41.5400,41.8700,41.0000,41.1800,3696100
20151022,41.7100,42.0300,41.6700,41.7200,4269000
20151023,41.7600,41.9400,41.5100,41.8300,3490200
20151026,41.4900,41.8000,41.4700,41.7900,3580000
20151027,41.6300,41.6600,41.1500,41.1800,3624000
20151028,41.5700,41.8600,41.1500,41.6200,3540000
20151029,41.7900,41.9500,41.3700,41.4700,2923300
20151030,41.2500,41.8600,41.2500,41.6500,6045500
20151102,41.0400,41.2100,40.2000,40.9800,6554800
20151103,40.9600,41.0100,40.5500,40.8800,5389800
20151104,40.7900,41.4700,40.6400,41.2400,3340200
20151105,41.0600,41.1600,40.6700,40.7900,2414500
20151106,40.9300,41.0100,40.6500,40.8100,3101600
20151109,40.4700,40.9200,40.1300,40.7700,4330700
20151110,40.5300,40.7200,40.3000,40.4000,2659900
20151111,40.3600,40.5300,40.2900,40.5000,4247100
20151112,40.2200,40.3700,39.9000,40.1800,4659200
20151113,39.9700,40.2600,39.6900,40.1300,7653500
20151116,40.5900,40.6200,39.8700,39.9700,3517500
20151117,40.4800,40.9300,40.3400,40.6000,2900500
20151118,41.1500,41.2100,40.4100,40.4700,3280100
20151119,41.4000,42.0000,41.2600,41.4100,5467200
20151120,40.9200,41.6900,40.8800,41.5800,3563200
20151123,41.4000,41.5100,40.9900,41.0200,4785500
20151124,41.3200,41.5500,41.0000,41.1900,4800700
20151125,41.5000,41.7400,41.3100,41.3200,2689800
20151127,41.5500,41.6300,41.2900,41.5200,1413200
20151130,41.1000,41.6200,41.0900,41.5200,4553300
20151201,41.0400,41.4100,40.9800,41.3400,5645900
20151202,41.0100,41.2300,40.9200,41.0500,2721400
20151203,40.5100,41.2900,40.3900,41.0700,5370700
20151204,41.1000,41.4400,40.6500,40.6500,5312400
20151207,41.0700,41.3300,40.8000,41.1300,4952000
20151208,41.1700,41.3100,40.5600,40.7800,4457900
20151209,41.1300,41.3700,40.7400,40.9200,4496700
20151210,41.1100,41.2800,40.8700,41.1400,3610900
20151211,40.9100,41.0800,40.7600,40.8400,4634200
20151214,41.2100,41.2500,40.7700,40.9700,4547600
20151215,41.1400,41.3000,40.9300,40.9400,4271900
20151216,41.5400,41.6100,41.0200,41.3700,3492200
20151217,41.2500,41.5400,41.2100,41.5400,4054700
20151218,40.5500,41.1400,40.5500,41.0200,7196400
20151221,40.8600,40.9900,40.5100,40.7400,3511700
20151222,41.2700,41.3800,40.8800,40.9800,4612100
20151223,41.5500,41.6600,41.2600,41.4800,2436800
20151224,41.3000,41.5400,41.3000,41.4300,938900
20151228,41.5100,41.5900,41.1900,41.2300,2137200
20151229,41.5300,41.8200,41.4700,41.6400,2133100
20151230,41.4600,41.7500,41.4100,41.5500,2203000
20151231,41.0000,41.3300,40.9500,41.2500,3417800
20160104,40.6100,40.6700,40.2800,40.5300,5885400
20160105,40.6400,40.7600,40.3200,40.6300,3855100
20160106,40.1900,40.2900,39.8400,40.0200,7391200
20160107,39.7900,40.2300,39.7100,39.7100,5704400
20160108,39.8000,40.1800,39.7500,39.9400,4311100
20160111,40.1200,40.3300,39.8100,39.8600,4573400
20160112,40.7000,40.7100,40.2100,40.3100,4564000
20160113,40.0400,40.8700,40.0000,40.7000,4812900
20160114,40.1300,40.4100,39.8300,40.1700,5017600
20160115,39.8600,39.9700,39.1700,39.3000,6213600
20160119,39.9600,40.3100,39.5700,40.1400,4386200
20160120,39.6600,40.0000,38.8400,39.5700,4772900
20160121,39.4000,39.8700,38.9600,39.8000,6134100
20160122,39.5900,39.7700,39.3300,39.7700,4372000
20160125,39.1000,39.6400,38.9700,39.6100,6492600
20160126,39.2500,39.6100,39.0500,39.1700,3829700
20160127,39.3100,39.6000,39.0700,39.3100,3412100
20160128,39.5000,39.7600,39.1300,39.4300,4967800
20160129,39.8100,39.9600,39.4100,39.5700,6410100
20160201,43.1500,43.3500,41.4000,41.7500,19429100
20160202,42.7900,43.2400,42.3500,42.5200,13275900
20160203,43.2300,43.5600,42.7400,43.3100,9384600
20160204,43.4400,43.7400,43.0000,43.1600,6663100
20160205,43.0700,43.9700,42.9500,43.8800,7310500
20160208,43.1200,43.2100,42.5600,42.7500,6192900
20160209,42.6100,43.1500,42.5600,42.7800,6732300
20160210,42.7100,43.3800,42.6100,42.9500,6945600
20160211,42.6100,42.8200,42.2800,42.4700,4739100
20160212,43.2100,43.3300,42.5700,42.7700,4838600
20160216,43.7600,43.9400,43.2100,43.2800,5512600
20160217,44.3800,44.5300,43.6600,43.9300,4533400
20160218,44.5200,44.5400,44.0800,44.4000,4169600
20160219,44.9900,45.1100,44.3400,44.3600,5328900
20160222,42.7900,44.8800,42.0500,44.5500,16023100
20160223,42.9000,43.1500,42.4800,42.8500,5375400
20160224,43.1000,43.1500,42.5000,42.7700,3690300
20160225,43.5600,43.7100,43.0000,43.1100,3631100
20160226,43.2600,43.7400,42.7700,43.5500,3888100
20160229,44.1300,44.3200,43.0900,43.3500,6310100
20160301,44.5700,44.7900,44.3600,44.5900,4581600
20160302,45.0300,45.0700,44.2600,44.4300,3551200
20160303,45.0000,45.0500,44.6400,44.8000,2667300
20160304,45.0200,45.3400,44.7200,44.8100,2653000
20160307,45.0900,45.1800,44.6900,44.8100,2504800
20160308,44.8700,45.3900,44.7700,45.0400,3167400
20160309,45.0400,45.4200,44.7900,44.8700,3558600
20160310,45.1000,45.6100,44.7100,45.2700,6682700
20160311,45.8400,46.1700,45.4300,45.5500,4269900
20160314,45.8000,45.9300,45.5300,45.6300,3880600
20160315,45.8700,46.1600,45.5100,45.6000,3683800
20160316,46.0400,46.1700,45.5800,45.7900,2901500
20160317,46.1100,46.4700,45.8700,46.0800,3563000
20160318,46.6300,46.6600,46.0100,46.1300,9478200
20160321,46.3500,46.6900,46.2800,46.4100,3504800
20160322,46.3400,46.6500,46.1600,46.2500,3959300
20160323,46.3500,46.5900,46.0900,46.1700,2954700
20160324,46.2400,46.4200,46.1000,46.2400,4348000
20160328,46.2400,46.4700,46.1400,46.2600,2512700
20160329,46.4600,46.5800,46.0300,46.2500,3694500
20160330,46.6300,46.7800,46.1000,46.1800,2940100
20160331,46.7300,46.9000,46.5200,46.6200,3230500
20160401,47.0800,47.1500,46.4200,46.5700,4026500
20160404,46.9900,47.1500,46.7100,47.0500,2334600
20160405,46.7000,47.1500,46.5300,46.9200,3595000
20160406,46.9800,47.0800,46.5300,46.7900,3200400
20160407,46.7600,47.1700,46.5700,46.8000,3177600
20160408,46.9400,47.0500,46.7800,46.8400,1917900
20160411,46.7100,47.2400,46.7000,47.0000,2352000
20160412,46.9500,47.0000,46.6400,46.6400,2277200
20160413,47.1000,47.1200,46.7300,47.0200,2656500
20160414,46.6100,47.1100,46.5700,47.0400,2913000
20160415,46.8200,46.8200,46.3200,46.6400,3371900
20160418,46.8800,46.9200,46.5400,46.8300,2550800
20160419,46.9800,47.2100,46.7500,47.0000,2358600
20160420,46.7500,47.0300,46.7100,46.9700,3012800
20160421,45.5800,46.7100,45.5700,46.6800,4885100
20160422,45.7700,45.7800,45.1900,45.6700,3083900
20160425,46.3000,46.3600,45.7100,45.7700,3214300
20160426,46.3000,46.7100,46.2200,46.3900,2061900
20160427,46.4100,46.6800,46.0800,46.4200,2364700
20160428,46.2600,46.6200,46.1600,46.2100,3213900
20160429,46.0700,46.3100,45.8300,46.0100,5061000
20160502,48.6100,48.6500,46.7900,46.8600,7676300
20160503,48.5100,48.9900,48.3300,48.4800,4559900
20160504,48.5200,48.8900,48.3100,48.4700,3842100
20160505,48.8700,48.9000,48.1500,48.2000,3142200
20160506,49.3700,49.4900,48.7600,48.9100,4107700
20160509,49.7200,50.3000,49.4400,49.4400,3817300
20160510,50.1700,50.2400,49.7400,49.7800,2573300
20160511,50.2200,50.3900,49.9800,50.1700,2663300
20160512,50.1800,50.6800,50.0100,50.3200,3612300
20160513,50.1500,50.5000,49.9400,50.1600,3388000
20160516,50.2100,50.5000,50.0100,50.1100,2305600
20160517,49.3000,50.3200,49.1600,50.0100,4344700
20160518,48.7000,49.2300,48.4500,49.0800,4493800
20160519,49.0700,49.1000,48.5700,48.6200,3487600
20160520,48.5500,49.3200,48.4500,49.1300,4101500
20160523,48.3900,48.7100,48.2600,48.5500,3467300
20160524,48.7100,48.8800,48.4100,48.5500,3683600
20160525,48.5900,48.8200,48.5500,48.7500,3948400
20160526,48.8400,48.9900,48.6200,48.7100,3447800
20160527,48.6600,48.9300,48.4200,48.8300,3323000
