20150529,73.3800,74.4000,73.2600,74.1900,1377700
20150601,73.0800,73.8500,72.8300,73.3200,1455100
20150602,74.0200,74.2800,72.6700,72.8100,1715900
20150603,74.7600,74.8400,73.9000,74.1500,1305300
20150604,74.8600,75.1100,74.2000,74.3200,2078600
20150605,72.6100,75.1200,71.6200,74.7100,5433600
20150608,72.8400,73.9600,72.2300,72.6400,1812500
20150609,72.4600,73.1200,71.9900,72.9500,1424000
20150610,72.6500,73.1300,72.5000,72.8100,1118700
20150611,72.7200,72.8400,72.4300,72.8100,912300
20150612,72.7700,72.8300,72.3500,72.5000,909500
20150615,71.4000,72.6500,71.2800,72.4100,2043400
20150616,72.5100,72.7200,70.9000,71.4600,1440100
20150617,72.9700,73.1100,72.2400,72.5000,1177400
20150618,73.7200,74.1200,73.0100,73.4100,1168800
20150619,73.1800,73.6600,73.0200,73.4300,1394300
20150622,73.8500,74.1500,73.6100,73.7700,1125500
20150623,72.2300,73.5900,72.2200,72.7100,2154500
20150624,72.5700,73.8900,72.1300,72.1300,2284700
20150625,72.1700,72.8000,72.0800,72.5300,1497900
20150626,72.2900,73.0700,72.2100,72.6000,992300
20150629,70.5900,71.7500,70.5500,71.5600,1254300
20150630,69.8100,71.4700,69.6900,71.2500,1575900
20150701,70.2500,70.9600,70.1300,70.3600,1181400
20150702,70.0600,70.3700,69.5100,70.0400,1053900
20150706,69.4200,69.5700,69.0000,69.4000,1705700
20150707,70.1600,70.3500,68.5000,69.3900,1320000
20150708,70.0900,71.1700,69.7900,70.3000,1869600
20150709,71.1900,71.7100,70.6600,71.1700,1999100
20150710,71.0900,72.2900,70.8100,72.0300,912900
20150713,72.1700,72.3800,71.1300,71.4000,1679500
20150714,71.6400,72.2200,71.4000,72.2200,1111800
20150715,71.6800,72.0800,71.1800,71.7700,1075000
20150716,72.1800,72.3800,71.9200,72.2000,784200
20150717,71.6500,72.1800,71.3400,71.8000,1913200
20150720,71.7200,72.0500,71.4400,71.6000,828900
20150721,71.3200,72.3400,71.0500,71.7400,686400
20150722,71.3600,71.9400,71.1700,71.2700,739700
20150723,70.8200,71.2600,70.7000,71.2600,1164800
20150724,70.0000,71.0100,69.6800,70.8600,715800
20150727,69.5400,69.7100,68.5700,69.5200,1404100
20150728,69.3100,69.7100,68.6300,69.6400,1337100
20150729,70.0400,70.2000,69.1000,69.5900,2291600
20150730,70.0700,70.1700,69.0700,69.5700,1197600
20150731,71.1400,71.2100,69.8800,70.2000,1478000
20150803,70.1800,71.3500,69.6700,71.1100,1653500
20150804,69.5900,70.2500,69.4700,70.2100,1699600
20150805,70.4100,70.7000,69.7600,69.8900,3451100
20150806,73.7600,74.1000,71.8200,72.3000,3842000
20150807,72.9900,73.4900,72.3900,73.4900,1695800
20150810,72.7500,73.6400,72.4900,73.4300,1243800
20150811,72.5200,72.8800,71.8300,72.1600,1555600
20150812,72.2300,72.4200,71.6900,71.9600,1114900
20150813,71.6200,72.4100,71.4800,72.1700,834300
20150814,71.6300,71.8200,70.8500,71.5200,681300
20150817,73.2300,73.2600,71.0600,71.2700,1830900
20150818,73.2700,74.3300,73.1200,73.1600,1557800
20150819,73.4000,73.7500,72.4500,72.9600,1709500
20150820,71.9900,72.8400,71.9800,72.7700,1617300
20150821,69.9800,71.6400,69.9800,71.4300,2143900
20150824,66.4800,68.0000,63.9100,66.5200,5034500
20150825,65.1900,68.1800,65.1400,68.0300,2716100
20150826,66.6800,66.8000,64.6200,66.5000,2206200
20150827,67.1000,68.0500,66.1400,67.0300,1596900
20150828,67.1400,67.3900,66.6500,66.8300,1147300
20150831,68.0900,68.7800,67.0300,67.0500,1813700
20150901,66.3000,67.3200,66.0100,66.8300,1823300
20150902,66.8000,67.1700,65.7700,66.9600,1347200
20150903,66.9600,67.9300,66.7200,66.8700,1606300
20150904,67.2700,67.9500,66.0600,66.4600,1596200
20150908,69.2900,69.4100,68.0200,68.2500,2054600
20150909,68.4400,69.9100,68.2700,69.8000,1461900
20150910,69.2600,69.7500,68.0500,68.4900,1544900
20150911,69.3500,69.3800,68.2800,68.9700,1507400
20150914,69.0900,69.5500,68.8500,69.3500,1346900
20150915,72.6400,72.7100,68.8300,69.4200,3844100
20150916,82.9800,83.3000,80.3000,80.7000,20381700
20150917,82.6000,83.7500,81.7000,82.8000,7079700
20150918,84.3800,84.5200,81.5200,81.5200,7130500
20150921,83.6700,85.7900,83.3900,85.7600,3932100
20150922,82.8900,83.4100,81.3000,82.8100,3324000
20150923,82.7900,83.4600,82.6100,82.9500,3151000
20150924,81.1100,82.6500,80.8000,82.2400,3224600
20150925,82.3000,82.8300,81.6300,81.7000,2112600
20150928,82.3900,84.5700,82.0100,82.5000,4958100
20150929,82.0000,83.3500,80.1600,82.5800,5460000
20150930,83.0200,83.8700,81.7900,83.0400,2535200
20151001,83.2400,83.8200,82.5600,83.0200,2271100
20151002,83.8400,83.8600,81.9900,82.4600,2256900
20151005,84.2600,85.0500,83.8500,84.4000,2669200
20151006,80.9900,82.8400,80.9500,82.2300,4301800
20151007,82.2100,82.2700,79.4600,81.5000,4049200
20151008,82.0000,82.6800,80.1300,81.9800,3751700
20151009,81.6100,82.4200,81.3700,81.9200,3787600
20151012,78.7500,82.8700,78.1700,82.5000,5811500
20151013,86.5800,89.0000,85.7200,86.7400,14511800
20151014,86.0000,86.9800,85.4200,86.8000,3207800
20151015,87.7600,87.9500,86.0300,86.4100,3588500
20151016,88.3000,88.4100,87.3100,88.0300,2705500
20151019,88.1300,88.8000,87.8700,88.2800,2058800
20151020,88.5000,88.6900,87.5800,88.1300,1694900
20151021,87.9100,88.8900,87.6500,88.6000,1414500
20151022,88.0700,88.7700,87.8000,88.0400,1704100
20151023,88.4800,88.6900,87.5300,88.6900,1803600
20151026,88.2400,88.6800,87.5600,88.2800,1007500
20151027,86.7100,88.0700,86.2800,87.8900,1659500
20151028,87.9700,88.3200,86.8400,86.8400,1928900
20151029,87.4900,88.4900,87.1300,87.9700,1118700
20151030,88.1000,88.6400,87.1200,87.9500,1328800
20151102,88.7100,88.8300,87.6700,88.0700,1317700
20151103,87.9000,88.6400,87.4600,88.2500,2545500
20151104,87.4200,88.2000,86.6600,87.9000,1889600
20151105,87.8200,88.4800,86.1200,87.2800,1243700
20151106,87.5700,87.9100,86.0000,87.3300,1423600
20151109,87.3600,87.7000,86.5100,87.4100,1897600
20151110,88.3100,90.5900,86.6600,87.3200,5595400
20151111,92.1900,93.3500,87.2000,88.1500,10523400
20151112,92.1200,94.6300,91.4500,91.8600,5049200
20151113,93.8100,94.2600,91.5100,91.6100,3859000
20151116,93.8800,95.1600,92.9100,94.3200,2882600
20151117,95.1300,95.4900,93.8800,94.3500,2437100
20151118,94.0900,95.7400,93.3200,95.3600,1968500
20151119,93.8800,94.4100,93.1300,94.4100,2248900
20151120,92.5000,94.5100,92.3900,94.3600,2214700
20151123,92.2500,93.4100,91.9900,93.1500,2020500
20151124,92.1100,92.6600,91.6200,92.2100,1818200
20151125,92.5000,92.9700,92.0300,92.2400,2367700
20151127,93.3700,93.7200,92.2900,92.7700,659200
20151130,92.0300,94.1500,91.9500,93.3800,1644500
20151201,93.1700,93.5400,92.2700,92.3400,1193200
20151202,92.7500,93.3300,92.3700,93.0000,1235300
20151203,91.9600,93.1900,91.4100,92.7000,2261700
20151204,95.1400,95.5100,91.9900,92.0000,2537900
20151207,94.7500,95.2400,94.2400,95.2200,1278400
20151208,94.5900,94.8100,92.7500,94.2800,2175800
20151209,93.7200,95.1300,93.2400,94.2100,1132800
20151210,93.3900,94.1800,93.0000,93.6000,1096600
20151211,92.6800,93.9300,92.0100,92.2200,2142100
20151214,91.9100,93.1500,90.9300,92.5500,1948800
20151215,93.7200,94.3900,92.1900,92.7500,1955900
20151216,94.1600,94.5500,92.5600,94.0200,1922000
20151217,93.7200,95.1300,93.2600,94.1700,1042900
20151218,92.5500,93.6200,92.5000,93.2800,1866800
20151221,92.7300,93.4100,92.2900,93.3900,1240800
20151222,93.1400,93.5100,92.1900,93.0700,1247100
20151223,93.9600,93.9800,92.9100,93.4200,903200
20151224,93.9800,94.4100,93.7600,94.0500,454800
20151228,93.4400,93.5400,92.7800,93.5400,686900
20151229,94.8900,95.0400,93.7700,93.9900,912400
20151230,94.5400,95.0300,94.1900,95.0200,808100
20151231,93.9200,94.6400,93.8500,94.2000,758800
20160104,92.2900,92.9700,91.4300,92.9700,2293700
20160105,92.6400,93.1000,91.5800,92.5400,1824300
20160106,90.8000,91.8300,90.3600,91.6200,2187700
20160107,90.3500,91.5200,89.8000,89.9200,2491300
20160108,89.2200,90.8700,88.9700,90.4600,1675800
20160111,88.4700,90.1200,87.8600,89.4200,1810400
20160112,89.5800,89.7000,88.5200,89.0800,2248900
20160113,87.5900,89.9500,87.4100,89.6700,2380200
20160114,86.7400,88.4900,84.7400,87.6500,4253600
20160115,86.0300,86.2900,83.8300,85.1500,3435200
20160119,87.2000,87.6700,86.0300,87.0300,2154100
20160120,86.2700,86.9900,85.3100,86.4100,3143800
20160121,86.5700,87.6300,86.0400,87.4600,2463300
20160122,88.9000,90.1000,87.8600,87.9100,1701900
20160125,87.6000,88.8000,87.4900,88.5200,1396200
20160126,87.7600,88.7400,86.9300,87.7700,2159200
20160127,87.7500,89.4300,84.4000,85.1600,3755200
20160128,88.4500,89.5600,87.8000,88.1400,2743900
20160129,90.4800,90.9700,88.0500,88.4700,20928900
20160201,91.9100,92.4100,90.0800,90.5000,4963900
20160202,91.5500,91.6400,90.5900,91.4600,2676700
20160203,89.9700,91.9000,88.9400,91.8400,2231600
20160204,87.6300,89.9600,86.8900,89.9600,3074000
20160205,86.9500,87.7300,86.0800,87.3300,2917100
20160208,83.9000,86.1800,83.8000,86.0000,5427800
20160209,83.8700,85.3000,83.0300,83.6300,3343800
20160210,84.1800,85.2400,84.0800,84.5300,1869500
20160211,83.6300,84.2000,80.7800,82.7700,2993200
20160212,84.1400,84.6400,83.3000,83.5000,2057000
20160216,84.6600,85.2900,83.4600,85.2800,2386900
20160217,86.2400,86.5200,84.7300,85.2800,1963300
20160218,84.7300,86.1000,84.6600,86.0000,2149300
20160219,85.5500,85.6000,84.2400,84.7300,1383600
20160222,86.8300,86.9900,85.5500,85.5500,1506500
20160223,85.6000,87.4200,85.2300,86.4300,1700000
20160224,86.1400,86.2600,84.6400,85.1400,1207100
20160225,86.6300,86.6500,85.1900,85.8000,1068300
20160226,85.1900,86.8800,85.0300,86.6100,1225500
20160229,85.2700,86.4400,84.9400,85.1500,2843000
20160301,86.5400,86.9700,85.5900,86.0900,1302800
20160302,86.6300,86.6600,85.4300,86.1500,1487300
20160303,88.5400,88.5400,86.1200,86.4000,1812900
20160304,90.2200,90.3500,88.8100,88.9900,2076600
20160307,89.3300,90.6500,89.0100,89.9500,1512800
20160308,88.4000,89.1600,88.0300,88.8000,962200
20160309,90.3800,90.5300,88.2400,88.6000,1395100
20160310,91.8100,91.9200,90.3300,90.7800,1685600
20160311,92.4600,92.7600,91.1200,91.9900,1975900
20160314,92.5000,92.7000,90.3300,92.1700,1319200
20160315,92.8000,92.9500,92.0100,92.3500,1090500
20160316,93.1900,93.3800,91.9000,92.2500,1253700
20160317,94.4300,94.6100,93.3700,93.3700,1163700
20160318,93.4600,94.4900,93.1200,94.4300,2420700
20160321,93.5200,93.7600,92.6100,93.7100,1128000
20160322,94.8300,94.9200,93.0800,93.5600,1414700
20160323,95.5200,95.7100,94.3200,94.8300,1688500
20160324,95.3100,95.3200,94.5600,94.6300,1228500
20160328,95.4000,96.2000,94.9400,95.3000,1005000
20160329,96.1100,96.1200,94.8800,95.0500,1208300
20160330,96.0700,97.0000,95.9100,96.7500,908500
20160331,96.1800,96.9400,95.6000,95.9000,1525200
20160401,96.9500,97.0300,95.2900,95.4600,1326100
20160404,96.0100,97.2500,95.6800,96.7100,1400300
20160405,93.9800,95.2500,93.5500,95.1200,1492600
20160406,93.9900,94.3000,93.0000,94.0700,1651400
20160407,92.3000,93.2500,91.8800,92.9100,1393500
20160408,93.1200,93.2400,91.1700,91.4400,1827700
20160411,92.8500,93.9000,92.7500,93.4000,971200
20160412,92.8700,93.3700,92.3500,92.7300,1320700
20160413,92.9200,93.4400,92.5200,93.3300,949900
20160414,95.7300,96.4100,92.4600,92.8400,2898800
20160415,96.8800,96.9200,95.2500,96.0000,1806900
20160418,96.6800,96.9300,96.0000,96.4800,886300
20160419,97.7500,98.2700,96.7000,97.1500,1466200
20160420,96.7800,97.6500,96.5500,97.4300,866200
20160421,95.5200,96.6000,95.1200,96.3400,1218400
20160422,95.6300,95.7500,94.1000,95.1000,1012200
20160425,96.4400,96.5000,94.9300,95.6300,983900
20160426,96.0000,96.8400,95.7700,96.8400,979900
20160427,95.8100,96.6400,95.0000,96.1200,1175100
20160428,95.6700,95.9700,94.9400,95.0200,1163000
20160429,95.6300,96.6000,95.0200,95.4900,1375300
20160502,96.7700,97.1400,95.3500,95.5600,2070100
20160503,98.3100,99.4500,96.0500,96.7700,2770400
20160504,98.1700,98.8800,96.8000,97.7700,1594000
20160505,98.4700,98.7100,97.8900,98.3900,1023100
20160506,98.3000,98.5300,97.3400,98.4100,683100
20160509,99.1300,99.4900,98.2700,98.3800,988600
20160510,99.9400,100.2800,98.8500,99.3400,1015600
20160511,99.4900,100.4500,99.2500,100.0200,680700
20160512,99.7300,100.1000,98.8800,100.1000,901600
20160513,98.7600,99.8500,98.4000,99.6700,934500
20160516,99.8100,100.2300,98.7900,98.9700,750400
20160517,98.2200,100.0400,97.8500,99.6600,1343000
20160518,96.7100,98.0500,96.4200,97.9200,1860900
20160519,97.4900,97.5700,96.0000,96.7100,859000
20160520,96.7200,97.8600,96.4000,97.8600,1258400
20160523,97.2200,97.4600,96.1700,96.6400,679900
20160524,99.1700,99.4100,97.4600,97.7900,1022500
20160525,99.4300,100.1600,97.9100,99.1900,878300
20160526,99.3600,100.1100,98.7600,99.3200,691800
20160527,100.2000,100.6200,99.0400,99.4200,1004200
