20150529,38.9400,39.1700,38.5400,38.6600,1942800
20150601,38.6200,39.0000,38.4700,38.9500,1305500
20150602,39.2500,39.3600,38.5000,38.5300,1208700
20150603,40.0000,40.2100,39.1900,39.4500,1675500
20150604,39.1200,39.7100,39.0000,39.6300,995600
20150605,39.1700,39.2700,38.8400,39.0200,890700
20150608,38.8700,39.2300,38.7200,39.0800,1001200
20150609,38.7700,38.9900,38.7000,38.9000,877900
20150610,39.0400,39.5200,38.8600,38.9500,1308500
20150611,38.5600,39.3500,38.4500,39.0500,1909100
20150612,38.5700,38.8300,38.3400,38.4900,1681900
20150615,37.5000,37.7600,36.5300,37.6100,3755100
20150616,38.2500,38.3100,37.5200,37.5300,1412300
20150617,38.6500,38.7200,38.1600,38.3000,1899200
20150618,39.0200,39.1600,38.6100,38.7100,956400
20150619,38.3600,39.0300,38.3300,38.9600,2180600
20150622,38.5600,38.9500,38.5100,38.5900,1002800
20150623,38.0700,38.5400,37.9800,38.5300,3600900
20150624,37.6000,38.2400,37.5800,38.0700,1613400
20150625,37.5200,37.8500,37.4400,37.6700,1605700
20150626,37.3000,37.6100,37.2000,37.5000,2342400
20150629,36.9500,37.3100,36.9000,37.1000,1794600
20150630,37.0000,37.2800,36.8700,37.2800,1754900
20150701,36.2000,37.2700,35.9200,37.2600,2476100
20150702,36.0200,36.4900,35.9400,36.2800,1147100
20150706,35.6200,35.9900,35.4000,35.6300,1250000
20150707,35.9100,35.9600,35.1100,35.6600,858100
20150708,35.4100,35.9500,35.3600,35.6300,1349300
20150709,35.5600,36.1500,35.1200,36.1500,1093600
20150710,35.9300,36.1100,35.8200,35.9300,710300
20150713,36.3000,36.4200,36.1200,36.2400,512400
20150714,36.3100,36.4400,36.0600,36.2600,833000
20150715,35.9900,36.4300,35.9400,36.2800,782600
20150716,35.7600,36.2200,35.4100,36.0100,1949100
20150717,35.6200,35.6800,35.1900,35.6800,1717600
20150720,36.8500,37.0300,35.8100,35.8100,1674600
20150721,36.6300,36.8400,36.3900,36.6700,1238600
20150722,36.6100,36.9400,36.4000,36.5200,997200
20150723,36.7100,37.0700,36.6200,36.7400,924200
20150724,35.8700,36.8800,35.6600,36.6800,983400
20150727,35.7400,35.8300,35.3700,35.6100,963300
20150728,36.1500,36.2800,35.4800,35.8400,580400
20150729,36.3800,36.5100,35.6900,36.0400,1391600
20150730,36.6000,36.7300,36.0400,36.3000,651200
20150731,37.1100,37.5300,36.6900,36.7300,1998000
20150803,36.5300,37.0900,36.2800,37.0900,1429400
20150804,35.9900,36.8500,35.9200,36.5000,1609100
20150805,36.2700,37.0500,36.1200,36.2800,2148800
20150806,30.4300,33.0300,30.2400,32.3000,8309700
20150807,30.0000,30.3800,29.1500,30.0800,5972100
20150810,30.9000,30.9600,30.0100,30.0600,3074500
20150811,30.2500,30.8400,30.2100,30.5400,3629000
20150812,30.5200,30.5400,29.7200,29.9900,4122200
20150813,30.5400,30.8000,30.2500,30.5600,1986800
20150814,30.5300,30.6100,30.2400,30.4900,853400
20150817,30.6300,30.6900,30.1800,30.3100,1159800
20150818,30.4100,30.9300,30.2800,30.7200,1332400
20150819,29.8800,30.2900,29.5700,30.1800,1582200
20150820,29.6300,29.9500,29.4000,29.5700,2308300
20150821,30.1800,30.8900,29.2500,29.6500,3592100
20150824,28.9900,31.6000,28.3400,28.6600,3178800
20150825,27.7000,29.8400,27.7000,29.8400,3578900
20150826,29.0500,29.1200,27.9700,28.1900,1867800
20150827,29.7500,29.8100,29.0700,29.3800,1921500
20150828,29.4900,29.5500,28.9900,29.0400,2004700
20150831,29.2300,29.6900,29.1500,29.3300,1483100
20150901,28.5400,29.2600,28.3900,28.6100,2266300
20150902,28.7300,28.9300,28.2300,28.8200,4281800
20150903,28.4600,29.0900,28.2700,28.7400,3161000
20150904,28.4200,28.8300,28.0200,28.0600,1498900
20150908,29.4400,29.4700,28.6000,28.9000,1808600
20150909,29.3200,30.2400,29.2600,29.7600,2546000
20150910,29.4100,29.7500,29.2300,29.2600,2284700
20150911,29.5900,29.7600,29.2400,29.3800,1774100
20150914,29.3900,29.6600,29.0200,29.5000,1770100
20150915,29.8000,29.9300,29.3800,29.5600,1391900
20150916,30.0400,30.1200,29.6800,29.7700,1042600
20150917,29.5600,30.0700,29.5200,30.0000,1274400
20150918,29.1100,29.2900,28.8800,29.1200,2736800
20150921,28.8100,29.3300,28.5100,29.3000,3033600
20150922,28.2300,28.5400,28.0800,28.4400,2275000
20150923,28.3500,28.4600,27.9700,28.1600,1795600
20150924,28.4300,28.4800,27.9600,28.0000,1711400
20150925,28.8400,28.9900,28.2000,28.7400,1815900
20150928,28.2000,28.8400,28.1800,28.6800,1506600
20150929,29.2000,29.3300,28.2400,28.2800,2235500
20150930,28.9600,29.5500,28.3200,29.5000,2222800
20151001,28.1200,28.9800,28.0000,28.9800,1744700
20151002,29.0200,29.0200,27.5800,27.7200,1779700
20151005,29.2000,29.5000,29.0900,29.1500,2276500
20151006,29.4900,29.5600,28.9700,29.1800,1614300
20151007,29.9300,30.2700,29.6700,29.7100,2860200
20151008,29.7600,29.9700,29.3100,29.7800,1219500
20151009,29.4700,29.8700,29.0800,29.8300,2039100
20151012,28.5800,29.4900,28.5300,29.4400,1687500
20151013,28.3700,28.8800,28.2800,28.4500,1997200
20151014,28.4200,28.6200,28.2800,28.4500,1611300
20151015,28.6200,28.7300,28.3100,28.5800,1610600
20151016,28.5800,28.7800,28.1500,28.6700,1761900
20151019,28.8600,29.1300,28.4000,28.4800,3110700
20151020,28.9600,29.2100,28.6300,28.7600,2178700
20151021,28.0000,29.1800,27.8700,29.0400,4136800
20151022,28.1500,28.6000,28.0200,28.1900,2573900
20151023,28.2800,28.4800,27.9800,28.3900,2680700
20151026,28.1400,28.6200,28.0300,28.3100,1344100
20151027,27.7900,28.2400,27.7400,27.9700,1407200
20151028,28.6900,28.8200,27.5700,27.7700,2055600
20151029,28.0800,28.6600,28.0200,28.5200,1168000
20151030,28.1100,28.3800,27.9200,28.1400,2109200
20151102,29.1000,29.1300,27.9600,28.1400,2734100
20151103,29.4200,29.4500,28.9100,29.0600,1818900
20151104,29.7900,29.8700,29.1300,29.4400,3344000
20151105,25.5800,27.7000,24.0000,27.4000,11309100
20151106,28.8300,29.2700,25.1100,25.1100,7805100
20151109,27.6700,28.3800,27.5200,28.0200,3594600
20151110,27.6600,27.8000,27.4200,27.5600,1929800
20151111,27.0000,27.6900,26.9700,27.6800,1664800
20151112,26.5800,27.1600,26.3100,26.7600,1970000
20151113,26.1200,26.5100,25.7400,26.5100,2965600
20151116,26.3700,26.6400,25.8400,26.0800,1896700
20151117,26.5300,26.9600,26.2400,26.3500,1717500
20151118,28.1900,28.3500,26.6900,26.7100,3317700
20151119,28.4200,28.9300,28.0300,28.2100,2281400
20151120,28.4500,28.7800,28.2200,28.5400,2772500
20151123,29.6500,29.7200,28.4700,28.4700,2926700
20151124,29.8800,29.9800,28.7900,29.3600,2709400
20151125,29.8900,30.2000,29.6300,29.7600,1394100
20151127,29.8000,29.9500,29.5100,29.8100,903200
20151130,29.9100,29.9500,29.1700,29.7400,2092900
20151201,30.6300,30.6700,29.7700,29.9500,2451700
20151202,30.0300,30.6000,29.7700,30.5000,1956600
20151203,29.4400,30.6100,29.3200,30.1900,1265600
20151204,29.6900,29.9100,29.3200,29.4400,1113600
20151207,28.7700,29.5800,28.5700,29.4800,1758500
20151208,28.1400,28.7900,28.0400,28.4300,2439700
20151209,28.1500,28.7100,27.9100,28.0800,1590400
20151210,28.6400,29.1200,28.0100,28.1500,1523100
20151211,27.0700,27.8900,26.8500,27.8900,3546100
20151214,26.8800,27.2500,26.7000,27.0500,1893300
20151215,26.9300,27.3400,26.8000,27.1400,2055600
20151216,27.5600,27.6500,26.9900,27.2100,1958500
20151217,26.8200,28.0000,26.5300,27.6600,1908000
20151218,26.1900,26.8300,26.1100,26.7200,2853400
20151221,26.3100,26.6100,26.0400,26.4800,2132900
20151222,26.9400,27.0500,26.1400,26.3700,2466500
20151223,27.2000,27.2500,26.6300,27.0200,1665200
20151224,27.2200,27.4500,26.9900,27.1000,495200
20151228,26.8100,27.2000,26.6700,27.0300,740500
20151229,27.0700,27.3700,26.9100,27.1800,847400
20151230,26.8200,27.3400,26.7600,27.0100,657100
20151231,26.4200,26.8200,26.4000,26.6700,944400
20160104,26.2500,26.3000,25.6200,25.9800,2008400
20160105,25.5200,26.3500,25.3100,26.2500,2756700
20160106,24.4800,25.2000,24.3700,24.8000,2332000
20160107,23.6600,24.4000,23.5200,24.0500,2680100
20160108,23.4700,24.0500,23.4100,24.0100,2284500
20160111,22.8900,23.7300,22.5500,23.5700,2642700
20160112,23.0500,23.4100,22.7100,23.1900,1845500
20160113,22.6900,23.3000,22.5300,23.1800,2559000
20160114,23.1500,23.4800,22.3500,22.8300,2689600
20160115,22.9600,23.0700,22.1300,22.2100,2647900
20160119,22.6900,23.5000,22.3800,23.2900,2291200
20160120,23.2800,23.5900,21.9800,22.2000,3632800
20160121,23.4000,24.0200,23.1000,23.3600,2372600
20160122,23.3700,24.1700,23.1100,23.8000,2103000
20160125,22.7600,23.4500,22.7000,23.3100,1449200
20160126,22.9400,23.0500,22.6500,22.8100,1452600
20160127,22.9600,23.4900,22.7900,22.8500,1100500
20160128,23.1500,23.4800,22.8200,23.1700,1379300
20160129,24.3400,24.3700,23.1800,23.2500,2465600
20160201,24.3300,24.4800,23.7500,24.0300,1738400
20160202,23.2700,24.1500,23.2600,24.0300,2806100
20160203,23.6900,23.8800,22.9800,23.4300,3854400
20160204,25.5800,26.7600,24.0200,24.1500,4964600
20160205,23.5400,25.6000,23.2600,25.2600,4911100
20160208,23.1200,23.4400,22.1500,23.1400,3194800
20160209,22.6000,23.5500,22.3500,22.8400,2938900
20160210,23.2400,23.5900,22.5500,22.6900,2210500
20160211,22.6200,23.2400,22.1000,22.8900,2056400
20160212,23.0700,23.4400,22.5200,22.9800,1759900
20160216,23.6400,23.9700,22.9800,23.4500,2120800
20160217,24.7500,24.8500,23.7400,23.8200,1946600
20160218,25.0600,25.1400,23.8000,24.7700,1916400
20160219,25.0800,25.1600,24.5900,24.9900,1995600
20160222,25.0600,25.6100,24.7000,25.3400,2250000
20160223,24.5300,24.9900,24.4600,24.9900,1367600
20160224,24.6900,24.7600,23.7400,24.2900,1167700
20160225,25.1300,25.1600,24.4200,24.7600,1044600
20160226,25.1100,25.4100,24.9200,25.2800,1501800
20160229,24.9500,25.5700,24.9100,25.1300,1594500
20160301,25.4700,25.5400,24.8700,25.2400,1301900
20160302,25.5300,25.6800,25.1000,25.4000,1447300
20160303,26.4300,26.4900,25.4200,25.5900,1805600
20160304,26.8000,27.0700,26.3600,26.4700,1723100
20160307,27.4800,27.6700,26.5500,26.6500,1822800
20160308,26.8100,27.2700,26.3900,27.2300,2443300
20160309,26.5700,27.0300,26.4000,26.9600,2476600
20160310,26.1100,26.9800,25.5500,26.8000,2341600
20160311,26.7300,26.8500,25.9900,26.4500,1244600
20160314,26.1800,26.8900,26.0800,26.7200,1615700
20160315,25.8800,26.0000,25.6100,25.9600,1205900
20160316,26.1600,26.2900,25.7500,25.8900,1130200
20160317,26.4500,26.6600,25.8400,26.2900,2032300
20160318,26.7600,26.8200,26.3600,26.5700,2538300
20160321,26.7400,26.8800,26.4300,26.5900,1086600
20160322,26.7300,26.9600,26.4500,26.5600,965200
20160323,25.8900,26.8800,25.8700,26.8800,1019600
20160324,25.8500,25.8700,25.2600,25.6600,1159500
20160328,26.1900,26.3500,25.8000,25.9800,1132800
20160329,26.4900,26.6200,25.7500,26.0500,1111000
20160330,26.1100,26.7500,25.9000,26.6300,1454800
20160331,26.2400,26.2500,25.9100,26.1400,1694700
20160401,25.6500,25.9000,25.1500,25.8200,2185400
20160404,25.3400,25.7000,25.2600,25.6500,1077300
20160405,25.1600,25.3000,25.0200,25.1100,1242700
20160406,25.6100,25.7500,25.0300,25.1100,1574500
20160407,25.1800,25.5100,24.9800,25.4300,1308500
20160408,24.9400,25.7200,24.8100,25.4400,1231100
20160411,24.7200,25.2400,24.7200,25.0300,1245500
20160412,24.4900,24.8800,24.4000,24.7900,1707000
20160413,25.2800,25.3900,24.6000,24.6500,1551800
20160414,25.1900,25.5200,25.1700,25.2700,1414000
20160415,24.6900,25.3300,24.6400,25.2100,1538700
20160418,24.7900,25.0600,24.3600,24.5100,1320600
20160419,25.1200,25.2000,24.7900,24.8300,1938700
20160420,25.5000,25.6900,25.1800,25.1800,1480100
20160421,25.8000,26.2000,25.5100,25.5100,2275900
20160422,26.6100,26.7200,25.7500,25.7500,3059900
20160425,26.3200,26.7000,26.1700,26.5500,1732500
20160426,26.0400,26.5000,25.9100,26.3900,1335100
20160427,26.2000,26.3500,26.0200,26.0300,1075700
20160428,25.9000,26.2500,25.8300,26.1000,1015400
20160429,25.3000,25.8300,24.8400,25.8300,2230600
20160502,25.3300,25.3900,24.7300,25.2900,1651200
20160503,25.0400,25.2400,24.8400,25.0900,2145200
20160504,24.4000,24.9000,24.2100,24.9000,2350800
20160505,26.2700,26.7100,25.1200,26.0000,4890100
20160506,28.1400,29.7300,26.0800,26.1300,10206800
20160509,27.2000,28.2100,27.1900,28.1000,3997600
20160510,27.7500,27.7700,27.1400,27.3000,2645300
20160511,27.5300,27.8800,27.5000,27.7100,2182700
20160512,27.3100,27.9200,26.7500,27.8100,2313800
20160513,26.4100,27.4100,26.2300,26.8700,2877900
20160516,26.5400,26.7600,26.1600,26.5300,3319000
20160517,26.1500,26.7300,25.9800,26.5200,3304100
20160518,26.0000,26.4000,25.8100,26.1200,3027800
20160519,25.8500,26.1400,25.5900,25.8500,2135800
20160520,26.4400,26.4900,25.8700,25.9900,2009900
20160523,26.6200,26.9600,26.3900,26.3900,2174300
20160524,26.5500,26.8000,26.2300,26.7000,2338100
20160525,27.5700,27.7000,26.7000,26.7000,2710600
20160526,27.7100,27.8900,27.2800,27.6300,2440400
20160527,27.9400,28.1100,27.6900,27.7700,2074300
