20150529,35.7900,36.2300,35.6700,36.0000,7828500
20150601,36.2700,36.4800,35.6600,35.9100,2326100
20150602,36.3600,36.5200,35.9900,36.2100,1444000
20150603,36.7300,36.8600,36.0200,36.2200,1940300
20150604,36.1000,36.7600,36.0800,36.5700,2099300
20150605,36.0900,36.2500,35.6600,36.1200,1540400
20150608,35.6900,36.0500,35.6400,36.0300,1521800
20150609,35.3100,35.8000,34.9500,35.7100,1503200
20150610,35.6900,35.8100,35.2800,35.4300,1110300
20150611,35.7900,35.8500,35.4500,35.7000,1527000
20150612,36.1900,36.2700,35.4200,35.6700,2156400
20150615,36.2000,36.2000,35.4100,35.8100,2363700
20150616,36.6200,36.6500,36.0500,36.1500,1729700
20150617,36.9200,37.0000,36.7000,36.7800,1443600
20150618,37.3000,37.4800,37.0000,37.0000,1834000
20150619,37.6100,37.7400,37.1600,37.2300,3295700
20150622,38.0100,38.3200,37.6700,37.8700,2501500
20150623,37.9600,38.4800,37.7400,38.1000,2666200
20150624,37.0100,37.9800,36.8600,37.8200,2768300
20150625,36.9000,37.2600,36.9000,37.1800,2532400
20150626,37.1600,37.3300,36.7800,37.0900,2863100
20150629,31.6300,31.9500,29.4000,30.9400,4051900
20150630,32.0700,32.0700,31.1700,31.9400,4037700
20150701,32.9700,33.3100,32.2200,32.2500,2897300
20150702,31.7500,33.4000,31.6600,33.1000,2971700
20150706,30.6100,31.7800,30.3300,31.2100,3865200
20150707,31.5200,31.5400,30.0400,30.6500,3467100
20150708,30.3100,31.2900,30.1800,31.0900,2993900
20150709,31.1000,31.1600,30.3200,30.3200,2773300
20150710,31.3700,31.5700,31.2500,31.5000,1548100
20150713,31.9500,32.1400,31.6600,31.6600,1719800
20150714,32.1100,32.2200,31.9400,32.0300,2547700
20150715,32.4900,32.7500,31.8700,32.0600,2904100
20150716,32.5600,32.7200,32.3900,32.3900,1878500
20150717,32.1900,32.6000,31.8500,32.4500,1348700
20150720,32.1900,32.2700,31.9500,32.1200,1876400
20150721,30.0500,32.9300,30.0300,32.4500,3932900
20150722,29.8100,30.2400,29.5800,29.9100,4740300
20150723,29.4300,30.0500,29.3800,29.9300,2657300
20150724,29.5400,29.8100,29.4000,29.5100,1954700
20150727,28.7400,29.3900,28.6900,29.3900,1562800
20150728,28.6600,29.1200,28.4900,28.8000,1592500
20150729,29.2100,29.3800,28.7200,28.7200,2382400
20150730,28.9500,29.1700,28.8400,29.0500,1056100
20150731,29.1300,29.4300,28.9600,29.1200,1447900
20150803,29.0200,29.4700,28.9600,29.4000,1621500
20150804,27.9400,28.6900,27.9100,28.4700,2184000
20150805,27.4500,29.1200,27.3800,29.0000,2776900
20150806,26.3800,27.5900,26.1600,27.5900,4475700
20150807,26.5800,26.8800,26.2000,26.2000,1798000
20150810,27.0400,27.3600,26.6000,26.8000,2071800
20150811,26.0200,27.0200,25.9700,26.8800,2014700
20150812,26.0900,26.3900,25.1800,25.8500,3352900
20150813,25.6000,26.6400,25.5300,26.0400,1690100
20150814,25.4400,25.6900,24.9200,25.4900,2454400
20150817,25.7800,25.8100,25.0500,25.1900,2219700
20150818,25.3800,25.5100,24.7800,24.8800,2389400
20150819,24.9900,25.2500,24.6900,25.1600,2000200
20150820,24.5000,24.7700,24.1300,24.6500,2609900
20150821,23.9400,24.7400,23.9100,24.2300,3173900
20150824,23.3500,25.3900,22.0600,22.0600,4283900
20150825,22.4200,23.6100,22.4200,23.6100,3625300
20150826,23.2300,23.3700,22.2300,22.5300,3158000
20150827,23.4400,23.7900,23.0000,23.4200,3158600
20150828,24.1600,24.3100,23.4200,23.4200,2730700
20150831,23.7900,24.4600,23.7300,24.0200,2542200
20150901,23.2200,23.5300,22.9400,22.9800,2907500
20150902,23.1100,23.6200,22.8000,23.3800,2306100
20150903,23.4100,23.7500,23.1400,23.1400,1714200
20150904,22.9300,23.1800,22.7500,23.0600,2140800
20150908,23.5600,23.9200,23.4000,23.7500,3435800
20150909,23.2200,23.9700,23.1600,23.8100,1697100
20150910,23.2000,23.5300,22.8000,23.2200,1472300
20150911,23.1700,23.2000,22.7800,22.9300,1014700
20150914,22.9700,23.1900,22.7400,23.1500,1707100
20150915,23.5000,23.6200,22.9700,23.0600,1603000
20150916,23.8200,23.9100,23.2800,23.3800,1102100
20150917,23.9200,24.3600,23.7700,23.8300,1096500
20150918,23.2200,23.8800,23.0700,23.6300,3518000
20150921,23.5800,23.8200,23.1900,23.3500,1699300
20150922,23.2400,23.3300,22.8100,23.2700,2058700
20150923,22.9000,23.3500,22.6800,23.2300,1061900
20150924,22.8500,22.9300,22.4500,22.7400,1024100
20150925,22.8000,23.2400,22.6600,23.0500,1057400
20150928,22.2400,22.7700,22.2400,22.7300,1684500
20150929,21.8500,22.3500,21.6300,22.3000,1879000
20150930,22.3900,22.6400,22.0400,22.1000,2065200
20151001,22.6100,22.6800,22.1600,22.4600,1268400
20151002,23.0900,23.1100,21.3000,21.9200,1204400
20151005,23.9100,24.0200,23.3300,23.3300,1843000
20151006,23.9000,24.2400,23.6600,23.8000,1496200
20151007,25.5900,25.6000,23.9500,24.0200,2912700
20151008,26.4300,26.7600,25.4100,25.5900,3314300
20151009,26.2000,26.5200,25.9000,26.4300,1918000
20151012,25.5300,26.2900,25.5000,26.1800,1687800
20151013,25.3500,25.6900,25.1400,25.3800,809500
20151014,25.0300,25.5700,24.9200,25.3700,1694900
20151015,25.5600,25.5700,24.9300,25.1500,2084600
20151016,25.4500,25.8000,25.1900,25.6500,1138900
20151019,25.0000,25.5200,25.0000,25.3200,2344100
20151020,25.0400,25.3700,24.1100,25.2200,2158000
20151021,24.9900,25.4400,24.8300,25.1900,2383000
20151022,25.7600,25.8200,25.0300,25.1900,1917400
20151023,26.1700,26.2200,25.8300,25.9600,1290100
20151026,26.2700,26.3300,25.9600,26.1900,1856300
20151027,26.1200,26.1300,25.7000,26.1300,1466500
20151028,26.8400,26.9200,26.0300,26.1900,1691900
20151029,26.9200,27.0700,26.8000,26.8700,1567600
20151030,27.0400,27.1300,26.6100,26.8900,1149300
20151102,27.6600,27.7200,26.8800,27.0500,1404700
20151103,27.8400,27.9500,27.5800,27.5800,992000
20151104,27.8000,27.9200,27.2400,27.8500,1503300
20151105,27.1900,27.8600,27.1900,27.7300,1539900
20151106,27.0400,27.2400,26.7200,27.0900,1361900
20151109,27.0700,27.1600,26.4000,26.9800,897100
20151110,27.4800,27.5400,26.6400,27.0100,1104800
20151111,27.3100,27.6900,26.7600,27.5700,775000
20151112,26.9500,27.4700,26.5900,26.5900,770500
20151113,26.0100,26.8300,25.9800,26.7000,1510000
20151116,26.5800,26.6500,25.8200,25.9400,1513800
20151117,26.7700,27.0500,26.4100,26.7300,1621600
20151118,27.7700,27.8900,26.8700,26.8700,1368500
20151119,27.7000,27.8000,27.4800,27.7300,857400
20151120,28.1300,28.1600,27.6700,27.6800,1125100
20151123,28.1900,28.3300,27.9900,28.0300,765900
20151124,28.1000,28.2400,27.8600,28.0000,1130600
20151125,28.1700,28.5200,28.0600,28.0700,984200
20151127,28.1200,28.3100,27.8200,28.1600,404200
20151130,28.2500,28.5400,27.9500,28.1700,1475000
20151201,28.6800,28.9500,28.3200,28.3200,1256300
20151202,27.8400,28.5900,27.7700,28.4700,1297200
20151203,27.5500,28.3100,27.3600,27.8500,1247200
20151204,28.1800,28.3700,27.5400,27.5400,1124300
20151207,27.9500,28.1600,27.6500,28.0400,1024100
20151208,27.0000,27.6900,26.9900,27.6400,1322700
20151209,26.5400,27.2600,26.3600,26.9600,1723600
20151210,26.6200,27.2100,26.3900,26.6100,1485500
20151211,25.4500,26.4800,25.3900,26.2200,1622300
20151214,25.3800,25.8500,25.0900,25.4800,1247800
20151215,25.7000,25.8700,25.3100,25.5200,1719200
20151216,26.5800,27.0200,25.8700,25.8700,2341000
20151217,26.0000,26.9100,25.9800,26.5900,1087100
20151218,25.3700,25.9800,25.2700,25.8100,2787900
20151221,25.8500,25.9500,25.2100,25.5500,2643400
20151222,25.8800,26.1500,25.4200,25.9800,1776800
20151223,26.0300,26.1900,25.5200,26.1400,2026700
20151224,25.9300,26.1900,25.8300,25.9800,1141300
20151228,26.0300,26.1000,25.2900,25.8700,1425200
20151229,26.2300,26.3900,25.8100,26.2500,1047200
20151230,25.7000,26.2700,25.6600,26.1400,1018600
20151231,25.5200,25.7900,25.3200,25.5300,997900
20160104,24.8500,25.0600,24.5500,25.0200,1725000
20160105,24.6600,25.0600,24.5600,24.8700,1617900
20160106,24.5500,24.7900,24.1600,24.2300,2125300
20160107,23.8000,24.2300,23.6900,24.0000,1371900
20160108,23.5000,24.1100,23.4500,24.0300,1329100
20160111,23.0900,23.6400,22.7600,23.6100,1875700
20160112,23.6400,23.9400,23.2900,23.3300,2063600
20160113,22.8700,23.8000,22.5500,23.7300,3323200
20160114,24.2900,24.6300,22.5500,22.9500,4383400
20160115,24.0200,24.1900,23.5600,23.5600,3523400
20160119,23.2000,24.3800,22.9700,24.3800,2375800
20160120,22.8300,23.0500,21.7800,22.8400,2473700
20160121,22.8000,23.2100,22.5500,22.9400,2083400
20160122,23.4200,23.5400,23.1300,23.3000,1493400
20160125,23.2700,23.5800,23.2200,23.4500,1769000
20160126,23.4800,23.5200,23.1500,23.3000,2506900
20160127,23.5300,24.0000,23.3200,23.4600,2362100
20160128,23.0500,23.6500,22.6800,23.6300,2638300
20160129,24.0100,24.0100,23.1700,23.1700,1748800
20160201,24.2400,24.4000,23.6100,23.8900,2742500
20160202,23.3400,24.8600,23.2500,24.7700,1743000
20160203,23.5300,23.7500,22.8700,23.5300,1778400
20160204,23.4900,24.0300,23.3200,23.9600,1417500
20160205,23.0200,23.4500,22.9200,23.3300,1934200
20160208,21.9100,22.7200,21.4900,22.6900,2668600
20160209,21.3700,21.8200,21.1300,21.3500,1874400
20160210,21.7000,22.1200,21.1900,21.5000,1752700
20160211,21.6800,21.8300,21.1100,21.2700,1900300
20160212,22.1700,22.2500,21.6700,21.9500,2656500
20160216,23.2100,23.3800,22.3200,22.6100,3335300
20160217,24.2400,24.7200,23.5300,23.5700,2253000
20160218,23.6800,24.3800,23.6800,24.1800,2172600
20160219,23.9100,24.0000,23.3200,23.6300,1428600
20160222,24.7200,24.7500,24.2200,24.2200,1180000
20160223,24.3700,24.6700,24.2900,24.6700,994800
20160224,24.1500,24.1900,23.4900,24.0500,1673000
20160225,24.1300,24.2800,23.6800,24.2500,923900
20160226,24.2800,24.5000,24.0900,24.3000,971300
20160229,24.6400,25.0600,24.2600,24.3400,2447900
20160301,24.7400,24.9800,24.2600,24.7500,2551000
20160302,24.6000,24.9800,24.3800,24.5500,1404000
20160303,25.0800,25.3000,24.4900,24.5700,1400700
20160304,24.8700,25.3800,24.6900,25.2400,1629700
20160307,24.8100,24.9400,24.5500,24.7300,1367400
20160308,24.0000,24.6200,23.7000,24.5300,1413700
20160309,24.5700,24.7700,24.2100,24.2200,1129700
20160310,24.5800,24.7700,24.1100,24.6200,1279900
20160311,24.7100,24.9400,24.5800,24.7500,1859600
20160314,24.2400,24.8200,23.4100,24.6200,2821400
20160315,23.2900,24.0500,23.2200,23.9500,1603100
20160316,23.8300,23.8700,23.1100,23.2100,1259800
20160317,24.0100,24.1500,23.6800,23.8500,1278800
20160318,24.1400,24.4800,23.9900,24.0800,2093300
20160321,23.9800,24.2600,23.7700,24.1400,1328000
20160322,24.1500,24.2700,23.7300,23.7900,1104500
20160323,23.7900,24.2200,23.7600,24.1500,1386000
20160324,23.3700,23.5500,23.1800,23.5500,1376300
20160328,23.5000,23.6400,23.2400,23.5000,1097100
20160329,23.9800,24.0200,23.2200,23.4900,1152500
20160330,23.7000,24.1300,23.6200,24.1300,892900
20160331,23.4600,23.7400,23.4000,23.6200,2176500
20160401,22.8100,22.9200,21.4600,22.5100,3560400
20160404,22.3800,23.5500,22.3100,22.8900,2605300
20160405,22.2500,22.4200,22.0200,22.1500,1889300
20160406,22.9600,23.0100,22.2400,22.2800,1476500
20160407,22.4700,23.0300,22.3000,22.8300,2721200
20160408,22.6800,23.0200,22.5800,22.7300,1097600
20160411,22.7300,23.0700,22.7300,22.8100,1249500
20160412,22.6900,22.9700,22.6500,22.8000,1359100
20160413,23.7900,23.9000,22.8900,22.8900,2122400
20160414,23.5100,23.7600,23.3100,23.7300,1093600
20160415,23.6200,23.7200,23.3400,23.4800,1214700
20160418,23.9200,23.9500,23.4700,23.5100,1475000
20160419,24.3000,24.8600,23.9600,23.9900,1952300
20160420,24.2000,24.2900,23.9500,24.2700,1522300
20160421,23.7200,24.3700,23.6400,24.2100,2049200
20160422,23.8400,24.1300,23.6500,23.7200,1705700
20160425,24.0000,24.0400,23.6400,23.7400,2026700
20160426,24.0200,24.2900,23.8600,24.0700,2167100
20160427,23.3500,24.0700,22.7300,24.0700,4371800
20160428,23.5300,24.0000,23.0400,23.1300,3826500
20160429,23.3600,23.5400,23.1900,23.5200,2514000
20160502,23.3900,23.5200,23.1000,23.4300,1330500
20160503,23.0500,23.1800,22.8800,23.1800,1571800
20160504,22.7300,22.9900,22.5300,22.8500,1542600
20160505,22.8400,23.0200,22.5900,22.8300,1257800
20160506,22.9300,23.0300,22.5700,22.7100,1060000
20160509,22.8100,22.9800,22.7400,22.8800,1204800
20160510,23.0100,23.0300,22.7600,22.8600,1256200
20160511,23.1000,23.2700,22.8800,22.8900,1604800
20160512,22.6100,23.3200,22.2900,23.1700,1715900
20160513,22.8000,23.1300,22.5800,22.6000,2006300
20160516,22.6000,22.8500,22.3800,22.8400,1623500
20160517,22.4100,22.8800,22.3500,22.5100,1145600
20160518,22.2800,22.4800,22.1000,22.3100,1642600
20160519,22.2200,22.3300,21.8300,22.1500,1248000
20160520,22.5700,22.8200,22.2300,22.3800,1000300
20160523,22.3700,22.6000,22.3400,22.5300,2041800
20160524,22.5800,22.6200,22.2700,22.5100,2433600
20160525,22.5200,22.7900,22.3400,22.5900,1630000
20160526,22.5300,22.7800,22.4200,22.5600,1372900
20160527,22.7900,22.8400,22.4900,22.5500,1356100
