20150529,76.2600,76.7700,75.6200,76.7100,2177300
20150601,76.5100,76.9400,75.7000,76.2400,1431500
20150602,76.3200,77.0600,75.7600,76.1500,982100
20150603,75.0700,76.2200,74.7600,76.0300,1828900
20150604,75.1200,75.1500,74.1400,74.6800,1741800
20150605,76.4100,76.5100,74.7000,74.9600,1599700
20150608,75.4900,76.4900,75.4200,76.2900,1893700
20150609,75.2100,75.7300,74.8000,75.3500,810400
20150610,76.4700,76.9800,75.6300,75.6300,1167600
20150611,76.2600,77.0900,75.9200,76.6400,1287700
20150612,76.1000,76.2900,75.4800,75.8600,930200
20150615,75.8300,76.0000,74.7600,75.5100,1195700
20150616,76.4500,76.7800,75.5600,75.5600,962100
20150617,87.6500,88.7900,75.8900,76.6200,15024700
20150618,90.6700,91.4200,85.6500,85.7700,8555800
20150619,90.9400,91.2800,89.5600,90.6900,3659200
20150622,90.7400,92.0000,90.1100,91.1500,1703600
20150623,90.2400,90.8100,89.4100,90.7300,1623400
20150624,88.9800,90.1400,88.4200,89.9300,1318900
20150625,88.1600,89.1500,87.9600,89.1500,902300
20150626,88.8400,88.9100,87.9700,87.9700,1160900
20150629,85.7700,88.5000,85.5500,87.6600,1225200
20150630,87.1400,87.6100,86.0200,87.0100,1273100
20150701,86.9000,88.7800,86.5300,88.0000,958100
20150702,86.8700,87.6700,86.2100,87.0100,1028100
20150706,86.8900,86.9900,85.9000,86.5000,1149800
20150707,86.8300,87.1900,84.8800,87.0300,1214500
20150708,85.5800,86.7300,85.1500,85.6000,1030300
20150709,85.9600,87.4700,85.9600,86.5300,990000
20150710,88.4400,88.5700,86.5600,87.1700,1029100
20150713,90.3000,90.7300,89.0500,89.4100,1319800
20150714,89.6800,91.1300,89.4100,89.9700,1377800
20150715,90.3800,90.9600,89.0300,89.4100,1040300
20150716,91.1100,91.8100,89.9800,91.0200,1063200
20150717,92.1800,92.7500,90.8700,91.3000,1305800
20150720,91.9900,92.8000,91.2300,92.6800,1284700
20150721,92.5500,92.7100,90.0600,92.3100,1801500
20150722,91.7500,93.7000,91.5800,92.5900,1600200
20150723,93.3700,94.0000,91.8000,92.1900,4130300
20150724,80.8600,86.3600,80.3900,84.5400,7178600
20150727,80.6000,82.4700,78.9300,80.3500,3158900
20150728,79.3400,80.8500,79.1700,80.8500,2622100
20150729,79.7100,80.1000,78.7800,78.8400,1833500
20150730,78.6900,79.6400,77.7500,79.6000,2395300
20150731,79.3800,79.4200,77.3200,78.7900,2082300
20150803,78.8500,80.0500,78.2300,79.3900,1439700
20150804,78.4000,79.2800,78.0400,78.6400,1218400
20150805,77.9600,80.2400,77.9200,79.6800,1965300
20150806,76.1200,78.1200,74.7800,77.9500,2371700
20150807,74.3200,76.4100,73.8500,76.2400,1938400
20150810,75.3100,75.7000,73.8700,75.2000,1701600
20150811,74.6700,75.0500,73.8300,74.5500,1886800
20150812,73.5000,73.8500,71.5300,73.5400,2237100
20150813,71.7000,73.8800,71.3000,73.2700,2278800
20150814,72.4900,72.9100,71.5500,71.8400,1123600
20150817,73.5000,73.5700,71.0700,72.3000,1132000
20150818,72.2600,73.4700,71.9100,73.4700,1337500
20150819,71.7500,72.1800,71.1400,71.8700,1552400
20150820,70.3800,71.7500,70.2100,70.7900,1995200
20150821,69.5100,71.1200,69.0100,69.7900,2572000
20150824,66.2700,69.0600,62.5000,65.6500,2717600
20150825,66.5400,69.8000,66.2500,68.6300,2429900
20150826,68.3800,68.7200,65.7900,67.8300,3288000
20150827,70.3400,70.7600,68.6600,69.2300,1596900
20150828,70.6000,70.8800,69.2000,69.7200,1229900
20150831,69.9000,70.8400,69.5200,70.1100,1302000
20150901,68.1900,69.5300,67.8900,68.1600,1942400
20150902,69.7300,69.9600,68.4500,69.3400,1031100
20150903,69.4700,71.1600,69.1600,69.8600,2235300
20150904,67.2100,68.7400,67.1200,68.6000,1576600
20150908,67.6000,68.0900,67.3600,67.5000,2224600
20150909,66.9200,68.5300,66.7500,68.3200,1516500
20150910,67.4900,68.4000,66.3400,66.6300,1907000
20150911,66.9200,67.8600,65.6200,67.3600,1882000
20150914,67.7900,68.3400,66.4000,67.1600,1270000
20150915,70.0600,70.3400,66.2700,67.4100,2392600
20150916,69.9000,70.7400,69.2300,70.3600,2070500
20150917,69.8900,70.4900,69.1000,69.8500,2393000
20150918,68.6400,70.1000,68.4000,69.2100,1917900
20150921,68.3800,69.3000,67.9900,68.8700,883600
20150922,67.2000,68.3800,66.5300,67.7300,1277200
20150923,65.6900,67.7200,65.6600,67.0800,1113900
20150924,65.4600,65.7000,64.3700,65.1000,1480100
20150925,64.8900,66.4900,64.3400,65.7400,1299800
20150928,62.8800,65.3000,62.7900,64.7000,1541700
20150929,63.4200,63.9600,62.2400,62.9700,1181500
20150930,63.0200,64.3200,62.6200,64.0100,1568300
20151001,64.1300,64.3400,63.0000,63.2400,1641500
20151002,66.3600,66.3600,63.0700,63.2300,1273200
20151005,67.2400,67.7800,66.8100,67.3000,1224500
20151006,66.8400,68.1600,66.7600,67.2000,1515100
20151007,67.7300,68.4300,66.1400,67.1900,955100
20151008,69.5800,69.6500,67.4000,67.4000,1062800
20151009,67.9800,69.3800,67.5700,69.3400,1488600
20151012,67.4800,68.5000,66.7100,68.0100,779100
20151013,66.6900,68.3000,66.4300,67.1300,819600
20151014,83.7200,84.5000,78.2000,81.9800,19927600
20151015,83.3600,83.5500,79.8200,83.2100,4997500
20151016,83.2000,83.7200,81.0900,83.7000,2537100
20151019,84.1400,85.1600,82.5300,83.3900,2316600
20151020,84.2500,85.0800,83.4400,84.3000,1607100
20151021,82.1700,84.8000,82.0000,84.8000,1361600
20151022,83.5600,83.7100,81.4700,82.4000,1855900
20151023,82.9000,85.1500,82.3000,85.0700,2507100
20151026,83.6500,84.0700,82.5300,82.9500,1451800
20151027,81.7600,82.4600,80.7400,81.9900,1395400
20151028,81.3000,82.3500,80.8700,81.7700,1611900
20151029,80.9300,82.0200,80.7400,81.2600,1780900
20151030,83.7800,84.7000,80.7600,81.2700,2181400
20151102,83.1600,83.7200,82.2700,83.6700,1612200
20151103,82.2500,84.0400,82.0500,83.3100,2209000
20151104,82.6200,83.2000,81.6300,81.8100,1475400
20151105,83.1100,84.5600,82.7600,83.9500,3309400
20151106,77.4200,77.9700,73.5700,74.4900,8422700
20151109,77.1200,77.6500,74.8200,76.4400,3653600
20151110,78.3500,78.5300,76.7900,76.9200,2298300
20151111,79.7400,81.1300,78.1500,78.9700,2204700
20151112,79.1500,80.5200,78.6400,79.1600,1644000
20151113,77.9500,79.1500,76.8000,78.6100,2046400
20151116,78.5500,78.5600,75.7800,77.5000,1883700
20151117,78.1200,79.6100,77.4200,77.5000,1517300
20151118,83.6800,83.7700,78.8100,78.8700,3234000
20151119,84.5500,85.2200,83.0600,83.5500,2519400
20151120,84.9800,85.8700,84.0900,85.0100,2166300
20151123,84.8000,86.2000,84.3300,84.9200,2009500
20151124,82.9800,83.9300,81.8800,83.9300,2141400
20151125,82.7700,83.1700,82.2700,82.9000,858800
20151127,82.7900,83.3500,82.3100,82.8000,558500
20151130,82.3700,82.9800,81.7700,82.8100,1267100
20151201,82.9300,83.4400,82.4800,82.8500,980500
20151202,82.9200,83.3200,82.2400,82.5600,1121400
20151203,83.1400,84.9100,82.5800,82.7400,2117400
20151204,84.3700,84.7100,82.3300,83.0600,1707100
20151207,83.0700,84.4800,82.3700,83.9900,1602000
20151208,83.2000,83.8400,81.8900,82.5400,880900
20151209,82.4100,84.1700,82.1400,82.7500,971500
20151210,83.5200,84.1400,82.6500,83.8400,1218200
20151211,82.4800,83.4700,82.0000,82.3900,940500
20151214,83.8000,84.1900,82.0500,82.3900,1443500
20151215,85.9100,87.0800,83.8400,84.2700,1595500
20151216,86.8800,87.5000,84.6100,86.6800,1530500
20151217,85.3800,87.2600,85.2100,87.1700,1095100
20151218,84.3500,85.7400,83.8400,84.9400,2282300
20151221,84.1200,85.7900,83.1800,85.0000,873800
20151222,84.4000,84.6500,83.0200,84.4800,670900
20151223,84.8800,85.1500,83.6600,84.7800,1155200
20151224,85.4500,85.9300,84.6100,85.0900,823000
20151228,85.2000,85.4600,84.1700,84.9800,1386100
20151229,86.5100,86.9300,85.4500,86.0000,582800
20151230,86.1500,86.8300,85.9400,86.3900,573700
20151231,85.2500,86.5800,85.2000,85.8700,549100
20160104,82.9800,83.7600,82.0200,83.6400,1732600
20160105,81.9300,83.9700,80.9500,83.3900,1450800
20160106,80.1000,81.7400,79.2300,81.3400,2520700
20160107,77.6900,78.9400,76.8100,78.3300,1939300
20160108,76.1800,78.6000,75.9200,77.7700,1445500
20160111,76.9500,77.3100,75.6000,76.6600,1357400
20160112,77.3600,78.8000,76.3400,77.1800,1183200
20160113,72.9400,78.0000,71.5800,77.4800,2882100
20160114,71.9200,73.3600,69.2700,73.2100,2892300
20160115,70.6300,70.6900,68.8800,69.7700,2906800
20160119,71.1900,72.3400,70.0700,71.3400,2508400
20160120,69.2600,70.9000,65.7800,70.0300,2480000
20160121,69.5100,72.4600,68.1700,69.2900,1577900
20160122,70.6500,72.4500,69.7700,70.6800,1009800
20160125,69.4900,71.0100,69.2300,70.7600,1118000
20160126,69.6900,70.4400,67.4400,69.9200,2445300
20160127,67.5400,69.1400,65.4200,65.8100,3193300
20160128,67.3200,68.1000,65.0000,67.2900,2710600
20160129,66.7600,68.1200,66.3700,67.3100,2620900
20160201,67.1900,67.6400,65.8000,66.5200,1790100
20160202,63.0000,66.8400,62.1000,66.4700,3027200
20160203,62.7700,64.2600,60.8800,63.7000,2068500
20160204,63.8100,64.5200,62.3100,62.8900,1800200
20160205,58.3700,63.5800,57.2900,63.2700,5099600
20160208,55.8800,57.8400,55.2900,57.0100,4261200
20160209,54.0900,57.1700,53.5100,55.3200,2528100
20160210,54.3500,55.9900,53.4800,54.9000,4709000
20160211,61.0700,64.7500,59.4900,60.9200,9473500
20160212,59.9000,61.0700,57.8500,61.0000,4204500
20160216,63.3200,63.4700,59.9500,60.3900,3086200
20160217,65.3500,67.0000,64.0700,65.0200,3330100
20160218,63.0700,65.9900,62.3900,65.4100,2278700
20160219,63.4200,63.7700,61.3800,62.7000,1769000
20160222,63.1100,63.5100,61.3700,61.8000,2022400
20160223,60.7000,63.2100,60.3900,63.0000,2529900
20160224,60.6600,61.1600,58.5300,60.0000,2503000
20160225,62.0500,62.0700,59.7600,60.8300,1241900
20160226,62.3800,62.9500,61.6800,62.1900,1676900
20160229,62.6000,63.3000,61.8100,62.2800,2246600
20160301,66.1000,66.3900,62.7300,63.2100,2970500
20160302,65.3200,66.4300,64.5300,66.0700,1806600
20160303,65.5700,66.6200,64.4500,65.0500,1594100
20160304,65.1000,65.9100,64.2200,65.8500,1549900
20160307,65.5000,66.2300,63.7000,65.0400,1983000
20160308,62.5700,65.9500,62.4900,65.1100,2083300
20160309,60.9800,63.6100,60.0200,62.6500,2732500
20160310,61.0200,61.8600,59.3300,61.4500,2228900
20160311,63.7000,63.7500,61.3800,61.8100,1597500
20160314,66.5400,68.2800,63.0500,63.0800,5466800
20160315,66.8000,66.9700,65.5500,66.4300,2353300
20160316,67.4800,67.7400,66.0100,66.8200,1865400
20160317,65.3100,68.2200,65.2500,67.2200,2077700
20160318,64.3100,65.2700,63.4500,65.2500,4860800
20160321,65.7100,65.7900,64.3600,64.4000,1518400
20160322,64.0400,65.0800,63.6500,64.0000,2059500
20160323,61.7400,64.3400,61.5100,64.1600,2093800
20160324,62.2300,62.4400,60.5000,61.7200,1681400
20160328,62.5100,63.1400,61.5300,62.6100,1309200
20160329,65.5800,65.9100,62.0200,62.7900,2549600
20160330,66.5800,68.0700,65.8300,65.9300,2249800
20160331,66.5000,66.8500,65.3300,66.0000,1700900
20160401,67.2300,67.3900,65.1000,66.0500,1725300
20160404,65.0900,67.5000,64.9300,67.4400,1155200
20160405,63.9600,64.7900,63.0900,64.0900,1801400
20160406,65.5300,65.7600,63.8500,64.3900,1136600
20160407,63.3500,65.5100,62.5800,65.2300,2370400
20160408,62.2400,64.5800,61.7000,64.0700,2388600
20160411,60.5900,62.8600,60.5500,62.4800,2042400
20160412,61.4400,61.4900,60.2000,60.5600,1801000
20160413,63.7900,63.8600,61.8000,61.9600,2267200
20160414,63.5100,64.2700,63.0300,63.8500,1031400
20160415,63.0000,63.7700,62.2900,63.6000,1349600
20160418,65.4400,65.6400,62.6900,63.0600,1903100
20160419,64.5400,65.8800,63.9900,65.8800,2299200
20160420,64.3900,64.8400,63.6400,64.7000,1059500
20160421,63.8100,65.0000,63.3900,64.6500,1193000
20160422,63.3400,64.5500,62.9700,63.4700,1439600
20160425,62.5500,63.4700,62.0000,63.1700,1048500
20160426,62.5000,63.5900,62.0200,62.5300,1248000
20160427,63.6900,63.7400,61.9600,62.5000,1520300
20160428,63.6000,65.0000,63.4400,64.1200,2883300
20160429,64.5900,64.9800,62.3800,64.0000,1797200
20160502,64.8900,65.2400,63.9000,64.4200,1831500
20160503,65.8300,65.9900,63.1900,64.2700,3943200
20160504,63.1300,64.8200,62.6700,64.2800,4461500
20160505,62.0400,65.8000,60.5600,61.0000,7307200
20160506,62.0700,62.0900,59.6400,61.6000,3181400
20160509,63.0900,64.9500,62.1500,62.3800,3448900
20160510,66.1000,66.8900,63.5600,63.5700,3416500
20160511,65.6700,66.4000,65.2200,66.2100,2262800
20160512,63.7800,66.0500,63.1600,66.0500,2494900
20160513,64.4600,64.9100,63.6700,63.7100,1963800
20160516,64.9000,65.2500,64.2400,64.5100,1187400
20160517,65.7900,66.8000,64.9100,64.9500,2774000
20160518,64.1700,65.6500,63.4100,65.2800,2143100
20160519,63.2500,64.5300,62.5700,64.0700,1593300
20160520,64.5300,65.1900,63.4100,63.5400,1798700
20160523,66.8700,68.4300,64.5300,64.8100,3467300
20160524,66.0700,67.8300,66.0200,66.9200,2302100
20160525,66.9000,67.2200,65.7000,66.1800,1655700
20160526,66.6000,67.3500,65.8000,66.8400,1000800
20160527,67.3200,68.5300,66.3900,66.5400,1297200
