20150529,80.6900,81.2800,80.6600,81.0300,1182400
20150601,80.8100,81.2200,80.1400,80.9500,1288200
20150602,80.2800,80.6100,79.8200,80.4100,1600300
20150603,79.9700,80.8000,79.5500,80.5500,2797400
20150604,79.2000,79.9300,78.9500,79.8100,1628300
20150605,79.2200,79.7100,78.8700,79.6400,1306900
20150608,78.6100,79.6000,78.5600,79.0600,1372300
20150609,78.1000,78.9300,78.0700,78.9300,1754600
20150610,78.8700,79.0100,78.5000,78.6100,1515900
20150611,78.9700,79.2000,78.5700,78.9800,1482000
20150612,78.3300,78.8300,78.1500,78.8200,1039400
20150615,78.0300,78.3300,77.4100,77.6300,1565600
20150616,78.7800,78.8600,77.6500,77.6500,1095200
20150617,78.7500,79.2400,78.6200,78.9700,1204600
20150618,79.6500,79.9600,79.0300,79.0300,1373100
20150619,78.8500,79.7400,78.8500,79.4800,1852200
20150622,79.0700,79.8100,78.8900,79.2800,1347500
20150623,78.9500,79.3300,78.7800,79.2400,1873100
20150624,78.7300,79.3300,78.6800,78.8300,1675000
20150625,78.0600,78.9600,77.9800,78.6700,1466600
20150626,79.4000,79.7800,78.7100,79.0400,2062500
20150629,77.4700,78.9700,77.3900,77.5500,2136700
20150630,77.7300,78.8600,77.2900,78.4200,1708300
20150701,77.6800,78.8000,77.4700,78.4600,1581500
20150702,77.3400,77.9800,76.9200,77.9100,1132600
20150706,76.9300,77.1800,76.3700,76.4800,1408000
20150707,77.2200,77.3000,75.8800,77.1200,1514200
20150708,75.7700,76.7600,75.6100,76.4800,1863800
20150709,76.6100,77.1700,76.4800,76.7400,2030700
20150710,77.4300,77.5800,76.9200,77.4800,1193500
20150713,78.3100,78.3800,77.7300,78.1300,1209800
20150714,78.0900,78.4600,77.9100,78.3400,1077600
20150715,78.1900,78.5300,77.8700,78.3800,1113600
20150716,79.5100,79.5200,78.4100,78.6900,1464000
20150717,79.4200,79.5000,79.0200,79.1600,1180900
20150720,79.3500,79.6200,79.0500,79.5300,792500
20150721,79.0700,79.7400,78.7400,79.1400,1029800
20150722,78.7400,79.2200,78.4500,79.0700,1639200
20150723,77.2800,78.9800,77.0300,78.0600,2349900
20150724,76.8400,77.5600,75.9900,77.1000,1714000
20150727,76.6300,76.9000,75.5500,76.5800,1427900
20150728,77.1600,77.3800,76.6500,77.3700,1042700
20150729,77.5600,77.7700,76.9300,77.3800,1105300
20150730,77.5000,77.8300,77.0200,77.0900,1175200
20150731,77.1300,77.9800,77.0200,77.6300,1431800
20150803,77.2400,77.3900,76.7100,77.1300,1100100
20150804,77.0500,77.7700,76.7300,77.2500,1113600
20150805,76.4800,77.4900,76.0700,77.3400,1561900
20150806,75.8900,76.8700,75.4600,76.8500,1164100
20150807,75.8400,76.2700,75.3300,76.0600,969300
20150810,76.8900,76.9000,76.2500,76.5100,1181900
20150811,76.1800,76.6700,75.8800,76.6700,1131000
20150812,75.4700,75.7600,74.0400,75.7400,2510300
20150813,75.8300,76.3600,75.0200,75.3800,982000
20150814,76.0700,76.1500,75.5000,75.5900,772200
20150817,76.2300,76.2800,75.3600,75.5000,819100
20150818,76.3400,77.5700,76.0500,77.5700,675700
20150819,75.4700,76.2400,75.1000,75.9700,899300
20150820,73.9300,75.2000,72.0000,75.2000,1509600
20150821,72.0900,73.7700,72.0100,73.3700,3034700
20150824,69.6500,72.1000,67.7600,68.3300,4135400
20150825,68.3300,72.2000,68.3200,72.2000,3049100
20150826,70.8100,71.1200,69.1600,69.6200,3412800
20150827,72.9000,73.1200,71.5700,71.5700,2214800
20150828,72.4000,72.4800,71.8100,72.0900,1408200
20150831,71.8800,72.2500,71.3000,71.8700,1305800
20150901,69.3800,70.3200,69.0500,70.1500,2445400
20150902,69.9100,70.5400,69.0000,70.3700,1591100
20150903,70.3600,70.7700,69.7400,69.8900,1853900
20150904,69.4400,70.1200,68.9900,69.4500,1500900
20150908,71.1500,71.1800,69.6000,70.2600,1839800
20150909,70.4500,72.8800,70.3200,72.0000,1689600
20150910,70.9200,71.5000,70.4200,70.4600,1372400
20150911,71.0000,71.0300,70.0000,70.2200,1181200
20150914,70.5800,70.9800,70.2800,70.9600,1309400
20150915,70.9500,71.5100,70.1700,70.5800,1900100
20150916,71.6800,71.7900,70.4800,71.0400,1380900
20150917,71.0600,72.4400,70.9300,71.4600,1858000
20150918,69.5700,70.7600,69.2800,70.0900,2956100
20150921,70.2200,70.4400,69.5500,69.9000,1032900
20150922,69.0600,69.8500,68.5600,69.1600,1969000
20150923,68.8700,69.3700,68.5100,69.3100,1370000
20150924,68.3600,68.7700,67.9300,68.4200,2242300
20150925,69.1200,69.4700,68.6300,68.9400,2098200
20150928,69.1000,69.3800,68.4400,68.9400,4012500
20150929,68.2700,71.1900,67.9800,69.4500,2689900
20150930,69.5000,69.5300,68.5100,69.2100,1920900
20151001,68.5900,69.9400,67.9400,69.5500,1880800
20151002,68.7400,68.7500,65.8800,66.3200,2105600
20151005,70.7500,70.8200,69.4300,69.5100,1509300
20151006,70.6300,70.8700,69.9900,70.5400,1205300
20151007,71.9800,72.1700,70.6500,71.4500,1430500
20151008,72.0400,72.1700,70.9500,71.4700,1631000
20151009,71.5000,72.4500,71.1300,72.1400,1528800
20151012,70.2400,71.0000,69.6000,70.8900,2320700
20151013,69.1500,70.2800,69.0800,70.2300,1679900
20151014,68.9800,69.8500,68.8500,69.1300,1296900
20151015,70.2000,70.2000,69.1300,69.1900,1201500
20151016,70.8000,70.9000,70.2000,70.5300,1307700
20151019,70.2600,70.5900,70.0000,70.3100,992000
20151020,70.5500,70.7900,70.1200,70.4900,1033500
20151021,69.6400,71.0000,69.5600,70.9700,1384100
20151022,74.2500,74.6200,70.7400,70.9000,3740200
20151023,74.3900,74.6100,73.4300,74.6100,1986100
20151026,74.1900,74.5300,73.8700,74.3100,1284200
20151027,73.9500,74.0000,73.2100,73.5200,1018900
20151028,75.2400,75.2400,73.8000,74.0600,1643900
20151029,75.3800,75.5500,74.3100,74.8600,1268700
20151030,75.6200,75.9900,75.0100,75.3600,1967700
20151102,76.1900,76.2200,75.5800,75.9600,1433300
20151103,76.6800,76.8900,75.6700,75.8200,1170400
20151104,76.1900,76.9400,76.0000,76.6000,1018000
20151105,76.6700,77.0500,76.2600,76.3800,831200
20151106,76.9300,77.7100,76.4200,77.1700,929900
20151109,75.5300,76.8700,75.2500,76.8100,1359600
20151110,76.1600,76.1600,75.2600,75.4500,823600
20151111,76.3800,76.7400,76.1700,76.4700,966400
20151112,75.2500,76.6700,75.1900,76.0300,1382700
20151113,74.3600,75.3200,74.1600,75.0300,1235600
20151116,75.3400,75.3600,73.7800,74.3000,797600
20151117,74.7400,75.5700,74.4700,75.2300,1064100
20151118,76.4900,76.4900,74.7200,74.8100,1194800
20151119,76.3800,76.4800,76.0100,76.3800,716400
20151120,76.3700,76.9100,75.9100,76.6700,1069400
20151123,76.1500,76.7000,76.0200,76.4200,655600
20151124,75.6200,75.7800,74.9700,75.2400,870400
20151125,76.0100,76.4200,75.3400,75.5900,858600
20151127,75.9500,76.1300,75.4900,76.0600,512500
20151130,76.1500,76.4100,75.4800,76.1600,1528700
20151201,76.4900,77.0500,76.0200,76.6000,1325700
20151202,75.5400,76.5900,75.3000,76.5000,1157300
20151203,75.1700,75.9300,74.6400,75.7400,2346900
20151204,76.0300,76.2600,75.1400,75.3000,2197400
20151207,75.1600,76.0700,74.6900,75.8600,1592100
20151208,74.1100,74.6800,73.9400,74.5900,1901600
20151209,73.1700,74.4700,72.7500,73.7500,1131300
20151210,73.3400,74.1300,72.9400,73.1300,1652600
20151211,70.8000,72.4800,70.4700,72.3300,2173200
20151214,70.0400,71.0000,68.7600,70.2000,1982200
20151215,71.3700,71.6500,70.8900,70.8900,2103000
20151216,72.1300,72.4100,70.9700,72.1400,2699200
20151217,71.0100,72.4900,70.9000,72.1400,1564600
20151218,69.9100,70.9800,69.8100,70.4800,2562400
20151221,70.3900,70.7500,70.0200,70.5200,1612000
20151222,70.9100,70.9800,70.1900,70.6300,1809900
20151223,72.7500,73.0000,70.9200,71.0000,1582500
20151224,72.4500,72.9600,72.1800,72.4800,431900
20151228,72.7200,72.8300,71.9700,72.2500,1011000
20151229,73.1000,73.6400,72.7300,72.7300,1020800
20151230,72.0900,73.3900,72.0400,72.9300,1081000
20151231,71.4900,72.4900,71.4900,72.0500,1052800
20160104,70.1900,70.2100,69.1700,69.9300,2353500
20160105,70.4800,70.8100,69.5000,70.3900,1403700
20160106,68.9000,69.4100,68.6200,69.1400,1752300
20160107,67.0600,68.7600,66.6700,67.5100,2238100
20160108,65.3600,67.6500,65.2800,67.4600,2142500
20160111,65.0100,65.9600,64.3400,65.7000,2068900
20160112,66.7100,66.8200,65.1600,65.7300,2915700
20160113,64.8700,67.7600,64.7100,66.9700,2297100
20160114,65.5800,66.1600,64.3500,65.1500,2277300
20160115,64.9500,65.4900,63.5700,63.8300,2669700
20160119,65.5600,66.5400,65.0700,65.9500,2025200
20160120,65.0900,65.7700,63.7500,64.4000,2598100
20160121,65.5600,67.2600,65.1100,65.3300,2112300
20160122,67.4300,67.4400,66.2800,66.7700,1650800
20160125,65.4100,67.3400,65.2900,67.0800,1640800
20160126,66.6500,67.6500,65.4400,65.7700,1533300
20160127,66.2300,67.5700,65.5000,66.6700,2232000
20160128,68.4200,70.8000,68.0100,68.2500,2984700
20160129,70.9500,71.1600,68.4400,68.5100,2844000
20160201,70.1600,70.6000,69.4000,70.4400,2375400
20160202,68.0500,69.4600,67.7900,68.9200,2657100
20160203,68.6400,69.0700,66.4000,68.4600,2326200
20160204,69.7800,69.8200,68.4000,68.4100,3472600
20160205,68.6400,69.9100,68.3600,69.4000,2616500
20160208,65.9700,67.9800,64.2600,67.9800,4241900
20160209,66.4900,67.1500,64.8100,65.2000,2326300
20160210,66.5900,68.3500,66.5500,67.4600,1509500
20160211,65.4800,66.2000,64.6500,64.7100,2095200
20160212,67.5500,67.5600,65.9800,66.8700,1368700
20160216,68.4700,68.8100,67.7400,68.5000,1546000
20160217,70.2600,70.7000,68.5200,69.2600,1858200
20160218,69.4300,70.5500,69.0000,70.5200,1569200
20160219,68.8600,69.4000,68.3300,69.1400,1463000
20160222,69.8900,70.2400,69.1400,69.7200,1270700
20160223,68.6000,70.2700,68.2700,70.0300,1260600
20160224,68.9600,69.0800,66.2700,67.3400,1483900
20160225,69.6400,69.6500,68.1600,69.1900,1028400
20160226,69.7200,70.6400,69.3000,70.5100,1040200
20160229,69.1100,70.2300,69.0900,69.7600,1384700
20160301,71.4000,71.4000,69.6300,69.9300,1740200
20160302,71.6700,71.6900,70.4500,71.1600,1307400
20160303,72.3400,72.3500,71.2600,71.7600,1123600
20160304,72.7800,73.2800,71.9700,72.3400,1367900
20160307,72.5600,73.0000,72.0000,72.3500,1210300
20160308,71.9700,72.6000,71.5600,71.9700,1609200
20160309,71.5200,72.3600,70.9000,72.2000,1354400
20160310,71.3100,71.9000,70.2200,71.8500,918200
20160311,72.6300,72.8300,71.5800,71.9000,1287100
20160314,71.6700,72.3200,71.5100,71.8800,1053300
20160315,70.6000,70.9100,69.9000,70.7900,1746700
20160316,71.3200,71.6100,69.9700,70.1500,1084800
20160317,73.2100,73.8100,71.3300,71.4200,1764800
20160318,73.5400,73.8900,72.0000,73.4500,2439600
20160321,73.3600,73.7000,72.2600,73.2400,1082300
20160322,73.0900,73.6200,72.6500,72.9400,965900
20160323,73.1000,73.5200,72.5400,73.0500,1054400
20160324,72.5100,72.6200,72.0500,72.3600,1150400
20160328,72.8000,73.0700,72.1500,72.7400,666400
20160329,73.9000,74.0500,71.8400,72.3400,1443000
20160330,73.9000,74.7200,73.8100,74.1600,1442600
20160331,73.4600,74.2100,73.3900,73.7900,1324500
20160401,73.9500,74.0800,72.4100,72.9700,1299200
20160404,73.0300,73.9800,72.8400,73.7800,1012900
20160405,72.3400,72.7100,72.0800,72.5100,1047100
20160406,73.3500,73.6000,72.3500,72.5000,1326700
20160407,71.4800,73.0500,71.2600,72.6300,1358100
20160408,71.8000,72.3000,71.4200,72.2000,1275400
20160411,72.1900,73.4700,72.1400,72.4300,1172900
20160412,74.0400,74.0900,72.0200,72.4500,1668900
20160413,76.5000,76.5200,74.5400,74.7200,2413300
20160414,76.6100,76.9700,75.5100,76.4900,1040200
20160415,76.5300,76.8600,76.1500,76.5400,999100
20160418,76.6000,76.7100,76.0100,76.3400,1078100
20160419,77.7200,77.8500,76.8000,77.1800,1139000
20160420,78.3400,78.6800,77.5000,77.9200,1647100
20160421,77.6300,78.7100,77.2200,78.3500,1438800
20160422,77.5800,78.0300,77.0800,77.5700,1522700
20160425,76.9700,77.8500,76.5800,77.2700,1895300
20160426,77.5200,79.0000,76.3200,78.4800,2740300
20160427,77.4600,77.9800,76.8800,77.1900,1952500
20160428,75.7700,77.2300,75.4400,76.9400,1741800
20160429,75.2900,75.7500,74.7600,75.0500,1426400
20160502,75.6900,75.9200,74.7000,75.6500,1334800
20160503,74.9300,75.0900,73.9400,75.0900,1179300
20160504,74.2900,74.9600,74.0400,74.6900,1203200
20160505,74.3400,74.9000,74.0700,74.6200,1895300
20160506,75.0900,75.1100,73.7000,73.7500,1419000
20160509,75.0400,75.4100,74.4500,74.8000,1345900
20160510,75.8600,75.9300,75.0400,75.2500,1447500
20160511,75.3500,76.0700,75.3300,75.4500,1342200
20160512,75.6100,76.1800,75.0700,75.6900,913000
20160513,74.1300,76.0000,73.5700,75.3900,1046400
20160516,74.7400,75.0800,74.2100,74.2100,1007100
20160517,74.0800,74.8100,73.7700,74.3600,1185100
20160518,74.4300,74.7200,73.5700,74.0200,1787600
20160519,73.7400,74.2800,73.0400,73.9900,1216800
20160520,74.8800,75.0700,74.0600,74.1300,3992000
20160523,74.5100,75.0300,74.4200,74.5200,1053400
20160524,76.5700,76.7800,74.8000,75.1400,1278000
20160525,77.3600,77.6300,76.6800,76.7300,1084700
20160526,76.6600,77.5000,76.6300,77.2100,706900
20160527,77.1300,77.5000,76.7200,76.8900,701300
