20150529,101.1200,102.2800,101.0300,102.2700,2046200
20150601,101.0100,101.8700,100.9500,101.5900,1350800
20150602,100.3300,101.0000,100.2200,100.7700,2445800
20150603,101.0100,101.3900,100.2900,100.8100,1828500
20150604,100.2100,101.2300,99.9700,100.1100,1637800
20150605,99.3100,100.8900,99.2800,100.5600,1804100
20150608,97.7600,99.0900,97.7300,98.9000,2447700
20150609,97.8000,98.4400,97.5400,98.0100,1883500
20150610,99.1800,99.9200,98.0400,98.0400,1891500
20150611,100.1300,100.3000,99.0100,99.0700,1709200
20150612,99.4700,99.9100,98.9400,99.6400,1426100
20150615,98.7900,99.3400,98.2200,98.7700,1458000
20150616,99.4900,99.7700,98.3900,98.3900,1436200
20150617,99.7800,100.1800,99.0700,99.8400,1225900
20150618,101.4700,101.7000,100.0900,100.0900,2196500
20150619,99.4500,101.3500,99.2700,101.1600,3014900
20150622,100.0400,100.5400,99.8100,100.4100,1263000
20150623,100.0000,100.6000,99.4700,100.3400,1105200
20150624,98.7800,99.9400,98.7800,99.7900,1402500
20150625,97.8100,98.8100,97.7400,98.3700,1403800
20150626,97.9200,98.5600,97.7200,98.1800,2061600
20150629,96.1400,97.4700,96.1000,97.1000,1818600
20150630,96.6600,97.1100,95.8600,96.6900,2752000
20150701,99.3000,100.4400,98.5400,99.6500,3447000
20150702,99.2300,100.4600,99.0800,99.4900,1996200
20150706,98.9400,99.1200,98.2400,98.4200,1756000
20150707,100.0300,100.1500,98.3000,98.9900,2716300
20150708,98.7600,99.4700,98.6200,99.1400,2352200
20150709,100.0700,100.9900,99.8700,100.3800,3101500
20150710,101.0000,101.3500,100.6800,101.3100,1225300
20150713,102.3300,102.4300,101.8300,101.9000,2174900
20150714,102.3800,102.5900,101.9200,101.9800,1211400
20150715,102.4200,102.5800,101.9900,101.9900,1737800
20150716,103.2900,103.7100,103.0100,103.3500,2020100
20150717,102.9400,103.4000,102.7000,103.1700,1449000
20150720,102.6100,103.0800,102.5200,102.9100,1756600
20150721,104.4800,104.7300,102.1200,103.9700,3389500
20150722,105.3000,105.8600,104.4900,104.6700,2119200
20150723,105.3000,105.5900,104.8800,105.3900,1568700
20150724,105.2700,105.5500,104.9500,105.1700,1605000
20150727,105.5900,105.9800,104.0500,104.1600,2239500
20150728,105.9400,106.1000,105.1800,106.0000,1903200
20150729,106.4300,106.6000,105.7100,105.9600,1805600
20150730,106.5000,106.6500,105.9200,106.2000,1103900
20150731,106.1200,107.0900,106.0200,106.8300,1758500
20150803,106.9400,106.9400,105.9900,106.3900,1497800
20150804,106.6300,107.1100,106.2500,106.5100,2118400
20150805,106.0800,107.4700,105.8300,107.1100,2829200
20150806,105.4600,106.3000,104.9200,106.2300,1497000
20150807,105.4800,105.5800,104.7600,105.2600,1507300
20150810,105.8200,106.6100,105.5800,106.0900,1916300
20150811,105.8900,105.9900,104.9900,105.0000,1515100
20150812,105.4300,105.6300,104.0500,105.0500,1708800
20150813,106.9500,107.7000,104.5600,105.2600,3227600
20150814,107.7100,107.8800,106.7500,106.9200,1488300
20150817,107.7100,107.8900,106.4900,107.1300,1213200
20150818,107.8200,107.9800,106.7900,107.6700,889700
20150819,107.2200,108.0500,106.4700,107.2800,1386900
20150820,105.7000,106.6300,105.6600,106.1900,1556800
20150821,102.9300,106.1900,102.8600,106.1900,2293700
20150824,98.7800,101.4100,95.2100,97.9900,5527100
20150825,97.7500,100.8200,97.6400,100.4700,2932300
20150826,100.0000,100.2900,97.5900,100.0700,2602300
20150827,101.4000,101.7200,99.7900,101.0900,2711100
20150828,100.4300,101.2200,99.8000,101.0000,1678300
20150831,99.5500,100.2500,99.3200,99.7400,1931200
20150901,97.4900,98.5500,97.2100,97.7100,2542000
20150902,98.9300,98.9300,97.8800,98.3500,1642700
20150903,99.3700,100.1100,99.0100,99.1700,2382800
20150904,97.7600,98.6000,97.2900,97.9600,1923200
20150908,99.6500,99.6900,98.5000,98.9400,2104700
20150909,98.4800,100.4700,98.3000,100.2500,1590800
20150910,99.0900,99.7500,98.0700,98.1600,1628100
20150911,99.4900,99.5200,98.1800,98.4300,1375300
20150914,99.2800,99.8400,98.7600,99.5700,1601800
20150915,100.8600,101.1500,99.1800,99.5200,1694300
20150916,101.9100,102.0800,100.5000,100.7600,2034100
20150917,101.6600,103.1300,101.2500,101.9400,1776500
20150918,99.6600,100.9100,99.4400,99.8300,5001800
20150921,100.5200,101.4300,100.1200,100.4400,2095200
20150922,98.9800,99.6500,98.6800,99.2600,2326600
20150923,99.0800,99.6500,98.4800,99.0000,1919200
20150924,98.8600,99.2300,98.3200,98.6400,2387000
20150925,99.9100,100.6100,98.4800,99.6000,1942900
20150928,99.0800,100.2600,98.7700,99.4000,2892800
20150929,99.4700,99.6100,98.2100,99.2100,2127600
20150930,99.5300,100.3600,99.2800,100.3500,2556100
20151001,98.3400,99.9700,97.1800,99.8500,2981400
20151002,100.0300,100.0300,97.1800,97.5500,2410900
20151005,101.8600,101.9100,100.4800,100.7300,1846700
20151006,101.0700,101.6100,100.9000,101.5400,1329600
20151007,102.1700,102.4600,101.2800,101.5200,1328100
20151008,103.0900,103.2100,101.5600,101.6700,1213700
20151009,102.9400,103.7500,102.6300,103.3700,1290600
20151012,103.7200,104.0000,102.6500,102.6600,983700
20151013,103.3100,103.9900,103.0000,103.2200,1287600
20151014,102.7700,103.7300,102.6900,103.2200,1938400
20151015,104.9600,104.9600,103.2200,103.6200,1657600
20151016,105.9000,105.9700,105.0400,105.2400,1869700
20151019,106.3200,106.4700,104.8100,105.7400,2395100
20151020,108.9500,109.8600,107.9100,108.5800,3135000
20151021,110.7000,111.8800,109.4900,109.5000,3099000
20151022,112.3200,112.9300,110.7600,110.8200,2488000
20151023,112.2800,112.9700,111.9000,112.7900,2326700
20151026,112.7700,112.9900,112.2200,112.5900,1798900
20151027,113.4100,113.7600,112.1200,112.1700,2119800
20151028,114.2600,114.3200,113.0800,113.8100,1783700
20151029,114.2900,114.7700,113.6900,114.3100,1932200
20151030,112.8900,114.6100,112.8900,114.5600,2207300
20151102,113.8700,113.9800,113.3100,113.5700,1828600
20151103,113.6900,114.1400,112.9900,113.8000,1536000
20151104,114.0800,114.3600,113.1800,113.7100,2031600
20151105,113.9700,114.5800,113.8400,114.4300,1510800
20151106,113.1000,114.7800,112.5900,114.5700,2620800
20151109,112.8300,113.0700,112.4100,112.7200,1586100
20151110,114.0500,114.1000,112.4700,112.9000,1488300
20151111,114.3800,114.7800,113.8500,114.3100,1218200
20151112,112.3100,114.1900,112.2600,113.8300,1939600
20151113,112.0000,112.9100,111.8300,112.3600,2043600
20151116,112.8900,112.9100,111.6200,111.8500,1653500
20151117,112.7400,113.4500,112.4300,112.8100,1569000
20151118,114.6800,114.7900,112.7500,112.8400,1688300
20151119,115.0200,115.3000,114.1300,114.8500,1067400
20151120,115.8300,116.4800,115.0800,115.2400,1693700
20151123,115.6300,116.1500,115.3900,115.8100,1320800
20151124,115.4400,115.7700,114.7100,115.3200,1486200
20151125,114.8000,115.5300,114.5700,115.4500,1164800
20151127,114.8500,115.1000,114.3500,114.7100,548100
20151130,114.5700,115.5000,114.4000,115.1700,1874100
20151201,115.6800,116.3600,115.1400,115.2700,1829500
20151202,114.7100,116.0700,114.6200,115.4100,1667800
20151203,111.2900,114.2800,111.0400,114.0700,4310100
20151204,114.0600,114.1100,111.7200,111.7200,2226300
20151207,113.5900,114.0000,112.8800,113.1900,1908000
20151208,112.3700,113.0000,111.7200,112.4200,1991700
20151209,111.0400,112.8900,110.8300,111.6600,1835500
20151210,110.9900,111.7500,110.2500,110.8900,1580400
20151211,109.7600,110.9600,109.3400,109.6800,1832500
20151214,111.0300,112.0300,109.6700,109.9300,2285000
20151215,113.1800,113.7200,111.7500,111.7700,2262400
20151216,114.5400,114.8400,113.0800,114.0900,1774400
20151217,113.2700,114.7900,113.2400,114.6900,2215700
20151218,110.1300,113.2700,110.0700,113.2700,5070000
20151221,110.9400,111.4300,110.0200,110.8600,1423200
20151222,112.4800,112.6300,110.8500,111.7200,1771400
20151223,113.2100,113.2500,112.2700,112.8400,1465200
20151224,113.2700,113.7400,112.7400,112.8700,507300
20151228,113.4800,113.5100,112.6600,113.0000,711400
20151229,115.0200,115.1900,113.9900,114.0800,1048900
20151230,114.2900,115.2700,114.1500,115.0300,646700
20151231,112.8600,114.3200,112.8300,114.1200,956100
20160104,109.9700,110.9600,108.7300,110.7100,2846000
20160105,110.4700,110.7300,109.5400,109.9200,1870400
20160106,109.0400,109.7900,108.5700,109.3400,1730900
20160107,106.4400,108.4400,106.0300,107.5000,2284400
20160108,105.9900,107.4400,105.8300,107.0100,1984500
20160111,106.7900,107.2800,105.6200,106.4700,1549700
20160112,107.9800,108.2000,106.5900,107.6900,2116000
20160113,106.0600,108.8300,105.8300,108.2700,2881400
20160114,106.9800,108.0100,105.8300,105.9400,1919000
20160115,105.1000,105.7300,103.2800,103.2800,2532400
20160119,105.7600,106.6700,105.2800,106.6100,2459600
20160120,103.6500,104.9500,102.6800,104.8900,3320400
20160121,102.7000,105.1000,101.2300,103.8600,3184000
20160122,103.1400,103.9000,102.0800,103.6300,2483700
20160125,102.0800,103.4000,101.5500,102.5300,2930000
20160126,103.2500,104.0000,102.1800,102.2600,2018200
20160127,103.3100,104.7500,102.7300,103.0700,1694500
20160128,104.4700,104.8200,103.0400,103.7900,1391400
20160129,107.0400,107.0700,104.9700,105.2800,2195900
20160201,107.0100,107.3500,106.1700,106.7900,1843800
20160202,106.0300,106.4400,105.5000,105.5000,1730200
20160203,106.8900,107.5100,104.7400,106.3500,2085000
20160204,107.4900,107.5700,106.5900,106.7600,1607000
20160205,106.2900,108.0000,106.0100,107.4900,2756600
20160208,105.6000,106.0000,103.9300,105.1800,3409300
20160209,105.9200,106.1400,103.7700,103.9500,1983600
20160210,105.7200,107.6500,105.6000,106.3500,1584500
20160211,103.7700,104.5600,103.0700,103.7300,2544600
20160212,107.4900,107.5800,104.1800,104.8200,2095900
20160216,107.3700,108.5000,106.6100,108.2700,2322300
20160217,109.1800,109.2600,107.6300,108.0000,1913800
20160218,108.8500,109.2500,108.5800,109.0100,1678100
20160219,108.0900,108.7200,107.8300,108.5600,1682500
20160222,109.3500,109.5300,108.4900,109.4200,2280700
20160223,107.9100,108.8100,107.6300,108.6400,1523100
20160224,108.4800,108.8000,106.6700,107.3000,1521900
20160225,109.2700,109.2700,108.2200,108.7900,1392900
20160226,108.4600,109.8000,108.2500,109.6000,1807700
20160229,107.5200,108.7200,107.3900,108.4600,2923000
20160301,110.1300,110.1300,108.0400,108.1300,1651900
20160302,110.2000,110.4400,109.6800,110.0600,1521000
20160303,109.8000,110.2800,108.6300,109.9200,1819400
20160304,110.4000,110.5900,109.0600,110.3800,1372900
20160307,110.4100,110.4900,109.5600,110.0200,1227000
20160308,110.8500,111.5800,109.4600,109.4600,1891900
20160309,111.3300,111.7000,110.8300,111.5000,1452000
20160310,111.5300,112.3600,110.5800,111.2600,1683000
20160311,113.6400,113.6700,112.1300,112.1900,1976300
20160314,112.8200,113.8000,112.2800,113.6500,1730900
20160315,113.9200,114.3800,112.0800,112.2300,1528400
20160316,114.6800,115.0100,113.5000,113.5000,1396100
20160317,115.8300,116.1700,114.4400,114.7300,1515500
20160318,115.7600,116.0000,114.8100,115.9900,5216100
20160321,116.0300,116.3200,115.3200,115.3200,1188400
20160322,116.0600,116.7800,115.5400,115.9500,1524900
20160323,115.8900,116.4600,115.0500,116.1600,1455000
20160324,115.3900,115.9200,114.6700,115.6400,1476900
20160328,116.2500,116.4100,115.5700,116.1100,884800
20160329,116.4100,116.8700,115.7700,116.2100,1226900
20160330,117.4300,117.7000,116.7200,116.9500,1147600
20160331,116.7100,117.6100,116.4900,117.3900,1096500
20160401,117.4000,117.5500,115.9100,116.4200,1466900
20160404,117.5600,118.2800,117.1700,117.6500,1096100
20160405,116.1300,117.8400,116.0200,117.0700,1212000
20160406,115.9300,116.3800,114.9600,116.0500,1632300
20160407,114.5000,115.5800,114.3600,115.5800,1279800
20160408,115.2300,116.0100,114.7900,114.7900,906000
20160411,114.7800,116.2800,114.7300,115.3500,1175300
20160412,115.1900,115.2900,114.1300,114.8100,1743900
20160413,115.9600,116.1800,114.8600,115.8700,1482800
20160414,115.3600,115.9900,115.1000,115.8700,1585400
20160415,116.2300,116.6200,115.3500,115.7400,1548600
20160418,116.0100,116.3300,115.4300,116.2300,2349800
20160419,116.2700,117.2400,116.0900,116.8100,1216400
20160420,115.8000,116.6800,115.1400,116.6300,1961000
20160421,108.7900,112.3700,108.2500,111.5300,5061000
20160422,110.8400,111.1700,109.1000,109.1600,2020900
20160425,110.3400,110.6500,109.5100,110.5500,1477200
20160426,109.9700,110.9300,109.5600,110.6300,1614900
20160427,109.5300,110.1300,108.8800,110.1300,2259800
20160428,109.1300,109.8700,108.3700,108.7200,1438200
20160429,109.9000,110.1200,108.5000,108.9600,1692000
20160502,110.9100,111.2700,110.0100,110.0100,1384400
20160503,110.3300,110.6900,109.6200,109.6800,1245800
20160504,109.7300,110.1900,108.6800,109.5200,1342900
20160505,110.7500,111.1600,110.2700,110.3900,1590000
20160506,110.4500,110.5900,109.7300,110.5000,1272700
20160509,110.8100,111.0500,110.0100,110.1100,933400
20160510,112.2700,112.2800,110.7400,111.0000,1267100
20160511,111.9700,113.1200,111.9000,112.3100,1507500
20160512,112.6400,113.0400,111.6300,112.1900,1274800
20160513,112.6700,113.0100,111.9300,112.8300,1593600
20160516,112.2400,112.8600,111.9400,112.2600,1151300
20160517,110.4200,112.2600,110.1000,112.0800,1487200
20160518,111.3000,111.8900,109.9800,110.2700,1346700
20160519,110.1000,110.9700,109.8600,110.5300,1628400
20160520,111.8900,112.4600,110.4800,110.7500,1805800
20160523,111.3900,112.1900,111.2100,111.7000,1107300
20160524,113.4400,113.5000,111.5000,111.6100,1386400
20160525,113.5400,114.3800,113.3300,113.7600,1180200
20160526,113.6000,113.7600,113.0100,113.4800,1185700
20160527,114.1800,114.3400,113.5500,113.6100,1031200
