20150529,32.5600,33.0400,32.4800,33.0000,4267500
20150601,33.1200,33.2000,32.4500,32.6300,2151000
20150602,32.5100,33.1000,32.4500,32.9700,1510300
20150603,31.7700,32.7000,31.6900,32.4800,1674600
20150604,31.7200,31.9400,31.5200,31.7600,1047900
20150605,31.7100,31.9300,31.0500,31.3200,1852700
20150608,31.7300,31.9100,31.5200,31.7600,862500
20150609,31.6200,31.9100,31.5500,31.6700,1099600
20150610,31.9200,32.1200,31.4300,31.5900,1371700
20150611,32.4000,32.4000,32.0500,32.1200,1664000
20150612,32.5500,32.7400,32.3500,32.5800,2297300
20150615,32.5900,32.7100,32.2400,32.4600,2234000
20150616,32.7900,33.0300,32.5100,32.6300,2393000
20150617,33.0100,33.0800,32.4400,32.8500,1476400
20150618,33.6400,33.7400,33.0400,33.0400,1505800
20150619,33.2700,33.6200,33.2200,33.5600,2294900
20150622,32.9300,33.5900,32.9100,33.3500,2692400
20150623,32.6100,32.9800,32.5500,32.8500,2562900
20150624,32.5500,33.0100,32.5100,32.6600,2198700
20150625,32.3700,32.7900,32.3700,32.6100,1657200
20150626,32.5900,32.8000,32.2400,32.3700,2831200
20150629,32.1700,32.9700,32.1500,32.5700,2103000
20150630,32.0300,32.6300,32.0100,32.5100,2747700
20150701,32.6700,32.6700,31.9800,32.1300,2473000
20150702,32.8600,33.2700,32.7500,32.8900,1898300
20150706,32.9600,33.0200,32.6500,32.7200,1591900
20150707,33.3800,33.5300,33.0800,33.1000,3817300
20150708,33.1000,33.2500,32.9500,33.0600,2125100
20150709,32.9900,33.2600,32.8700,33.2300,1767600
20150710,33.0300,33.4000,32.9500,33.1300,1739500
20150713,33.0200,33.5600,32.9100,33.3000,1299300
20150714,33.2700,33.7000,32.8100,33.1200,921700
20150715,33.3300,33.4200,33.0800,33.4100,1393200
20150716,33.5100,33.9900,33.3900,33.4600,869500
20150717,33.3400,33.5200,33.2000,33.5200,710400
20150720,33.5700,33.5700,33.2000,33.2300,1376700
20150721,33.4100,33.8800,33.3900,33.6400,1142900
20150722,33.6600,33.7400,33.4000,33.4000,1112400
20150723,33.4100,33.6400,33.1600,33.6300,1673900
20150724,33.4700,33.6200,33.3400,33.5500,1163100
20150727,33.4400,33.8300,33.3900,33.5200,1959700
20150728,33.3800,33.8100,33.0700,33.4700,2399800
20150729,33.3700,33.3800,33.0100,33.3800,1286700
20150730,33.4200,33.4400,33.1400,33.2800,1171200
20150731,33.8100,34.0600,33.6900,33.8500,2038000
20150803,34.2200,34.2200,33.7700,33.8900,1589100
20150804,34.1000,34.5200,34.0100,34.1800,1480200
20150805,33.9500,34.1700,33.6400,34.1200,1406300
20150806,34.1200,34.1500,33.5300,33.9200,1512300
20150807,34.3500,34.4100,33.7700,34.0700,1398200
20150810,34.3500,34.4900,34.0800,34.4500,1216700
20150811,34.7800,34.7900,34.0100,34.2900,1731500
20150812,34.8700,34.8800,34.4800,34.6600,1748500
20150813,34.8300,34.9400,34.4300,34.7600,1341500
20150814,34.8100,34.8100,34.1500,34.7400,1595500
20150817,35.4400,35.4400,34.6200,34.8200,1766700
20150818,35.6700,35.6800,35.2800,35.3300,2791200
20150819,35.0800,35.3400,34.9500,35.0500,3239800
20150820,34.8900,35.1500,34.3500,34.7900,2305400
20150821,33.8800,34.7700,33.8800,34.6200,2139800
20150824,32.0800,33.1100,30.0300,30.0300,3421800
20150825,31.1400,32.6200,31.1000,32.4700,2690500
20150826,31.9900,32.0700,31.2300,31.6400,2592600
20150827,32.7700,32.9200,31.9000,32.1900,2005600
20150828,32.8100,32.9200,32.4000,32.7000,1352000
20150831,32.3000,32.9900,32.3000,32.7600,3637700
20150901,31.5200,32.1300,31.2800,31.6300,1744600
20150902,31.7600,31.9700,31.4100,31.7800,1314800
20150903,31.7800,32.1000,31.7100,31.8600,898600
20150904,31.1600,31.5400,30.9200,31.5100,948000
20150908,31.6100,31.7500,31.2500,31.7500,1195300
20150909,31.1900,32.9900,31.1500,31.9600,1136200
20150910,31.3700,31.7500,31.0500,31.1400,1088300
20150911,32.2800,32.2900,31.2400,31.3500,1356900
20150914,32.1700,32.4000,32.0200,32.3700,1032500
20150915,32.8400,32.9500,32.0200,32.2700,1887200
20150916,33.2500,33.3400,32.0300,32.7900,1254300
20150917,33.5300,34.1100,33.0000,33.2500,1948700
20150918,33.7000,34.3500,33.0600,33.0800,2649700
20150921,34.0400,34.2200,33.7400,33.7900,1762400
20150922,33.7100,34.0300,33.6200,33.8600,1593300
20150923,33.9100,34.0900,33.6200,33.8100,1298000
20150924,33.6200,34.0900,33.2800,33.8600,1693400
20150925,33.7900,34.1500,33.5100,33.6800,1687700
20150928,33.4700,33.7800,33.0800,33.7100,1637400
20150929,34.2000,34.3900,33.3600,33.5400,2264300
20150930,34.4800,34.6400,34.1500,34.5800,2706700
20151001,34.6800,34.7800,34.2600,34.6000,1661800
20151002,35.0300,35.0600,34.3600,34.3700,1827400
20151005,35.2900,35.4200,34.9600,35.3600,1455700
20151006,34.9700,35.4900,34.8500,35.2300,1331900
20151007,35.1100,35.1300,34.6400,34.8600,2350700
20151008,35.2400,35.4200,34.2300,35.1100,2258900
20151009,35.4000,35.4200,34.9900,35.2100,1512700
20151012,35.8300,35.8800,35.3700,35.4600,1548300
20151013,35.4200,35.8300,35.3000,35.6900,1045600
20151014,34.9500,35.5200,34.8800,35.5000,1161600
20151015,35.5700,35.9700,35.0900,35.0900,1341100
20151016,35.7800,35.9000,35.5100,35.6500,1536100
20151019,36.4100,36.4100,35.6500,35.7400,1016700
20151020,35.9800,37.0000,35.8600,36.3700,1691200
20151021,36.0300,36.3800,35.7000,36.1400,1280400
20151022,35.7700,36.3100,35.6400,36.1800,2771500
20151023,35.5700,37.2000,35.3800,35.7900,1817400
20151026,35.6600,35.7300,35.2700,35.6500,1814800
20151027,35.4100,36.4000,35.1900,36.0400,2059100
20151028,35.2800,36.4700,34.6200,35.5700,2099900
20151029,35.1700,35.3400,34.8200,35.1500,1358000
20151030,34.4600,35.3600,34.3100,35.2300,2186100
20151102,35.3900,35.4100,34.2500,34.7000,1671700
20151103,34.9400,35.2900,34.6700,35.2900,1436900
20151104,34.9900,35.1000,34.7800,35.0200,997200
20151105,35.2700,35.3000,34.7500,34.9300,862300
20151106,34.0800,35.5000,33.8000,34.9600,1375600
20151109,33.7700,33.9300,33.1800,33.6500,1492200
20151110,34.1900,34.2800,33.5700,33.6300,1495800
20151111,34.5700,34.7200,34.1200,34.1900,1135500
20151112,34.4900,34.7600,34.2700,34.4900,1590200
20151113,34.5300,34.7400,33.9500,34.5500,1378100
20151116,35.0600,35.1000,34.0900,34.5500,1270100
20151117,35.5000,35.5800,34.9200,34.9500,1331100
20151118,35.4900,35.6600,35.0600,35.5800,2062600
20151119,35.8200,36.0000,35.4000,35.5700,1330000
20151120,36.4700,36.5100,35.9000,35.9900,1717900
20151123,36.7200,36.8400,36.4500,36.4700,1147600
20151124,36.4900,36.6600,36.1000,36.4200,1566800
20151125,37.1400,37.2700,36.4500,36.5600,1718800
20151127,37.7200,37.8900,36.6100,37.0300,1218700
20151130,36.9100,37.9600,36.8100,37.8100,7045000
20151201,37.3100,37.3900,36.9900,37.0700,1745700
20151202,36.6400,37.3600,36.5600,37.3200,1615200
20151203,36.0400,36.8100,35.9400,36.6100,1644200
20151204,36.7300,36.9600,36.1100,36.1100,1386900
20151207,36.4200,36.9000,36.3200,36.7400,1190600
20151208,36.3100,36.6700,36.2300,36.4100,1226600
20151209,35.9000,36.4300,35.7600,36.1200,1084700
20151210,35.7000,36.1000,35.1600,35.9700,1676900
20151211,35.9100,36.0200,35.4800,35.5700,1852700
20151214,36.5000,36.6100,35.6200,35.8400,2537600
20151215,36.6100,36.9400,36.5800,36.7000,1594300
20151216,37.2800,37.3300,36.5500,36.7800,1329100
20151217,36.5700,37.2000,36.0500,37.0200,2307700
20151218,36.3600,36.6100,36.2300,36.5100,2850200
20151221,36.4800,36.7900,36.1900,36.6200,1187600
20151222,36.5100,36.9800,36.4500,36.6400,2295300
20151223,36.9500,36.9600,36.5400,36.6000,964500
20151224,36.9300,37.0200,36.6400,36.9100,442600
20151228,37.4200,37.4200,36.7400,36.8600,977900
20151229,37.8900,38.0500,37.5800,37.5900,967900
20151230,37.7600,38.0700,37.7200,37.9000,816700
20151231,37.5700,37.9900,36.9200,37.8200,1635600
20160104,36.9700,37.5700,36.6600,37.5200,1655700
20160105,37.4400,37.6300,36.9500,36.9700,1052300
20160106,37.1700,37.4700,36.9200,37.0900,1234500
20160107,36.4700,36.7500,36.2500,36.2500,1973900
20160108,35.9900,36.7500,35.9100,36.6700,2275100
20160111,36.4000,36.7500,36.0600,36.1000,1608200
20160112,36.0200,36.5300,35.7500,36.4400,1936600
20160113,35.9900,36.5500,35.8400,36.0900,2057500
20160114,35.4400,36.2900,35.4400,36.0600,1734800
20160115,35.7800,35.8600,34.6300,34.6300,1814000
20160119,35.8500,36.2500,35.5500,35.8400,1976000
20160120,34.8600,36.3100,34.1900,35.5900,2513500
20160121,34.7700,35.2700,34.5000,34.9800,1540700
20160122,35.7100,35.8500,34.9600,35.2200,1328000
20160125,35.4100,36.0800,35.2700,35.7400,1756400
20160126,36.5500,36.5500,35.4400,35.4700,1681100
20160127,35.5600,36.5100,35.2500,36.5100,1893200
20160128,35.0400,35.9100,34.9100,35.6800,1879100
20160129,35.5900,35.6800,34.7500,35.3600,3071800
20160201,36.1500,36.6100,35.2100,35.3400,2510900
20160202,35.4800,36.4500,35.3400,36.2800,2842400
20160203,36.3600,36.8200,35.6000,35.8600,2650700
20160204,36.7700,37.1900,35.8200,36.1600,2820900
20160205,35.0200,36.8200,34.9600,36.7700,2092800
20160208,33.9000,35.8100,33.5600,34.9300,2186900
20160209,33.4200,34.1900,33.3500,33.5900,2115900
20160210,33.9200,34.3000,33.5400,33.5400,1520300
20160211,33.1500,33.5200,32.9000,33.3200,1387900
20160212,33.3900,33.5100,32.9100,33.4100,2008600
20160216,33.8600,33.9000,33.3200,33.8200,2149200
20160217,33.6500,34.3400,33.6300,34.0300,2026100
20160218,33.9000,34.1400,33.5600,33.7300,1453300
20160219,34.1600,34.4000,33.5000,33.6800,2051800
20160222,34.4000,34.8300,34.2400,34.4000,927100
20160223,34.2400,34.8200,33.8200,34.2100,752100
20160224,33.6900,34.1400,33.3500,34.0400,1592400
20160225,34.5300,34.5400,33.8500,33.9500,1668700
20160226,34.3700,34.6200,34.1100,34.5100,1202500
20160229,34.3300,35.0900,34.3300,34.4200,1744200
20160301,35.6400,35.6500,34.3300,34.4800,1386400
20160302,36.1700,36.3200,34.6200,35.5100,1677900
20160303,36.5300,36.5500,35.7000,36.2600,1429600
20160304,34.7600,36.4100,34.7600,36.4100,53725900
20160307,35.8400,36.1200,34.9800,35.1800,4356600
20160308,35.3800,36.0000,35.2500,35.9200,3223300
20160309,35.7700,36.0200,35.1300,35.4400,2387800
20160310,35.6900,36.2000,35.2400,36.0600,1878000
20160311,36.4200,36.4300,35.9900,36.1500,2252300
20160314,36.4400,37.1000,36.2200,36.4100,1815400
20160315,37.0600,37.1400,36.3900,36.3900,2033100
20160316,37.3800,37.4700,36.8100,36.8900,1415900
20160317,38.1000,38.2100,37.2500,37.2900,1965400
20160318,37.8000,38.3400,37.7400,38.1300,5982500
20160321,37.4100,37.9100,37.2900,37.6000,1994200
20160322,37.4700,37.6700,37.1800,37.2600,1299900
20160323,37.1900,37.6200,37.1700,37.4700,1124600
20160324,37.0500,37.1900,36.7400,37.0700,1003400
20160328,37.5100,37.6000,37.0500,37.0700,865900
20160329,38.1000,38.1500,37.3900,37.4400,1608000
20160330,38.2500,38.5300,38.0400,38.2400,989600
20160331,38.5300,38.6000,38.0700,38.2100,1387400
20160401,38.3800,38.5700,38.1200,38.4400,1165000
20160404,38.5600,38.6100,38.3700,38.4800,1202200
20160405,38.2000,38.5300,37.9900,38.3300,1280800
20160406,38.2000,38.4100,37.9500,38.0800,1563600
20160407,37.7000,37.9400,37.1700,37.7600,2102000
20160408,37.6700,38.3100,37.6300,37.9500,887200
20160411,36.7200,37.4200,36.7100,37.3100,2307700
20160412,36.9000,37.0300,36.4800,36.7800,1493700
20160413,36.1100,37.1600,36.0200,37.1600,2067600
20160414,35.5300,36.0500,35.2000,35.9200,1970200
20160415,36.2900,36.3900,35.3500,35.5300,1734200
20160418,36.6200,36.6600,36.0900,36.2900,1725600
20160419,36.7900,36.8000,36.5300,36.6300,1623500
20160420,35.8200,36.8800,35.7600,36.8200,1570500
20160421,35.4700,36.2100,35.3800,35.8100,1408000
20160422,36.0000,36.0300,35.5100,35.7200,1704000
20160425,36.4800,36.4900,35.7400,35.7800,1584600
20160426,36.1200,37.2100,35.7200,36.5000,2969700
20160427,35.3200,36.0800,34.9900,35.9100,3207300
20160428,35.2200,35.7300,35.0500,35.2000,1816400
20160429,34.9200,35.1800,34.2300,34.9700,2578900
20160502,35.3000,35.4300,34.7900,34.9500,1907300
20160503,35.5000,35.5800,34.9300,35.1300,2517500
20160504,36.1700,36.3300,35.1700,35.2900,2024300
20160505,36.5100,36.7000,35.9700,36.1100,1499600
20160506,36.9100,37.0100,36.1000,36.4000,1408300
20160509,37.2200,37.2700,36.8300,37.0000,995400
20160510,37.3700,37.6600,37.0000,37.3200,1576900
20160511,36.6600,37.2900,36.3300,37.2900,1482600
20160512,36.8100,36.9200,36.2400,36.5900,1238300
20160513,36.2800,36.7400,36.2200,36.7400,1762900
20160516,36.5600,36.7000,36.1300,36.2800,1046400
20160517,36.1100,36.4500,35.9200,36.4500,1506500
20160518,35.7300,36.0800,35.2400,35.9800,1391500
20160519,35.3000,35.4500,35.0200,35.3700,1199900
20160520,35.5200,35.6000,35.2000,35.5000,1532100
20160523,35.6300,35.7200,35.4700,35.5900,826700
20160524,36.0100,36.2800,35.8300,35.8700,1022400
20160525,36.1800,36.2600,35.6900,36.1600,909000
20160526,35.9200,35.9900,35.3700,35.9700,1304800
20160527,36.1600,36.3400,35.6700,35.9800,1125000
