20150529,129.5800,131.3100,128.9300,129.6600,654900
20150601,131.0300,131.2400,128.9300,130.0200,678500
20150602,129.3300,130.8800,129.2100,130.3000,470700
20150603,129.1100,129.8800,128.4700,129.4600,540400
20150604,127.2300,128.9400,127.0200,128.7000,524400
20150605,127.4300,128.2900,126.1300,127.5400,497800
20150608,126.4600,128.0100,126.4000,127.2300,340600
20150609,127.4400,127.6500,126.3500,126.5400,619300
20150610,131.3400,132.1300,127.6900,127.8700,1126000
20150611,132.3300,132.7800,131.0000,131.5600,730900
20150612,130.2400,132.4500,130.1300,131.5700,462100
20150615,131.2000,131.5600,128.8800,129.9900,553700
20150616,130.0600,131.8500,129.6800,131.0000,428200
20150617,131.2900,132.0000,130.1100,130.7200,401300
20150618,132.1100,132.7000,130.6800,131.6000,446600
20150619,134.7200,135.1600,131.8100,132.0500,961900
20150622,135.1700,136.2600,134.9300,135.3900,728200
20150623,134.3700,135.7900,134.0800,135.0600,609400
20150624,130.6800,134.6000,130.2000,134.3600,953400
20150625,140.7800,144.0000,130.6300,130.6300,4001300
20150626,142.6900,143.0500,141.1100,141.3900,1293100
20150629,141.3200,143.9000,140.6500,141.0900,775000
20150630,142.1000,143.0600,141.2500,143.0600,738200
20150701,143.0900,144.0000,142.6500,143.4600,696700
20150702,142.7100,143.8500,142.0600,143.3300,611500
20150706,142.4100,143.3300,141.6000,141.9400,800300
20150707,141.6500,143.0000,139.4300,142.5400,883100
20150708,139.9800,141.2500,139.1400,140.4000,665700
20150709,140.8900,141.8800,140.2600,141.5000,508900
20150710,141.7600,142.6900,141.3400,141.8200,487000
20150713,143.0000,143.6800,141.8300,143.2400,553400
20150714,143.3800,144.1500,142.3100,142.9100,504800
20150715,142.4300,143.5000,141.7200,143.5000,523200
20150716,141.2500,141.8300,139.4300,141.4200,788800
20150717,141.2300,142.0400,140.1300,141.8400,520600
20150720,142.0100,142.3300,140.5500,141.4600,421900
20150721,140.2500,142.0600,139.5000,141.6100,386000
20150722,141.0200,141.6200,139.9600,140.2000,350300
20150723,141.7900,142.6400,141.3500,141.7400,405200
20150724,140.9900,141.8800,140.3100,141.4500,500900
20150727,140.2900,141.0700,139.3500,140.8000,645700
20150728,141.3700,141.5100,138.2700,140.7400,430100
20150729,142.3100,142.5400,140.7000,141.5600,492000
20150730,141.4400,142.2100,140.3700,141.7000,690300
20150731,145.2300,148.2800,143.0100,143.0100,1402700
20150803,145.8000,146.8300,145.4200,145.9500,658000
20150804,146.2400,147.7000,145.8100,146.7800,507400
20150805,143.9600,148.5700,140.8800,146.5700,1222200
20150806,142.5200,145.0000,140.4800,143.9300,768100
20150807,142.7400,143.8200,140.9700,143.0000,420000
20150810,143.2800,145.0900,142.6200,143.7000,397500
20150811,141.4000,142.9100,139.9000,142.4400,497300
20150812,142.0900,142.4200,138.7700,140.6500,534100
20150813,142.2800,143.7400,141.7200,143.2000,391200
20150814,143.0900,143.3800,142.2100,142.4000,567700
20150817,145.5000,145.8700,142.0100,142.6700,398300
20150818,145.4500,145.8100,144.1800,145.0100,499600
20150819,145.9700,146.8000,143.7000,144.7400,531200
20150820,141.1400,145.4900,141.1000,144.6300,595800
20150821,140.6900,141.9000,137.7500,139.7900,1168900
20150824,132.8500,138.1100,131.9800,133.1200,1490700
20150825,132.1800,136.9900,132.1200,135.5700,906600
20150826,136.9000,137.4400,132.0500,135.4700,1103400
20150827,140.9700,141.5100,137.8400,138.0200,756500
20150828,140.3700,140.6800,138.5900,140.2700,514900
20150831,137.1400,141.5800,136.8100,140.1700,535900
20150901,131.7800,135.0400,131.0800,134.7300,955400
20150902,136.3400,136.3600,132.0700,132.7800,778300
20150903,135.1900,138.5500,134.7800,137.1200,531200
20150904,135.0200,135.8100,133.2700,134.1600,609100
20150908,137.8000,138.5500,136.0100,137.3700,523700
20150909,135.0400,139.3200,134.8200,138.8400,590700
20150910,134.7000,136.1100,134.2700,135.1200,549400
20150911,133.2100,134.6200,131.6000,134.0400,1210300
20150914,135.2600,135.4900,133.3300,133.9000,750300
20150915,135.3100,135.8200,134.1700,135.5300,490800
20150916,136.3200,137.0000,135.2800,135.8200,585500
20150917,139.0100,141.1900,136.1900,136.6000,702900
20150918,137.2300,139.8300,136.7900,138.4300,1261700
20150921,138.9900,139.1000,137.0600,138.0300,894100
20150922,139.3200,139.5400,136.2100,137.2600,852600
20150923,139.2900,141.0200,137.6300,139.5100,624400
20150924,133.5800,138.7500,133.1400,138.5200,1174600
20150925,130.0200,135.3700,129.1700,134.7200,723600
20150928,124.8900,129.9100,121.6400,129.5400,1333100
20150929,121.1600,125.3900,119.8100,124.8400,2377600
20150930,124.8100,125.1300,122.8300,122.9000,1261000
20151001,126.4600,127.6100,124.1700,125.9600,1116400
20151002,127.1800,127.2900,123.6500,123.6800,768600
20151005,130.3200,131.7100,128.1200,128.1200,797800
20151006,127.9000,130.8500,126.8000,129.7200,694000
20151007,129.6400,130.2300,125.8900,127.9000,784300
20151008,127.4400,129.4200,125.5200,128.9400,727900
20151009,128.5000,128.8700,126.0700,127.6800,475800
20151012,129.2700,129.4100,127.0400,128.4100,332100
20151013,127.7600,130.4300,127.5300,128.7100,481100
20151014,126.2900,129.2400,125.8000,128.1400,416200
20151015,125.2300,125.8400,117.0400,121.1600,2051700
20151016,128.4700,129.4800,125.9400,125.9400,1062000
20151019,129.4000,129.5800,127.5400,128.0700,512000
20151020,128.1600,130.8900,127.6700,129.6300,509100
20151021,125.4700,129.0500,122.9300,128.8800,862600
20151022,111.7300,117.2700,107.2600,116.9200,4052900
20151023,115.9500,117.1500,112.9300,112.9300,1512800
20151026,117.8900,118.0500,114.5600,115.6200,1318000
20151027,116.0400,119.3700,114.8900,117.5500,1715300
20151028,120.6800,121.6700,110.3100,113.2600,1777100
20151029,122.1700,122.7900,119.7900,120.4000,1162200
20151030,122.0900,123.5700,121.9600,122.0300,831800
20151102,125.1400,125.7500,122.2700,122.2700,702700
20151103,122.8400,125.1400,121.9300,124.1500,732700
20151104,125.0300,125.2500,122.6800,123.1600,672500
20151105,122.9100,125.1400,121.3400,124.8300,791400
20151106,125.8600,126.2000,122.1500,122.7900,585000
20151109,124.4400,125.9200,122.5600,125.3600,420700
20151110,125.1000,125.6900,123.0800,124.5300,491600
20151111,120.8100,125.6300,120.6500,125.6300,398200
20151112,117.6200,120.5500,117.5000,120.4100,684200
20151113,119.7600,120.3000,115.9000,117.1500,733400
20151116,120.2300,120.7300,119.0400,119.5700,1025000
20151117,122.6600,123.6500,119.4800,120.2700,667600
20151118,124.4400,124.5900,122.5400,122.9800,622100
20151119,119.0800,122.7900,118.4700,118.6900,1236200
20151120,122.5000,122.7800,119.7300,119.8100,583900
20151123,123.4000,125.2600,121.5300,122.7400,633200
20151124,124.3100,124.4800,122.0200,122.5700,980800
20151125,123.7500,124.9500,122.5000,124.1100,539000
20151127,124.5900,125.3700,123.5400,124.1100,191100
20151130,121.5200,125.3000,121.1800,124.8600,852300
20151201,125.3300,125.4900,122.6900,122.6900,624600
20151202,122.9400,125.8800,122.6700,125.0600,440000
20151203,118.1600,123.4200,116.7100,123.0800,911400
20151204,119.4500,120.4000,117.9100,118.7600,653100
20151207,117.0900,119.5900,116.4600,119.3300,528200
20151208,120.2800,120.5000,115.0200,115.9100,714100
20151209,118.7500,122.8100,118.3900,119.4500,664300
20151210,121.1100,121.9600,118.8300,118.8300,437000
20151211,119.4900,121.2700,119.3000,119.9400,540200
20151214,116.1600,120.7000,113.8300,119.7200,937500
20151215,118.3100,118.6200,116.8200,117.4600,428000
20151216,116.7500,120.6400,114.9600,119.5500,874500
20151217,116.1200,118.4400,115.6600,116.5800,599400
20151218,114.9600,117.2700,114.8000,116.3100,712200
20151221,119.1400,119.7300,115.2100,115.2400,660400
20151222,117.7700,120.1100,116.3700,119.3700,780800
20151223,121.1000,122.0700,118.1500,118.6500,639700
20151224,120.6400,122.1500,119.7900,120.6700,196900
20151228,119.3500,120.5500,118.2100,119.9600,409400
20151229,121.4000,121.8000,119.4400,120.0000,778100
20151230,120.0200,121.9400,119.8500,121.2900,257300
20151231,119.4900,121.1600,118.8400,119.1000,346500
20160104,117.9200,119.1900,116.5000,117.4600,682600
20160105,118.4300,120.2500,118.1800,118.5600,703300
20160106,115.7000,117.5700,114.1200,116.6800,1077500
20160107,112.9000,115.1600,112.3000,113.4500,757700
20160108,112.3800,115.8200,112.0500,113.2700,750700
20160111,114.4600,117.8300,112.9200,114.1800,1066700
20160112,112.3000,117.5000,110.1000,115.4100,750100
20160113,109.1000,113.4000,107.9200,112.4000,1275800
20160114,111.1800,112.0500,109.0000,109.3100,869900
20160115,109.1700,110.8000,107.1200,108.8300,1084800
20160119,107.3700,110.5900,105.6800,110.4100,1110800
20160120,107.3900,108.4900,103.5700,105.7600,1016000
20160121,106.9500,110.1600,106.0500,107.7700,754700
20160122,107.5200,108.5300,105.8800,107.6000,820800
20160125,108.4600,109.4100,107.2500,107.2500,637100
20160126,111.9000,112.6000,108.5500,108.7800,741500
20160127,111.0800,113.7000,110.4000,111.7600,615900
20160128,108.0200,113.8700,107.4900,112.7900,713800
20160129,112.6400,112.8500,108.0300,108.2800,714300
20160201,115.0700,115.8000,111.9800,112.2800,730100
20160202,112.1000,113.5500,111.5900,113.5000,552300
20160203,111.5800,113.2900,109.1100,112.9100,595400
20160204,111.8500,113.0300,109.4800,111.2100,534000
20160205,109.0400,111.9900,108.2600,111.2200,641300
20160208,104.4700,107.5600,103.5100,107.0400,660500
20160209,105.5200,106.3600,102.9900,103.2900,690300
20160210,108.9900,110.6800,106.2300,106.4400,716800
20160211,101.6500,108.0400,101.5600,107.2900,1178100
20160212,104.2600,104.5000,100.8200,102.4300,748200
20160216,106.1000,106.2500,100.9900,101.0000,1406200
20160217,107.7400,109.1800,106.5900,107.1700,1164100
20160218,107.3200,108.8000,107.1000,108.1300,760800
20160219,106.9900,107.4200,105.0300,107.4200,1621400
20160222,110.0300,110.4400,108.0600,108.0600,745400
20160223,109.7300,110.8700,107.5600,109.7700,600200
20160224,110.6600,110.8100,107.7100,108.5800,535400
20160225,111.2800,112.9200,108.8200,111.2700,865700
20160226,113.3400,117.5000,106.6900,107.9000,1425900
20160229,110.3700,113.0800,110.3700,112.8800,1131200
20160301,113.7500,114.0700,109.2800,110.8300,968900
20160302,115.3600,115.5200,113.2000,113.9500,848800
20160303,117.5000,119.2000,115.1200,115.5000,802700
20160304,115.5400,117.8700,115.4300,117.7100,948100
20160307,114.3900,115.1700,113.6200,114.5800,828400
20160308,111.8200,114.4000,111.3800,113.4800,921700
20160309,113.0100,113.1000,110.7300,112.6600,540400
20160310,112.9500,115.0200,112.0000,113.4700,696000
20160311,115.6900,115.9500,113.3400,114.1400,762900
20160314,115.3900,116.2500,114.6200,115.2100,434100
20160315,112.0900,114.7000,111.6900,114.2900,476500
20160316,113.7200,114.3900,111.6000,111.8200,479500
20160317,113.7400,114.3900,111.6500,113.3300,647200
20160318,116.6500,117.1100,113.6600,113.9700,999200
20160321,116.6100,118.3100,115.3600,117.5500,579900
20160322,118.9100,120.0800,115.2300,115.9400,792200
20160323,118.6200,121.6400,118.1900,119.1100,588200
20160324,117.9100,119.0500,116.0000,117.6400,466500
20160328,119.1500,120.0400,117.6500,118.3700,572100
20160329,123.9100,124.1000,120.1400,121.1500,1008700
20160330,125.3300,126.6700,123.6700,124.5700,906600
20160331,124.7200,126.6700,124.4200,124.9500,1024900
20160401,125.3900,125.5300,122.9900,123.4200,998200
20160404,124.6700,125.8700,123.7900,125.3100,764900
20160405,122.6800,124.1400,122.5700,123.5000,616500
20160406,124.2100,124.3100,122.7800,122.8900,692800
20160407,123.0400,124.4300,122.2300,123.4900,658000
20160408,123.2200,124.4800,122.8400,124.0500,546300
20160411,121.7400,124.3900,121.3700,123.5000,632000
20160412,122.4900,123.1000,121.6300,121.6300,749300
20160413,125.2200,125.8300,122.7400,123.2900,620300
20160414,125.7100,126.2700,124.1000,125.5400,700200
20160415,125.3800,125.6100,122.4900,125.4500,575600
20160418,126.1200,126.1900,124.1600,124.8900,455400
20160419,125.7500,127.3200,124.9500,126.7800,497800
20160420,128.3300,129.2700,124.2700,126.0400,900600
20160421,127.6800,130.1400,127.2600,128.0700,718800
20160422,129.1800,130.3300,127.7200,127.7700,606100
20160425,127.8100,129.1800,126.7400,128.5600,548600
20160426,132.1900,133.1100,129.9700,129.9700,1530500
20160427,132.1200,132.8200,130.3400,132.2000,1060700
20160428,134.9100,139.7700,132.4100,132.4100,1508800
20160429,133.6800,135.2600,130.3900,134.9800,1126500
20160502,134.1700,134.8300,131.6100,133.7100,1125600
20160503,133.8800,134.6000,131.6400,132.8200,986700
20160504,133.2600,135.5200,132.2300,132.8600,812500
20160505,133.5700,134.8100,132.9600,133.5400,579600
20160506,133.8700,134.6400,132.5600,133.4300,686300
20160509,135.0700,135.6600,133.5000,133.5000,469600
20160510,135.0500,136.0200,133.8500,135.3700,580700
20160511,135.7800,136.9000,134.0700,135.1700,565700
20160512,133.2900,136.4800,132.6000,136.4800,653000
20160513,133.6100,134.4700,133.0700,133.1100,588700
20160516,135.0200,135.4700,133.7300,133.8000,704800
20160517,134.4100,137.0000,133.4500,135.0200,1230600
20160518,133.5400,135.1800,132.5500,134.3500,525900
20160519,133.6900,134.4700,132.1600,132.5400,697600
20160520,134.1100,135.2500,132.9400,134.2300,522700
20160523,132.0400,133.7600,131.5200,133.7600,1166700
20160524,134.8500,135.2800,132.4000,132.4000,1072700
20160525,135.7900,136.5700,134.7200,135.2500,778100
20160526,134.4500,136.4300,133.1100,135.5600,716800
20160527,134.6900,136.2900,134.2100,134.2100,267200
