20150529,120.2100,121.6200,117.7400,120.0600,6019900
20150601,119.8600,120.5600,118.7500,120.5400,3876400
20150602,117.7500,119.6800,117.4100,119.4900,4219500
20150603,118.3500,118.9900,117.4500,118.0000,3438100
20150604,116.6500,117.9700,116.0300,117.9200,3300300
20150605,116.5300,116.7500,115.3600,116.3300,2724500
20150608,116.9100,117.6700,116.3200,116.3800,3271300
20150609,116.9900,117.3800,115.7900,116.9300,3047300
20150610,118.5500,118.8800,116.7300,117.0300,4006400
20150611,119.3200,119.9400,118.2200,118.4100,3815600
20150612,117.6500,119.0000,117.5000,118.8400,3076600
20150615,118.9800,120.8800,116.0000,116.8300,6809500
20150616,121.5500,122.1800,119.0000,119.1400,7229400
20150617,119.7400,122.2000,119.1700,121.9000,4805900
20150618,120.8900,121.3800,119.9200,120.3900,3478300
20150619,120.3300,120.8800,119.9000,120.6500,4178700
20150622,120.2500,122.2300,119.9400,121.6300,4435600
20150623,122.7400,122.7700,121.0100,121.3700,4991000
20150624,119.1700,123.0000,119.1000,122.8000,4650500
20150625,122.3300,123.4100,119.5000,119.5700,6149500
20150626,123.2500,124.1100,122.7300,123.7900,16358200
20150629,121.1900,123.0300,121.1100,122.0400,3604000
20150630,122.0000,122.9400,121.0000,122.4200,4982600
20150701,123.3800,123.6500,122.2200,122.9500,3269300
20150702,121.8100,123.8800,121.0200,123.8200,3682300
20150706,122.1600,123.1000,119.2600,119.6000,6522800
20150707,120.7000,122.8000,117.8100,122.3600,6476200
20150708,118.7800,119.9900,118.4000,119.0500,4009800
20150709,119.3400,120.5600,119.3100,120.0400,3315600
20150710,122.1500,122.7500,120.7000,120.9900,4033500
20150713,122.4500,123.7500,121.8100,123.1000,3766900
20150714,125.0000,125.2000,122.0000,122.1800,4192400
20150715,125.8600,126.0500,123.8100,124.9500,5067300
20150716,124.9300,125.5000,122.1000,125.4200,7216600
20150717,123.8500,124.9800,123.7000,124.7000,3702700
20150720,122.6500,124.2300,122.3300,124.0500,3199700
20150721,120.8600,122.7200,120.3400,122.5700,4239100
20150722,120.6100,121.2400,120.0800,120.9700,3384700
20150723,119.3300,121.6800,118.7600,121.6300,4896100
20150724,117.9400,119.7200,117.5800,119.1200,3840600
20150727,117.8800,118.0900,116.6600,117.8800,3752300
20150728,121.5200,121.5700,118.5000,118.7400,5216900
20150729,121.5200,122.1100,120.6200,121.8200,3924400
20150730,120.5600,121.9200,119.5500,121.1400,3732400
20150731,121.4000,122.7200,120.4700,120.4700,3593000
20150803,120.8900,122.1700,120.1400,121.6100,2541300
20150804,120.8400,121.6300,120.2300,121.5800,2058200
20150805,123.9200,124.2400,121.7600,121.7600,3831900
20150806,122.0400,124.6400,121.8000,124.3700,3014900
20150807,121.8200,121.8600,120.2600,121.7100,2276300
20150810,122.4800,123.3400,121.9400,122.5000,2480000
20150811,122.2600,123.0200,121.2700,121.2700,2756000
20150812,121.2000,121.7800,119.0500,121.2600,3005300
20150813,120.5200,121.9900,120.2900,121.3300,3253400
20150814,121.0200,121.1800,120.2600,120.5700,2040500
20150817,123.8200,123.9500,120.3000,120.4000,2951800
20150818,125.5000,126.2100,123.8200,123.8800,4140200
20150819,123.2200,124.9900,122.8500,124.7100,3411500
20150820,119.7900,122.4200,119.7900,122.2400,3201600
20150821,116.2800,118.8000,116.0100,118.2500,5627800
20150824,110.4300,112.4300,95.0000,110.8600,8824900
20150825,109.9800,114.5900,109.8000,113.0000,8109900
20150826,113.4600,113.8300,110.2800,112.5600,7503200
20150827,117.7700,117.8300,114.9600,115.2500,5783700
20150828,117.2800,117.8400,116.0000,117.3900,3333100
20150831,115.7000,118.7800,115.1600,117.2100,4087000
20150901,112.6300,114.2200,112.0700,113.3600,4658100
20150902,114.2300,114.6000,112.5300,113.8300,4522100
20150903,113.9900,115.9200,113.4600,114.7400,3137100
20150904,112.3600,113.0700,111.2600,112.5000,3394900
20150908,116.0900,116.2100,113.6700,114.1300,3990600
20150909,115.0800,117.7200,114.8300,117.2900,3753500
20150910,116.7700,117.9400,114.7300,114.8500,5525700
20150911,118.7000,118.8700,115.8600,116.1700,3752500
20150914,117.8000,119.5000,117.1500,119.0300,2686500
20150915,120.0300,120.6100,117.4300,118.6100,3072100
20150916,121.1500,121.3600,119.5500,120.2700,3475700
20150917,123.2600,125.1200,120.9000,121.5000,5466500
20150918,122.4700,123.7700,121.8200,122.2100,7458400
20150921,123.9400,124.2700,121.3900,123.4900,3476700
20150922,122.9300,123.7900,121.4400,121.4400,4566800
20150923,123.2800,124.2100,122.0400,123.0000,3131300
20150924,121.0900,122.6300,119.2700,122.3500,4735800
20150925,116.3700,122.4100,115.2300,122.1800,8060200
20150928,112.7000,115.8200,111.0100,115.5500,5727000
20150929,114.2200,114.8600,111.6100,112.8900,5142700
20150930,116.0100,116.9200,114.8800,115.3900,4638600
20151001,116.6100,116.7100,114.9100,115.9400,3768300
20151002,118.8300,118.8500,114.8200,115.1400,3521600
20151005,119.6500,120.3400,118.1300,119.6700,3491200
20151006,116.0500,119.6000,114.6700,119.4600,4652000
20151007,116.4300,116.8100,114.6000,116.4600,4282000
20151008,116.0800,116.9400,114.9000,116.4300,3646500
20151009,119.2700,119.4700,115.9600,115.9900,4485100
20151012,122.5100,123.0700,118.5600,119.0100,5840000
20151013,123.9900,125.9900,121.5900,123.1600,6655700
20151014,122.0700,125.0000,120.8400,123.8500,5592200
20151015,120.1700,120.5000,115.9600,119.0000,8012400
20151016,119.9800,120.8500,118.5800,120.8500,4412300
20151019,120.7300,120.9100,119.2000,119.7800,3707500
20151020,120.4200,121.5700,119.6900,120.6400,3278400
20151021,118.1100,120.8000,115.2700,120.6900,5305600
20151022,113.8100,119.0300,110.0700,118.2100,10475000
20151023,115.9200,116.6200,114.0400,114.4500,5497500
20151026,116.5300,117.0000,115.0000,115.9200,3377100
20151027,119.3700,119.5200,115.9000,116.3900,4008400
20151028,119.7800,120.1400,115.9100,119.7600,4405500
20151029,119.7100,121.6700,119.5000,119.7900,3257500
20151030,117.7800,120.3700,117.7800,119.9300,4237800
20151102,118.6900,119.9500,117.8400,118.6400,3874200
20151103,117.6600,118.4600,116.2500,118.1700,2758200
20151104,114.6400,117.7500,114.0600,117.6000,5396100
20151105,116.2300,116.7700,113.6300,114.9800,4009100
20151106,114.8100,115.8000,114.0100,115.2300,4106900
20151109,114.2600,114.6400,113.0100,114.1300,2755100
20151110,115.8900,116.2000,114.0300,114.2700,2842600
20151111,114.5400,116.8600,114.3500,116.3500,2374200
20151112,112.8200,114.7400,112.5300,113.7600,3341300
20151113,111.4100,113.0200,111.1800,112.4900,3767300
20151116,113.8200,114.1400,110.7900,110.9000,2450000
20151117,114.3900,115.4400,113.1700,113.7300,1981400
20151118,117.2500,117.5300,113.7500,114.2500,3319900
20151119,110.6300,113.7100,109.6100,109.7900,15731900
20151120,112.9700,114.4400,110.6000,110.8900,7059400
20151123,112.1600,114.4900,112.1000,112.9700,3780400
20151124,113.1900,113.4500,111.0600,111.3800,3244800
20151125,114.4100,115.0500,113.0000,113.4700,2959200
20151127,114.3400,115.9000,114.0800,114.4900,1740400
20151130,112.7100,114.8200,112.6200,114.5600,4605200
20151201,116.2600,116.3700,113.0500,113.5300,5467000
20151202,117.6400,119.3800,116.1100,116.2400,6071100
20151203,115.0000,118.2800,114.4300,117.8000,4286600
20151204,117.7400,118.2500,115.2400,115.5900,3588200
20151207,115.9100,117.8900,115.2000,117.8900,3164300
20151208,115.8800,116.3500,113.9500,114.9500,3551900
20151209,115.0500,116.8200,114.6600,115.4000,3839100
20151210,116.2100,117.0500,114.3400,115.0500,3202600
20151211,115.9800,117.3400,114.6200,116.2100,3830800
20151214,115.8500,116.7400,114.4300,115.8800,3867200
20151215,117.6100,118.5000,116.6600,116.8700,3098100
20151216,118.8300,119.7600,116.9000,118.3000,3516900
20151217,119.2200,121.0900,118.6400,118.8300,3945800
20151218,115.8200,118.8600,115.8200,118.6100,7574800
20151221,117.4100,117.7700,116.0000,116.5700,3185200
20151222,117.4400,118.3400,116.2100,118.1900,2821600
20151223,118.6900,118.8300,117.5500,117.9000,2479600
20151224,118.3400,119.1800,118.2900,118.5300,900100
20151228,118.3300,118.6100,117.3800,118.2600,1582600
20151229,119.8200,120.4100,118.7000,118.8700,2027600
20151230,118.9200,120.1100,118.6600,120.0300,1747700
20151231,117.6400,119.3700,117.3600,118.6400,2372500
20160104,116.4600,116.9100,114.5300,116.9100,4991000
20160105,116.6800,117.8900,116.2100,116.7200,2816800
20160106,115.4900,116.6500,114.5000,115.7800,2677300
20160107,112.0900,114.0900,111.4200,113.6300,5277200
20160108,110.1600,113.0000,109.7600,112.3500,4422400
20160111,109.5800,110.6200,108.1900,110.5100,4525800
20160112,112.2600,113.1300,110.0500,110.3600,4037800
20160113,109.2300,113.0400,108.9300,112.4100,3434300
20160114,110.7600,111.8000,107.5100,108.7400,4238200
20160115,109.2700,110.6500,107.7900,109.0800,6357000
20160119,112.5800,114.1600,109.6000,111.4900,7122800
20160120,114.7900,115.7400,110.1500,112.0900,8380700
20160121,113.5000,115.4800,112.2600,114.6700,5413900
20160122,114.3300,115.1500,113.8900,114.6700,3622200
20160125,113.3800,115.3100,112.8500,114.5200,2908500
20160126,113.9600,114.1800,111.7600,112.9100,4592500
20160127,112.3300,114.8100,111.8400,114.4300,4720300
20160128,111.3800,113.2500,110.6100,112.2900,3525600
20160129,115.1600,115.1600,110.6200,111.9300,5280800
20160201,115.8900,116.1500,114.1100,114.8300,4333500
20160202,113.8800,115.3900,113.2700,114.9500,2997700
20160203,112.7500,114.3700,110.3000,114.3700,3462300
20160204,114.2000,114.5500,112.0400,112.6700,3608300
20160205,111.7200,114.2100,110.9000,114.0700,3330800
20160208,110.0200,111.1200,108.8300,110.5000,5050200
20160209,111.1600,112.2800,109.1400,109.3700,3680200
20160210,112.7400,114.4800,111.3300,111.3300,3023200
20160211,110.6200,111.6900,110.0900,111.3200,3955000
20160212,111.8200,111.9100,110.2100,111.2000,2552100
20160216,115.1500,115.2700,112.5300,112.6300,3445700
20160217,118.3000,118.3900,115.2000,115.5000,4466000
20160218,117.4500,120.0000,117.0600,118.5000,3847100
20160219,117.6800,118.5500,116.0200,117.5000,4481400
20160222,121.2700,122.1400,118.9600,119.1000,5054800
20160223,121.1500,121.8000,120.2700,120.6400,2804400
20160224,120.2000,120.3200,117.8300,119.9300,2559700
20160225,121.2000,121.2300,119.8200,120.2000,2281700
20160226,121.3300,122.2600,120.8900,121.4800,2877500
20160229,119.1000,121.8200,118.9700,121.1000,4526300
20160301,121.6700,122.2200,119.3700,119.4900,3295600
20160302,121.2700,121.8400,120.3700,121.2300,2670900
20160303,121.8200,121.8600,120.0900,120.8600,3064100
20160304,121.8000,122.1900,120.7400,121.3200,2873900
20160307,121.7600,122.7400,120.9000,121.0800,2315400
20160308,121.6600,122.3200,120.7300,121.2800,2522000
20160309,121.1000,122.1200,120.4500,121.8800,2094000
20160310,122.0900,122.7600,120.4100,121.2000,2638200
20160311,125.1000,125.3200,122.2500,122.4700,3707700
20160314,125.2200,126.0200,124.3600,124.8000,2853200
20160315,124.8500,125.4700,124.0800,124.5400,2601300
20160316,124.9000,125.5500,124.1000,124.3900,2136300
20160317,124.5300,124.9600,122.2200,124.6100,3906300
20160318,126.7200,127.0800,124.5300,124.8600,6908600
20160321,126.7400,127.0000,125.6800,126.2400,2651800
20160322,128.0200,128.8200,126.0200,126.6500,3819500
20160323,129.7900,130.3500,128.0200,128.1500,6086400
20160324,128.5900,130.3200,127.1700,128.9700,4153900
20160328,128.9200,129.5000,128.0100,128.8200,1955100
20160329,129.8300,130.0900,128.5400,129.2700,2419300
20160330,129.6800,131.1000,129.3900,130.0900,2570000
20160331,128.9000,129.9700,128.2900,129.6400,3139900
20160401,129.9200,130.4400,128.3600,128.6900,3900300
20160404,129.4900,130.7000,128.8800,130.5000,2806500
20160405,127.0400,129.4600,126.9000,128.9500,4007800
20160406,128.0300,128.4200,126.8800,127.2300,3003400
20160407,126.8700,128.4400,126.2300,127.5100,3159500
20160408,125.6800,128.1500,125.2600,127.1900,3642300
20160411,126.3300,126.9400,125.8300,125.8300,3112900
20160412,126.8000,127.3600,125.4000,126.3000,2859400
20160413,127.7600,128.6600,127.2700,127.6500,2589600
20160414,127.9800,128.5700,127.5600,127.7200,1649800
20160415,127.3300,128.0600,126.2200,127.8900,2827200
20160418,127.8100,128.0300,126.6000,126.8800,2714500
20160419,130.5000,131.3000,129.1200,130.0900,4114700
20160420,133.9300,135.1100,130.9000,131.2900,7228800
20160421,132.9600,134.0000,132.4300,133.5600,3768600
20160422,134.1300,134.3300,133.0500,133.7200,2760000
20160425,133.7800,134.0700,132.5900,133.7100,2633000
20160426,134.2400,134.6100,133.0000,133.9700,2604500
20160427,132.8000,134.5800,131.9000,134.3400,3343700
20160428,132.0700,134.3900,131.6900,132.7900,3233600
20160429,131.6800,131.8800,128.9300,131.0600,4160000
20160502,132.1000,132.9300,130.9200,132.6100,2887700
20160503,132.4600,133.2300,131.1300,131.3700,3613700
20160504,132.0300,132.4100,130.5900,131.0200,2893800
20160505,132.3100,133.2800,131.8500,132.0500,2054700
20160506,132.0400,132.2800,130.6000,132.0900,2615600
20160509,132.6700,133.5900,131.5700,131.7500,2164600
20160510,133.5700,133.6000,132.5800,132.9200,2223500
20160511,130.6900,134.0000,130.5800,133.7400,3362600
20160512,129.7400,131.2900,128.7500,131.0000,3207600
20160513,129.0000,130.0300,128.5500,129.1000,3116800
20160516,130.6400,130.8600,128.5300,128.7500,2166300
20160517,129.5600,131.2200,128.9900,130.5700,2287500
20160518,130.5100,131.2700,128.9300,129.1100,2246400
20160519,130.0000,131.1200,128.7600,129.6900,2753900
20160520,130.9400,131.7900,130.2000,130.6300,2538100
20160523,130.4200,131.2000,130.0100,130.1300,3033100
20160524,132.5900,132.9900,130.3100,130.7600,2628600
20160525,133.4200,134.3000,132.7800,133.2100,2211300
20160526,132.9800,133.9600,132.6600,133.5000,1477200
20160527,134.0000,134.5300,132.9600,132.9800,1833400
