20150529,34.9600,35.2500,34.8200,35.2000,1982900
20150601,34.9700,35.1800,34.8300,35.0700,1524500
20150602,35.5600,35.7100,34.8500,35.0000,1557500
20150603,36.0100,36.2000,35.6800,35.7800,1832800
20150604,35.7200,36.0300,35.6600,35.7800,1468700
20150605,36.0900,36.3700,35.8900,36.0600,1514800
20150608,35.9200,36.3500,35.8900,36.0200,1148000
20150609,36.0700,36.3000,35.8500,35.9200,1065700
20150610,36.7900,36.8100,36.0800,36.2500,2210600
20150611,36.9100,37.0800,36.6800,36.7800,1309500
20150612,36.9200,36.9800,36.6500,36.7100,1397400
20150615,36.6400,36.9500,36.3800,36.4200,1095000
20150616,36.8500,36.9900,36.4400,36.5400,1062700
20150617,36.5700,37.0700,36.5400,37.0000,1219700
20150618,36.7500,36.8800,36.5100,36.7700,1885600
20150619,36.5400,36.7600,36.4500,36.6000,1792200
20150622,36.9000,37.0000,36.7600,36.8700,858700
20150623,37.1500,37.1700,36.5800,37.0200,1654100
20150624,36.7700,37.1100,36.7700,36.9800,689700
20150625,36.3900,36.8900,36.3300,36.8400,1385300
20150626,36.7700,36.9000,36.3600,36.5800,1747800
20150629,35.6300,36.3700,35.5900,36.2700,2025500
20150630,35.7500,36.2500,35.5800,36.0100,1942000
20150701,36.0900,36.3400,35.8200,36.3400,1195400
20150702,36.0200,36.1900,35.8700,36.0500,1295400
20150706,35.8200,36.0400,35.5100,35.6300,1706600
20150707,35.9400,35.9500,35.2800,35.8000,1617400
20150708,34.9100,35.5900,34.8200,35.5000,991100
20150709,35.3800,35.5800,35.2100,35.4900,1438100
20150710,35.8600,35.9500,35.5000,35.8100,961600
20150713,36.2200,36.3000,36.0100,36.1400,1093600
20150714,36.2000,36.2700,35.9300,36.0400,768600
20150715,36.3500,36.4200,36.0400,36.1700,860000
20150716,36.6200,36.7100,36.4600,36.6400,730400
20150717,36.3700,36.6400,36.0000,36.5000,1046900
20150720,36.2800,36.7800,36.1900,36.4800,1469000
20150721,36.3100,36.5800,36.1700,36.2900,1052800
20150722,36.3100,36.9900,36.1800,36.2900,1434700
20150723,36.2000,36.4400,36.0900,36.3100,1459900
20150724,37.6100,38.1500,36.3500,36.7000,3311400
20150727,36.9500,37.2500,36.7700,37.0800,1749600
20150728,36.8500,37.2600,36.6600,37.1700,1409600
20150729,37.4600,37.5400,36.5700,36.7300,1752500
20150730,36.1000,37.4600,35.7800,37.0300,2513400
20150731,35.8400,36.1800,35.6800,36.0700,1741300
20150803,35.6600,36.0000,35.3700,35.8500,1498000
20150804,35.5900,35.9100,35.4800,35.5900,1110900
20150805,35.5200,35.8800,35.3900,35.7000,947500
20150806,35.3000,35.5800,35.0700,35.4600,893800
20150807,35.0900,35.3400,34.8000,35.1800,1084300
20150810,36.2600,36.4100,35.5100,35.5700,1599200
20150811,35.7100,36.0900,35.5800,35.7600,1534100
20150812,35.6500,35.6900,34.7400,35.3400,2199800
20150813,36.0100,36.2000,35.7100,35.7100,1326400
20150814,36.1500,36.5500,35.9100,36.0900,1645300
20150817,36.1800,36.1800,35.7900,35.8900,1035300
20150818,36.2200,36.3600,36.1000,36.1600,717300
20150819,35.5500,36.1200,35.4500,36.0400,1562300
20150820,34.6700,35.2400,34.6700,35.1900,1852700
20150821,33.4900,34.3700,33.4800,34.2300,1969200
20150824,31.8500,33.0700,29.8100,32.1600,3361300
20150825,31.8200,32.9900,31.8100,32.9300,4377600
20150826,32.8500,32.9400,32.2700,32.7100,5331800
20150827,33.8100,33.8400,32.9800,33.2400,2919900
20150828,33.5800,34.0000,33.3500,33.6300,1467100
20150831,33.5400,33.8300,33.1500,33.2600,1999000
20150901,32.3200,32.9000,32.1700,32.3100,1899000
20150902,32.7200,32.9100,32.2500,32.9000,988800
20150903,32.9100,33.3400,32.7800,32.8000,1376500
20150904,32.2500,32.6300,32.1100,32.4300,1552400
20150908,33.1600,33.2100,32.6400,32.9700,1712900
20150909,32.6800,33.7300,32.6200,33.6100,1368900
20150910,32.7800,33.0800,32.4500,32.5500,1391000
20150911,32.7900,32.8100,32.4100,32.4800,946500
20150914,32.4600,32.8300,32.3900,32.7100,812000
20150915,32.9900,33.0700,32.5000,32.6600,977800
20150916,32.9700,33.1000,32.7500,32.9700,1702400
20150917,32.1900,33.1400,32.1000,32.9800,1937500
20150918,31.6300,32.0000,31.4400,31.6600,3110000
20150921,31.8600,32.1900,31.6800,31.7400,1476200
20150922,31.4100,31.6000,31.1600,31.3900,1423500
20150923,31.4300,31.6800,31.3000,31.4800,1000400
20150924,31.4200,31.5000,30.9100,31.0600,1073800
20150925,32.0100,32.3000,31.7900,32.0600,1859600
20150928,31.2800,31.8300,31.1900,31.6600,1453200
20150929,31.5300,31.5800,31.1200,31.3300,879300
20150930,32.0800,32.0900,31.6900,31.9400,1469900
20151001,32.4100,32.4600,31.9500,32.0700,1703200
20151002,31.9500,32.0900,31.2200,31.6700,2018500
20151005,32.7300,32.7800,32.0200,32.1700,1257100
20151006,32.5900,32.8900,32.5000,32.6600,1086300
20151007,33.0200,33.1700,32.6800,32.9100,1082200
20151008,33.1300,33.1900,32.7600,32.8700,1030000
20151009,32.9700,33.3500,32.7200,33.1000,889300
20151012,33.1100,33.1700,32.8400,32.9600,464300
20151013,32.7700,33.0900,32.7300,32.9100,667700
20151014,32.4200,32.9300,32.3300,32.7100,1042600
20151015,32.9700,32.9900,32.4400,32.6200,818700
20151016,33.0600,33.2200,32.6900,33.1400,975000
20151019,32.7800,33.0000,32.6800,32.8800,1001900
20151020,33.2100,33.3300,32.6200,32.7900,1336700
20151021,32.8800,33.4900,32.8400,33.2900,1055900
20151022,33.2400,33.4700,33.0400,33.0500,1348700
20151023,33.5400,33.7000,33.2600,33.5300,1566000
20151026,33.3400,33.6100,33.1700,33.4700,833100
20151027,32.9600,33.1500,32.7800,33.0500,1204000
20151028,34.1300,34.1400,32.5900,32.9300,1810100
20151029,34.6100,35.0000,34.2800,34.3900,2200600
20151030,34.6500,35.1600,34.4800,34.6600,1906600
20151102,35.2600,35.3300,34.5000,34.7000,1517800
20151103,34.9000,35.3200,34.7800,35.1800,1281600
20151104,34.5800,35.0000,34.5000,34.9400,934700
20151105,34.4900,34.6300,34.3400,34.5500,911300
20151106,36.0900,36.1900,35.1600,35.5500,1850200
20151109,35.9500,36.0800,35.5200,36.0800,2249200
20151110,36.7000,36.7700,35.7400,35.8200,2300600
20151111,36.5900,36.9200,36.3900,36.8000,1608100
20151112,35.9500,36.3800,35.9100,36.1600,1578700
20151113,35.8400,36.2400,35.7700,35.8600,1283900
20151116,36.5900,36.5900,35.6200,35.7500,1104600
20151117,36.4900,36.9300,36.4200,36.7200,1221400
20151118,36.7600,36.8100,36.4700,36.5900,1582000
20151119,36.6700,36.8900,36.3200,36.6500,1123100
20151120,37.1200,37.1800,36.6200,36.7100,1968800
20151123,36.7800,37.2600,36.7300,37.0400,1414800
20151124,36.6900,36.7800,36.3500,36.4800,1256600
20151125,36.6600,36.8300,36.4800,36.7500,874200
20151127,36.8900,36.9600,36.6200,36.7200,382100
20151130,36.6800,37.0500,36.6600,36.9400,1683300
20151201,37.1300,37.1500,36.4300,36.9000,1625900
20151202,36.7600,37.2600,36.6600,37.2000,1374900
20151203,36.1500,36.5700,35.9700,36.2900,2127300
20151204,36.8100,36.8900,36.1600,36.3200,1685300
20151207,36.3100,36.8700,36.0300,36.7000,1019200
20151208,35.7600,36.0200,35.5200,35.9500,999000
20151209,35.1400,36.0100,34.9600,35.6500,865400
20151210,35.1200,35.4800,35.0300,35.1100,958500
20151211,33.9500,34.7400,33.7600,34.4600,1289200
20151214,33.3000,34.1600,33.1000,34.0000,2169400
20151215,33.8900,34.0200,33.5100,33.7000,2176900
20151216,33.8200,34.3800,33.3900,34.1200,2064600
20151217,33.0700,34.0800,33.0500,33.9400,2386800
20151218,32.1000,32.8500,32.0900,32.7900,3465600
20151221,32.2800,32.5600,31.9100,32.3900,1678400
20151222,32.6700,32.7900,32.1300,32.5000,1036000
20151223,33.4000,33.4500,32.7200,32.9300,1275900
20151224,33.4300,33.6500,33.2200,33.3300,450000
20151228,33.4200,33.5200,33.1300,33.2700,743300
20151229,33.7100,33.9200,33.5100,33.7000,619500
20151230,33.5200,33.8200,33.4900,33.6700,642300
20151231,33.2900,33.7000,32.6100,33.2600,850300
20160104,32.7500,32.7500,32.2400,32.3600,1295300
20160105,32.5800,32.8300,32.3800,32.5200,1020500
20160106,31.6900,32.1000,31.4800,32.0000,1234900
20160107,30.8100,31.3500,30.6800,30.9200,1412500
20160108,30.4200,31.2300,30.3500,31.1000,1991200
20160111,30.2400,30.9100,29.9200,30.5900,2388300
20160112,30.1900,30.6600,29.6800,30.6000,2064600
20160113,29.2700,30.6100,29.1500,30.5100,1756400
20160114,29.4800,29.6600,28.7400,29.4400,2182500
20160115,28.4200,28.8500,27.8900,28.6200,2532800
20160119,28.1700,28.9400,27.9100,28.7800,2606500
20160120,27.4000,27.6800,26.4200,27.5400,2895600
20160121,27.7300,28.2300,27.3000,27.4200,2634700
20160122,28.0200,28.6200,27.9200,28.1700,2497900
20160125,27.3700,28.0900,27.3500,27.8700,2504100
20160126,27.8100,28.2300,27.5700,27.5700,1531000
20160127,27.7500,28.4700,27.5400,27.6200,2069300
20160128,28.3100,28.4100,27.7400,28.0100,2223400
20160129,28.6400,28.6500,27.8600,28.3900,3390300
20160201,28.4900,28.8300,28.1400,28.4000,2339100
20160202,27.4400,27.9500,27.3500,27.9500,2714600
20160203,26.8600,28.4200,26.2700,28.0800,3910600
20160204,27.6300,27.6700,26.6900,26.6900,3683000
20160205,27.6800,28.1200,27.5200,27.5400,2429500
20160208,26.2400,27.3100,26.0500,27.3100,2732200
20160209,26.1700,26.3000,25.3200,25.3200,2622100
20160210,25.8300,26.6700,25.8100,26.3700,2525300
20160211,24.0700,24.9700,23.9900,24.9600,5108100
20160212,25.1400,25.3300,24.5500,24.6100,4805700
20160216,26.5800,26.6200,25.5300,26.1700,2832100
20160217,27.5100,27.7300,26.9900,26.9900,3201700
20160218,27.3800,27.6400,27.1800,27.6400,2511000
20160219,27.5200,27.5700,26.6800,27.1600,2098200
20160222,28.0300,28.0600,27.5300,27.5300,1598600
20160223,27.8500,28.0000,27.6100,27.8700,1803000
20160224,27.7700,27.8600,26.9400,27.3700,1331300
20160225,28.3300,28.3500,27.7600,27.8000,1326200
20160226,28.9200,29.2800,28.5800,29.2800,1500400
20160229,28.5300,29.0900,28.5000,28.8400,1588200
20160301,30.1400,30.1600,28.7200,28.7700,1819200
20160302,30.4500,30.5600,30.1200,30.1700,1682600
20160303,30.9200,30.9300,30.2800,30.3300,1720800
20160304,31.1000,31.3700,30.7900,31.0400,1944300
20160307,31.4600,31.4600,30.8200,30.8800,1401700
20160308,30.4600,31.2100,30.2000,31.0200,1856100
20160309,30.5800,30.7900,30.2300,30.7000,1469800
20160310,30.5800,31.0500,30.1100,30.7800,1737100
20160311,31.6800,31.7700,30.9100,30.9700,1357500
20160314,31.9500,32.5200,31.3500,31.3500,3608900
20160315,31.5300,31.6800,31.1500,31.6700,1217200
20160316,31.9200,32.1300,31.2800,31.4800,2220400
20160317,32.1400,32.3500,31.4900,31.8300,1968200
20160318,32.3800,32.5600,31.7200,32.1900,2860900
20160321,32.3200,32.6600,32.0700,32.4300,1761400
20160322,32.0800,32.3100,31.8100,31.9600,2829000
20160323,31.5900,32.1500,31.5400,31.9500,2135600
20160324,30.8000,31.1500,30.3400,31.1000,2475400
20160328,31.2300,31.3900,30.8000,31.0000,1678600
20160329,31.0300,31.0900,30.5900,31.0100,1934500
20160330,31.2900,32.0300,31.0700,31.2500,2023200
20160331,30.9200,31.4800,30.8900,31.2700,2574300
20160401,31.3600,31.4300,30.3100,30.7800,1953000
20160404,31.1200,31.5100,31.0200,31.3100,1666000
20160405,30.6700,31.1200,30.5200,30.8000,2693000
20160406,30.9000,31.2400,30.5900,30.6900,1373600
20160407,30.1900,30.7600,29.8600,30.2700,2913800
20160408,30.6000,30.9500,30.4300,30.5900,1493800
20160411,30.9700,31.4300,30.7600,30.9000,1739300
20160412,31.6200,31.6700,30.9500,31.1100,1360100
20160413,32.3800,32.4600,31.9700,31.9700,1391200
20160414,32.4300,32.7800,32.2000,32.3600,898600
20160415,32.3100,32.4800,32.0600,32.3600,1214100
20160418,32.7000,32.7100,32.0600,32.0600,1105300
20160419,33.1200,33.2200,32.7200,32.8300,1162700
20160420,33.7300,33.8200,33.0800,33.1500,1319700
20160421,33.6000,34.0000,33.5600,33.7700,1027400
20160422,33.9200,34.1800,33.6400,33.6700,1212900
20160425,33.6100,33.7400,33.2800,33.7200,823000
20160426,34.0200,34.1800,33.6900,33.7500,1705900
20160427,34.1500,34.4200,33.7500,33.7600,2351800
20160428,34.3500,35.1000,33.8900,33.9900,1846500
20160429,34.2100,34.4200,33.9900,34.2100,2617500
20160502,34.2300,34.3300,33.8600,34.3300,2123300
20160503,33.6200,33.8200,33.1600,33.6500,1533500
20160504,33.3300,33.5600,33.0500,33.2900,1135900
20160505,33.4600,33.6100,33.1900,33.3600,1432000
20160506,33.6600,33.6900,32.9400,33.2000,1657500
20160509,33.4900,33.8000,33.3000,33.5200,908500
20160510,34.0000,34.1200,33.6300,33.6300,1384500
20160511,33.8100,34.4700,33.7900,33.8600,1815400
20160512,33.8500,34.2700,33.5300,34.1200,1337400
20160513,33.6200,34.2500,33.4400,33.7300,1610200
20160516,34.0200,34.2000,33.6700,33.6700,1593100
20160517,34.3000,34.5800,33.8100,33.9700,1719700
20160518,35.2800,35.3800,34.2600,34.3400,2686100
20160519,35.1000,35.5000,34.5600,35.0600,1726000
20160520,35.4600,35.7100,35.1100,35.3200,1709400
20160523,35.3600,35.5900,35.1500,35.2900,1520000
20160524,36.1400,36.1900,35.4600,35.4600,1608600
20160525,36.5200,36.7900,36.2400,36.3200,1436200
20160526,36.3600,37.1800,36.2900,37.1800,2202200
20160527,36.8600,36.8900,36.2500,36.4400,2480800
