20150529,99.2200,99.7600,98.7800,99.7500,4231800
20150601,99.4800,100.1200,98.8900,99.7700,2857600
20150602,99.4300,100.0000,98.5700,98.9400,2324900
20150603,100.6000,101.4000,99.5000,99.8500,3611600
20150604,100.1000,100.6800,99.9000,100.0500,3125800
20150605,100.5100,100.7000,99.7700,100.1500,2692100
20150608,99.2700,100.5800,99.2100,100.5200,2819900
20150609,99.6200,100.1900,99.0200,99.1600,2348300
20150610,100.4600,100.8200,99.6000,99.9400,2682400
20150611,101.0000,101.1600,100.4600,100.8100,1899000
20150612,100.0600,100.9700,99.6900,100.4900,2420400
20150615,99.9600,100.1700,99.0000,99.6200,2152500
20150616,100.3500,100.4700,98.8200,99.9300,3061900
20150617,100.4200,100.7000,99.5000,99.9100,2846600
20150618,101.4000,101.6800,100.4900,100.4900,2948900
20150619,100.8400,101.3600,100.4600,101.0800,3600600
20150622,101.3900,101.6800,101.0300,101.1600,3236200
20150623,100.7500,101.6800,100.5900,101.2900,1493300
20150624,99.3900,100.8000,99.0100,100.7000,2565500
20150625,98.9400,99.7600,98.8600,99.3700,2227900
20150626,99.3500,99.7100,99.0300,99.4300,2782500
20150629,97.3100,99.0000,97.2400,98.7100,3507600
20150630,96.9100,98.2600,96.8100,98.2600,3059400
20150701,96.9400,97.9400,96.5200,97.5200,2893300
20150702,97.2000,97.3600,96.8000,97.2200,1836000
20150706,96.6600,97.4200,96.1500,96.5800,2721000
20150707,97.5000,97.5300,96.1000,96.9600,3755900
20150708,95.4900,96.9100,95.2800,96.8200,2782300
20150709,95.7500,96.8200,95.7200,96.5800,2042100
20150710,96.9600,97.3200,96.6300,97.0100,1951700
20150713,97.7600,97.9400,97.0600,97.6200,2489900
20150714,97.8700,98.1100,97.2700,97.9000,2419200
20150715,97.1800,97.9600,96.9900,97.9100,2092900
20150716,97.4800,97.9800,97.3700,97.8700,1548400
20150717,97.6000,98.1200,97.0600,97.1700,2653400
20150720,97.5900,97.8700,97.3000,97.6000,1777000
20150721,97.9600,98.6400,97.5700,97.6300,2178900
20150722,97.2300,98.6300,96.8300,98.4300,2691000
20150723,96.1100,97.6500,95.8200,97.6500,1940400
20150724,94.7500,96.0700,94.5200,96.0700,2959700
20150727,95.1200,95.2300,94.1500,94.5000,3628300
20150728,99.9400,100.4700,97.8300,97.8900,7592900
20150729,100.8900,101.9500,100.2100,100.3600,5563700
20150730,101.4000,101.5400,100.2700,100.4000,2871000
20150731,102.3600,102.7600,101.5700,101.9100,4222900
20150803,102.7500,103.1500,101.9000,102.4900,2756900
20150804,102.6400,103.1200,102.2300,102.9200,2431500
20150805,102.9400,104.0700,102.9400,103.0500,3196700
20150806,102.4300,103.2200,102.2000,103.1200,2043100
20150807,102.1400,102.4000,101.5000,102.3300,2982900
20150810,103.4300,103.4800,102.7700,102.7700,2690800
20150811,102.9900,103.4700,102.5300,102.6300,3465200
20150812,102.8200,103.1200,101.5500,102.5600,3762500
20150813,101.8400,102.3900,101.5000,101.9500,1829900
20150814,102.7300,102.7600,101.3800,101.7400,2278800
20150817,102.9000,102.9200,101.5400,102.2400,2181600
20150818,102.7600,102.9800,102.3400,102.9800,2080900
20150819,102.3100,103.0000,101.7000,102.3600,2119900
20150820,101.0500,101.9600,101.0500,101.3800,3779400
20150821,99.1400,100.8800,98.7200,100.1600,6566500
20150824,95.5100,97.4500,94.0000,94.7200,7929500
20150825,94.4600,97.9100,94.4100,97.5500,6023000
20150826,96.6300,96.7700,93.6400,95.6100,5886900
20150827,99.1500,99.2400,97.4000,97.4900,4739800
20150828,98.6400,99.0900,97.8900,98.6300,2778400
20150831,97.6500,98.3000,97.5000,98.2800,2892700
20150901,95.2000,96.7600,94.8000,95.8100,5168600
20150902,96.7100,96.7300,95.1800,96.2900,3578900
20150903,96.7700,97.4500,96.4200,97.1900,3320200
20150904,95.3000,95.9100,94.6500,95.1900,3334000
20150908,97.9300,97.9800,96.3400,96.8300,2857800
20150909,97.0500,98.8600,96.8900,98.6500,2773200
20150910,96.8200,97.5400,96.4800,97.0500,2928200
20150911,97.1800,97.1900,96.1900,96.4700,2129000
20150914,97.0100,97.3900,96.5200,97.2600,1788100
20150915,100.5200,100.8000,97.6600,97.9000,5206700
20150916,100.0800,100.3100,98.9500,99.9500,3237200
20150917,100.6200,101.7900,99.8600,100.3700,3879700
20150918,98.3200,99.9500,98.0800,99.9100,5127500
20150921,99.6500,99.7200,98.2400,98.4900,3044700
20150922,98.5100,99.2800,98.0500,98.4900,3606800
20150923,97.5700,98.4900,97.5700,98.3500,3395600
20150924,97.5000,97.9400,96.5600,97.1900,3826000
20150925,98.7600,99.5300,97.6800,98.0800,3294200
20150928,97.2700,98.4800,97.1900,97.9200,2499000
20150929,98.1400,98.3100,96.9300,97.2400,2616000
20150930,98.6900,99.3000,97.9800,98.9500,2985000
20151001,98.5800,99.1100,97.8200,99.0000,3053300
20151002,99.3800,99.3800,96.9600,97.0600,3554600
20151005,101.5300,101.9900,99.7500,99.7500,3088100
20151006,101.4300,101.9400,100.8100,101.9000,2339000
20151007,102.2400,102.9800,101.4400,101.9900,2901800
20151008,103.3800,103.5400,102.0700,102.2100,2689600
20151009,103.6800,104.1800,103.2900,103.3800,2418200
20151012,104.4100,104.4100,103.3500,103.5800,1792500
20151013,103.3000,104.5900,103.2800,103.6500,3060800
20151014,102.8600,103.6400,102.5500,103.3500,2227500
20151015,103.8000,103.9800,102.9200,103.3500,2847400
20151016,103.9500,104.1900,103.3400,104.0600,2077900
20151019,104.2600,104.3200,103.5500,103.5500,2296800
20151020,104.5600,104.7700,103.8500,103.9900,2248700
20151021,105.2600,106.4200,104.8200,104.8200,3286500
20151022,106.4300,106.6200,105.6500,105.8100,3570200
20151023,106.8000,107.2500,105.4700,107.2500,4060200
20151026,106.1800,107.3200,105.9600,106.9400,3486800
20151027,103.1000,104.5600,101.9600,102.7900,5144600
20151028,102.6300,103.4000,101.7700,103.1900,3542700
20151029,103.4700,103.6200,102.3900,102.7700,2762500
20151030,103.0200,103.7700,102.9300,103.4700,3232500
20151102,104.5700,104.7300,103.0000,103.0100,2648200
20151103,104.4800,105.0300,103.7300,104.2800,2785900
20151104,104.0000,104.7600,103.7200,104.6400,2817500
20151105,104.2300,104.6500,103.7100,104.1200,2540900
20151106,104.9900,105.0300,103.3700,103.7700,2877700
20151109,104.0100,104.7700,103.5000,104.5000,3416800
20151110,104.3400,104.9200,103.5900,103.9800,2148900
20151111,104.8000,105.3700,103.9500,104.5900,2581000
20151112,102.6000,103.6500,102.4500,103.4900,3296100
20151113,101.7800,103.1400,101.4300,103.1400,3114400
20151116,103.1400,103.1800,101.6400,101.7100,2226500
20151117,103.1400,104.2400,102.8200,103.3500,2098200
20151118,103.6800,103.8600,102.6000,103.2200,2141600
20151119,104.1000,104.6900,103.6400,104.0000,1552700
20151120,104.1000,105.0000,103.9400,104.5800,2646800
20151123,103.5900,104.5900,103.2700,104.1300,2290400
20151124,103.4000,103.7400,102.6700,103.0700,1557700
20151125,103.4900,103.6500,103.0400,103.3600,1354700
20151127,104.1800,104.4100,103.7100,103.7900,954100
20151130,103.0100,104.4000,103.0000,104.0500,3998700
20151201,104.3800,104.5000,103.1500,103.4600,3424200
20151202,103.3000,103.9300,103.0400,103.7300,3577100
20151203,102.2900,103.7300,101.9000,103.4400,3927900
20151204,103.2600,103.3900,102.2100,102.4400,3560900
20151207,102.4500,103.2600,101.9200,103.0000,2521500
20151208,101.1600,101.9900,100.8000,101.7100,3738100
20151209,100.4600,101.9400,100.0900,101.1200,3118900
20151210,100.4500,101.4100,100.3700,100.5500,3232400
20151211,97.4600,99.0000,97.2600,98.8000,5746600
20151214,97.8700,97.9100,95.8200,97.4600,4132600
20151215,98.9000,99.5700,98.1200,98.5400,3427100
20151216,100.5100,100.8600,99.1800,99.5900,3483100
20151217,100.0000,102.4600,99.9800,102.4000,4792100
20151218,98.0000,99.0900,96.9000,98.9200,7053500
20151221,96.8900,98.8000,96.3400,98.5100,3311100
20151222,98.0000,98.3000,96.6100,97.5500,2458600
20151223,97.2400,97.6900,96.8800,97.4800,4812200
20151224,97.3400,97.7100,96.6900,96.9900,1497600
20151228,97.0000,97.2700,96.3000,97.1500,2274600
20151229,97.7200,97.8600,97.1600,97.3100,1688900
20151230,97.0900,97.7100,97.0300,97.5000,1727300
20151231,96.2300,97.0600,96.0100,96.9000,2178600
20160104,94.8400,95.4000,94.0600,95.3400,3730800
20160105,95.7800,96.1000,94.5200,94.8400,2839600
20160106,94.4200,95.5400,94.1000,94.8900,2443000
20160107,92.6000,93.9700,92.2700,93.0300,3790800
20160108,91.3900,93.0000,91.2100,92.8400,3941100
20160111,91.6600,91.9400,90.7100,91.7800,3484000
20160112,93.0000,93.1000,91.6600,91.6600,4436200
20160113,90.6100,93.7700,90.1000,93.3200,4274500
20160114,91.1500,91.8900,89.6000,90.8100,4001900
20160115,90.0400,90.1100,88.4200,89.5700,5459500
20160119,90.3500,91.4500,89.5800,90.8400,3772000
20160120,88.7000,89.4000,87.3000,89.0600,4836900
20160121,89.0700,90.1900,87.9200,88.8100,3467600
20160122,89.9000,90.6900,89.3100,90.2700,2866000
20160125,89.4200,90.2600,89.1600,89.9700,2069800
20160126,90.9300,91.3200,89.8800,89.9200,2307700
20160127,90.8700,92.1400,90.3700,91.0100,3333900
20160128,91.0000,91.6100,90.2600,90.9700,2286100
20160129,93.2000,93.2500,91.6300,91.6300,5220900
20160201,94.0800,94.5000,92.0400,92.0400,5521800
20160202,94.6900,96.0000,94.0100,95.1100,7634600
20160203,95.3300,95.7300,93.9700,95.2300,4857500
20160204,96.2500,97.0000,95.1700,95.3300,5545600
20160205,95.3700,96.6800,95.0800,95.8700,4273300
20160208,97.3000,97.4200,94.3200,94.3900,4545100
20160209,97.5300,98.9100,96.3100,96.3500,5427500
20160210,96.1200,98.0000,95.8900,97.5400,3634400
20160211,95.0900,95.7000,94.2200,94.6000,3897000
20160212,97.2500,97.3200,95.9100,96.2500,3266700
20160216,98.5600,99.0200,97.5100,97.9100,3205700
20160217,98.3000,99.5000,98.2800,98.8100,3004300
20160218,97.4600,98.0500,97.2400,97.8200,2654700
20160219,97.3700,97.4900,96.4900,97.2200,2313000
20160222,98.0200,98.9100,97.3700,97.3700,2574300
20160223,96.9700,97.2200,96.0100,97.1100,3699700
20160224,96.8700,97.0300,95.3300,96.1900,2366700
20160225,97.7200,97.8500,96.4800,97.1600,2146400
20160226,97.4400,98.5200,97.4100,97.9700,2372900
20160229,96.5500,97.7100,96.5100,97.4400,3124000
20160301,98.3600,98.4500,97.0300,97.4300,2666900
20160302,98.7700,98.9700,98.0700,98.0900,2605000
20160303,99.6200,99.7700,98.3500,98.4400,2541400
20160304,100.4000,101.2200,99.5100,99.5500,3789700
20160307,101.3000,101.3700,99.7700,99.9600,3349700
20160308,100.6200,101.6400,100.3700,100.5400,2985100
20160309,99.5600,100.1500,98.8900,99.5000,3442800
20160310,99.8700,100.0600,98.8500,100.0600,2455200
20160311,100.8200,101.1000,100.1700,100.1700,2315100
20160314,101.2900,101.6000,100.4800,100.5600,2097100
20160315,101.4200,101.5400,100.5900,100.9700,1796300
20160316,101.6700,102.1300,100.7000,101.2000,2252200
20160317,103.7500,104.3800,102.6000,103.1300,4641200
20160318,104.9900,105.4100,103.8300,103.9000,4963700
20160321,105.1500,105.4700,104.4300,104.6200,2789700
20160322,104.8600,105.3200,104.3100,104.4600,2482600
20160323,104.8800,105.2100,104.5600,104.7400,2210400
20160324,105.4300,105.4900,104.3100,104.3300,1996700
20160328,105.0600,105.5700,104.8800,105.3800,1930900
20160329,106.1000,106.3000,104.6200,104.9200,1988400
20160330,105.7300,106.6100,105.6700,106.3600,2277700
20160331,105.4700,105.9000,105.2600,105.6500,3303900
20160401,104.9500,105.3200,104.4100,104.9200,2764400
20160404,104.8800,105.7400,104.6500,105.0400,2796200
20160405,103.9200,104.7400,103.7400,104.4000,2178700
20160406,104.6700,104.8300,103.4700,104.0200,2411100
20160407,103.9900,104.4500,103.4100,103.8900,2107700
20160408,104.3100,105.3200,104.0400,104.4800,1735100
20160411,103.8600,105.3100,103.8000,104.6100,1922500
20160412,105.2300,105.6300,104.0000,104.0700,2555700
20160413,105.5400,106.1600,105.4700,105.5700,2000900
20160414,105.0800,105.9800,104.8000,105.6200,2092000
20160415,105.5400,105.9800,105.1300,105.2800,2668400
20160418,106.1800,106.2600,105.0800,105.5100,1333400
20160419,106.8400,107.0100,106.1700,106.2600,2032000
20160420,106.1700,107.2100,106.1400,106.9500,1952800
20160421,104.9900,106.0700,104.9300,105.8000,2187300
20160422,105.5200,106.0000,105.1900,105.4000,2166400
20160425,105.0700,105.3100,104.4200,105.0900,1732100
20160426,106.2300,106.3500,105.3100,105.3300,2216300
20160427,106.4600,106.8300,105.4500,106.2800,2871900
20160428,104.9100,106.5400,104.0600,105.1000,4210000
20160429,105.0700,105.4400,104.3700,104.6300,2516700
20160502,104.7600,105.6000,104.5800,105.3200,2905300
20160503,104.3800,104.5800,103.1600,104.1800,2171900
20160504,103.1100,104.0000,103.0000,103.6400,2524800
20160505,102.1400,103.4300,101.9900,103.3000,3945400
20160506,102.1100,102.6600,100.6400,102.3800,3658500
20160509,102.6900,102.8800,102.0000,102.2800,2476200
20160510,103.6500,103.6700,102.6900,102.6900,2346300
20160511,102.4500,104.0700,102.4500,103.8300,2646500
20160512,101.7900,102.3700,100.7200,102.1200,3391700
20160513,100.6600,102.1500,100.1300,101.6700,2838500
20160516,101.6500,101.9500,100.6800,100.8200,2113900
20160517,101.0900,102.3500,100.7200,101.5800,2465100
20160518,101.3000,101.8300,100.0500,100.8400,3444600
20160519,101.2900,101.8600,100.4600,100.7500,2475700
20160520,101.5100,102.4000,101.3400,101.6300,2873900
20160523,101.0900,101.8000,101.0100,101.7800,2416600
20160524,101.9800,102.3500,101.4800,101.5000,2444600
20160525,102.3000,102.6700,102.1500,102.1500,1650500
20160526,102.4500,102.8000,102.2000,102.5500,1820700
20160527,102.9800,103.3200,102.6100,102.8100,1942900
