20150529,88.9100,93.3200,87.9000,92.6700,10706500
20150601,90.3800,90.8100,88.5200,89.6800,3950600
20150602,92.0600,92.8800,90.1800,90.2000,2883000
20150603,91.6300,92.9400,91.1800,92.2800,2239000
20150604,91.1900,91.8500,90.7000,90.8500,2116500
20150605,91.8600,92.2700,90.8500,91.5100,1307400
20150608,90.3400,92.3200,90.1700,91.8700,1635700
20150609,88.8800,90.5800,88.4600,90.2300,2340900
20150610,89.6800,90.3400,89.0700,89.5700,1889100
20150611,89.7200,90.3600,89.6000,89.7700,1305900
20150612,91.4400,92.2500,89.8700,90.8400,2325300
20150615,91.1400,91.7600,89.8500,90.7800,1483900
20150616,88.7600,89.5000,86.8800,89.1100,3588700
20150617,90.5300,91.0500,88.8200,88.9300,2134000
20150618,92.5800,93.0000,90.7100,90.7700,1905200
20150619,91.9200,92.7300,91.7600,92.1800,1409900
20150622,92.1300,92.6500,91.1300,92.2500,1503300
20150623,92.5700,93.3500,92.0300,92.4000,1816500
20150624,92.3200,92.9900,91.5700,92.5100,1136900
20150625,89.5800,92.6100,88.9900,92.6100,2111800
20150626,89.9700,90.0300,89.1200,89.8500,1568100
20150629,87.2400,89.3900,87.0800,88.8800,2221400
20150630,87.6200,88.6000,87.5000,88.1200,1809400
20150701,83.6000,87.9900,82.9600,87.6400,4131900
20150702,84.2800,84.6700,83.0800,83.7100,1788800
20150706,83.2500,85.2700,82.6300,83.3100,1737200
20150707,83.3100,83.6900,80.0800,83.3000,2301700
20150708,80.0500,83.1300,78.9000,82.9400,2950900
20150709,81.3700,83.3100,81.3400,81.5000,2446900
20150710,81.3900,82.5900,81.1800,82.4400,1463300
20150713,82.0100,82.6300,81.4500,82.2100,1647000
20150714,82.3200,82.5500,81.4100,81.9000,1446900
20150715,80.1300,82.2100,80.0800,82.0700,2771900
20150716,81.7800,82.3200,80.5200,80.9600,2058000
20150717,81.2600,82.3400,80.3000,81.9300,2165200
20150720,79.2000,80.7900,79.1100,80.5100,2756000
20150721,78.7700,80.1300,78.3400,79.2500,2252700
20150722,77.6300,78.4800,76.8200,78.4100,3110300
20150723,66.9800,74.9200,66.7400,71.8800,13080400
20150724,64.7200,66.7500,62.4600,66.7500,12555600
20150727,65.1600,66.5500,63.0100,64.2200,4908200
20150728,66.9300,67.5000,65.6100,65.8600,3835600
20150729,66.8800,67.5500,66.2500,67.1600,3717900
20150730,66.5400,66.7200,64.8800,66.0100,2109100
20150731,66.9900,68.4900,66.7800,66.9000,2492800
20150803,65.2800,66.6400,65.1100,66.4600,2177400
20150804,65.5000,66.9000,65.1700,66.0100,1902100
20150805,65.4700,67.0600,65.2900,66.0000,1801300
20150806,65.6600,66.2100,64.6600,65.3100,2304200
20150807,63.8100,66.1200,63.6700,65.4000,1859900
20150810,66.7100,67.4900,64.1800,64.7400,2596500
20150811,65.8400,67.0900,64.6100,65.7800,2707400
20150812,66.2700,66.4400,64.0300,64.8800,1985600
20150813,64.3100,66.8300,64.1400,66.6300,2266100
20150814,65.3300,65.3900,64.2700,64.2700,1710300
20150817,65.5800,65.6600,64.2000,65.1600,1130300
20150818,65.5100,65.9300,65.1000,65.1000,1569200
20150819,65.5600,66.6300,64.9100,65.1100,1989500
20150820,64.5500,66.3900,64.5300,64.6500,2328900
20150821,61.6600,63.9000,61.6300,63.0700,2585700
20150824,60.9200,63.9600,56.6600,56.8800,4292600
20150825,60.8300,63.7900,60.8000,63.4700,3131900
20150826,63.5100,63.5900,60.9700,62.2800,2479800
20150827,68.3000,68.7700,64.6300,65.0000,3243300
20150828,67.0600,69.2100,66.5200,67.9200,2298400
20150831,69.3300,69.5800,66.2100,66.8000,2357100
20150901,65.3400,67.9200,65.0100,67.3100,2348200
20150902,67.3600,68.9600,65.5100,67.5100,2645500
20150903,67.8300,68.8100,66.2800,67.5000,2652100
20150904,66.0800,67.0100,65.1600,66.6200,1544000
20150908,67.9900,68.2300,66.3800,67.4700,1564000
20150909,69.2200,71.9800,67.9600,68.9400,3724600
20150910,68.9800,70.4700,68.5700,69.1200,1782900
20150911,69.4500,69.5400,67.6100,68.3000,1250400
20150914,67.6300,69.4300,67.4000,69.1700,1776200
20150915,69.8300,69.9500,67.7900,67.7900,1391900
20150916,72.2800,72.4600,69.8200,69.9800,2316600
20150917,69.6000,72.1900,69.3300,71.7900,3133100
20150918,67.1300,68.6700,66.6000,68.1900,2777900
20150921,67.6100,68.6200,67.0700,67.9100,1924800
20150922,66.7000,67.2000,65.6700,66.5200,1712400
20150923,63.3000,66.9300,62.5700,66.7600,2627500
20150924,61.8100,62.7200,59.0700,62.0500,3364800
20150925,62.8000,64.8700,62.2300,64.4800,2560500
20150928,59.4800,62.4600,59.3300,62.3000,2168500
20150929,59.9400,60.4900,58.6200,59.6800,1527100
20150930,60.0500,61.7300,59.3000,60.6000,2327900
20151001,59.8400,61.9700,59.4600,60.5800,3333500
20151002,59.6500,59.6800,57.4100,59.0000,3803000
20151005,64.4100,65.0300,60.4500,60.5000,2624200
20151006,65.7300,66.3200,64.2700,64.3700,2256600
20151007,67.9000,69.2300,65.9300,66.7800,3148100
20151008,70.5300,71.5300,67.6000,68.1800,2639300
20151009,70.7600,72.0500,69.6200,71.0600,2170600
20151012,69.5200,70.7400,68.9400,70.5100,1708400
20151013,70.0100,71.9500,68.0100,68.7500,2326000
20151014,70.2000,71.0100,68.8800,69.9600,2062000
20151015,69.2700,69.8800,67.0200,69.5000,2568900
20151016,66.8900,69.1800,66.0400,69.1800,2760200
20151019,65.3900,66.9300,65.0200,66.4700,2218400
20151020,66.2100,67.7300,64.2200,65.0200,2860900
20151021,67.2000,68.2000,65.0100,66.6800,3384600
20151022,73.9000,74.8500,69.2800,69.8200,5773500
20151023,73.9600,75.9700,73.1000,74.1500,2677600
20151026,73.8500,75.0000,73.1200,74.1400,2215600
20151027,71.9800,73.2900,71.2300,72.4700,1568300
20151028,74.6900,75.1500,71.9300,72.3200,1608700
20151029,74.2600,75.4200,73.2700,73.9500,1458600
20151030,74.8600,75.5100,73.9500,74.6200,1514300
20151102,76.0400,76.5800,74.7300,74.8400,1332200
20151103,76.9700,78.0900,75.6500,75.9000,1821300
20151104,76.5600,77.9200,75.9800,77.3400,959700
20151105,78.3400,78.6200,75.6900,76.3900,2017800
20151106,79.8400,80.1800,77.0200,77.4500,1954100
20151109,77.5000,79.9600,76.1800,79.4000,1846300
20151110,77.7200,78.0900,76.2800,77.1700,1305100
20151111,76.9900,77.9700,76.6700,77.9700,1321100
20151112,73.4900,76.3200,73.3200,75.4600,2541800
20151113,74.1400,74.8200,73.1100,73.5300,1879500
20151116,74.7500,75.2900,73.6300,74.0600,1575900
20151117,75.6600,77.8600,75.4100,76.2200,1999200
20151118,76.9900,77.2100,75.8400,76.1200,1425700
20151119,75.5600,76.9600,75.0200,76.4700,1413000
20151120,75.5800,76.9300,75.2400,75.9900,1163300
20151123,76.1400,76.4700,75.3500,75.4000,1318600
20151124,77.4100,78.3600,75.7500,75.8700,2109900
20151125,77.8800,78.6000,76.4100,77.7300,1177800
20151127,77.1600,78.2000,76.8000,77.3200,454100
20151130,78.6700,79.1800,77.1300,77.3600,1360000
20151201,78.4100,79.3200,77.4300,78.6300,1526500
20151202,76.2100,78.1900,75.5800,77.8500,1495600
20151203,75.2000,77.6200,74.5500,76.5800,1578600
20151204,74.1400,75.4700,73.9900,74.7000,1650200
20151207,70.4600,73.5300,69.7000,73.3000,2664300
20151208,67.9300,69.7800,67.5000,68.8000,2744700
20151209,71.0700,72.6600,69.7800,69.8700,2602300
20151210,71.0400,72.0900,70.5700,70.6900,1317600
20151211,67.5600,70.5100,67.2800,69.6200,1839400
20151214,66.1300,67.2800,64.0300,67.0700,2548300
20151215,67.5800,68.9100,66.9600,67.2100,1673100
20151216,69.2300,69.3900,67.5400,68.2200,1610900
20151217,66.9000,69.2300,66.8700,69.2300,1712000
20151218,67.1800,68.2500,66.0300,66.7100,2520400
20151221,69.0500,70.1500,67.3600,67.5000,2029600
20151222,72.0500,72.6700,69.0500,69.3100,2131300
20151223,74.8200,75.0900,72.5100,72.7800,2115200
20151224,74.6000,75.4400,74.5000,74.7600,779900
20151228,72.4700,73.7500,71.0600,73.4300,1524600
20151229,73.3200,73.8700,72.3100,73.0800,1127100
20151230,72.6800,73.6000,72.4000,72.8000,1091100
20151231,72.5400,73.1200,71.9900,72.0700,1539700
20160104,70.7600,71.5100,68.7300,71.1100,2255500
20160105,70.0500,71.3000,69.3900,70.8500,1605700
20160106,66.7000,69.1400,66.0100,68.7500,2747700
20160107,62.3600,64.9600,61.7100,64.8900,3384100
20160108,61.8100,63.7800,61.5100,63.0500,2025500
20160111,60.9600,62.3600,59.7700,62.1700,1678700
20160112,61.2800,63.8500,59.6600,61.9900,2168200
20160113,57.7400,63.5200,56.6000,61.9600,2822000
20160114,57.1400,58.3200,54.6700,58.2300,3572800
20160115,54.9000,56.0000,53.6100,55.5600,3116900
20160119,54.0000,56.6900,52.9700,56.0200,2449900
20160120,54.4100,55.0100,50.2500,52.3800,2870200
20160121,55.3100,56.9300,53.7000,54.4000,2712400
20160122,57.7400,59.6500,55.8700,57.1400,2617300
20160125,54.6400,57.1200,54.5100,56.6800,3015600
20160126,56.8900,56.9300,54.7100,55.2500,2555800
20160127,55.8400,57.9000,54.7300,56.4000,3388200
20160128,45.5800,50.2000,44.6000,49.9000,11008000
20160129,47.9100,48.4000,44.5900,45.0100,4532800
20160201,48.8300,49.4600,46.6500,47.4600,3280300
20160202,45.7600,47.7300,44.6100,47.7100,4329900
20160203,48.4300,48.4600,44.8800,46.4800,4192500
20160204,48.6800,51.0800,47.9800,48.0900,2808300
20160205,48.2000,50.0600,47.5100,47.7600,2573600
20160208,46.6100,47.7600,45.1700,47.1400,2325600
20160209,44.7800,46.0900,43.6100,45.5100,2661800
20160210,45.5000,46.7200,44.6400,45.1600,1972300
20160211,43.3400,44.8300,41.9000,43.9600,2713200
20160212,45.4500,45.8500,43.5300,44.3200,2185000
20160216,47.5600,47.7700,45.5900,46.3100,2237600
20160217,48.1800,49.1900,47.3100,48.0200,2327300
20160218,49.8700,50.4500,47.7300,48.7800,2794400
20160219,48.4000,49.2800,46.6500,49.2200,2392200
20160222,51.6100,52.1700,49.6500,49.6800,2240500
20160223,49.8700,51.1400,49.3800,51.0700,1649000
20160224,49.6800,49.7700,47.0200,49.1400,2015000
20160225,50.3600,50.4200,47.8800,49.5200,1316000
20160226,51.5300,52.3200,50.6700,51.0000,1722100
20160229,51.5700,52.5200,50.9600,51.5800,1840900
20160301,52.4700,52.7100,49.9100,52.1000,2087300
20160302,54.3100,54.5300,52.0300,52.3100,2043100
20160303,56.5600,56.6400,53.9400,54.4100,2009500
20160304,57.4900,59.1500,55.6900,57.0500,2501400
20160307,59.8500,60.8200,57.6000,57.6000,2434600
20160308,56.8400,58.9400,56.2800,58.6900,2071800
20160309,58.2400,58.9500,55.9300,57.1200,1347700
20160310,57.9200,59.1700,56.4600,58.3200,1483800
20160311,59.6500,59.8500,58.5300,58.8900,1479200
20160314,60.0100,60.4100,58.2700,59.1600,1572900
20160315,59.5400,59.6900,58.4500,58.7500,1573200
20160316,61.7600,61.9800,59.1500,59.2800,2181300
20160317,63.3700,63.8400,61.4500,61.8400,2119800
20160318,62.9100,64.3800,61.5700,63.8600,2610300
20160321,63.5400,63.9900,62.1300,62.7500,1496900
20160322,63.7700,64.0500,62.6800,62.8300,1092100
20160323,61.6000,63.7700,61.2500,63.7700,1625200
20160324,61.9900,62.5400,60.0600,61.0300,1386000
20160328,61.6800,62.6300,60.8400,62.2000,1330100
20160329,62.5600,62.6700,60.2600,61.2000,1419900
20160330,62.7900,64.2000,62.3700,63.0700,1151300
20160331,62.1900,62.5800,60.7400,62.5800,2117000
20160401,60.8100,61.0200,58.8500,60.4500,2448100
20160404,59.4700,61.2900,59.3600,60.5400,2650600
20160405,58.4800,59.4300,58.2000,58.4000,2308600
20160406,59.0000,59.5700,56.9700,58.7400,2264100
20160407,57.9500,59.8100,57.4500,58.2700,1770900
20160408,59.5000,60.1500,58.8600,59.0100,1377200
20160411,59.5800,60.9900,59.5500,59.8800,1467600
20160412,59.9600,60.2800,58.7200,59.7100,943400
20160413,61.9100,62.3800,60.3200,60.8200,1664600
20160414,61.3400,62.5500,61.2900,62.3100,1036800
20160415,61.0000,61.2400,59.9500,61.0000,1157600
20160418,61.5400,62.1100,60.1300,60.3600,1224800
20160419,61.1500,62.3300,60.6500,62.2100,2011800
20160420,60.1400,61.1900,60.0000,61.0500,3307000
20160421,64.8700,65.7400,56.0100,57.1500,7661500
20160422,66.0100,66.0600,62.5200,62.8200,4652500
20160425,64.8200,67.1400,64.3600,65.7800,2377600
20160426,66.9000,67.0600,65.3000,65.4800,1946400
20160427,68.0700,68.3700,66.4300,66.8500,1661500
20160428,66.8100,68.8400,66.6600,67.7000,1280700
20160429,66.9300,67.8300,65.8800,66.7500,1397200
20160502,65.7700,67.4400,64.9900,67.1800,1457000
20160503,63.4900,65.4800,62.9500,65.1600,2061300
20160504,61.8700,64.0000,61.5000,63.1600,2174000
20160505,61.0400,62.8200,60.8800,62.4900,1980600
20160506,61.5000,61.7300,58.8300,59.0300,2669600
20160509,61.0200,61.7000,60.7600,61.1500,1744100
20160510,62.9400,63.3700,61.0800,61.3300,1506200
20160511,61.7600,63.2800,61.1000,62.6600,1600300
20160512,60.8700,62.8800,60.5700,62.1500,1577000
20160513,59.8300,61.3400,59.4300,60.6400,1641500
20160516,60.9400,61.7900,60.2000,60.3100,1410400
20160517,64.2800,66.4700,61.6700,61.6700,4480200
20160518,64.8600,66.2700,63.5500,63.7000,2381600
20160519,64.1000,64.7200,62.6500,64.1500,1874500
20160520,65.2700,65.6600,64.3600,64.5300,1254800
20160523,64.9600,65.4500,64.2100,65.1100,1033900
20160524,65.7500,66.0300,64.5400,65.5200,1083900
20160525,68.0900,68.3200,65.7600,66.1000,1787500
20160526,68.2000,70.0900,67.6500,68.5000,1561000
20160527,68.4000,68.5800,67.5700,68.1500,1048800
