20150529,43.1100,43.7800,43.0600,43.7600,7785600
20150601,42.9700,43.3900,42.7700,43.2500,5242000
20150602,43.1300,43.2900,42.7000,42.8700,4290600
20150603,43.9700,44.0400,43.2000,43.3200,8312800
20150604,43.4900,43.9300,43.4100,43.7900,6980900
20150605,43.9900,44.4900,43.8300,43.8700,7470100
20150608,43.6600,44.1600,43.6400,43.8800,5831400
20150609,44.0700,44.3700,43.5900,43.7700,6495900
20150610,44.8100,45.0400,44.2700,44.2800,7944500
20150611,44.8500,45.1100,44.6800,44.8500,7059500
20150612,44.7800,44.8800,44.5000,44.7500,4763500
20150615,44.4000,44.6000,44.1300,44.3200,6290000
20150616,44.5900,44.6400,44.2700,44.2800,5831700
20150617,44.6400,45.0700,44.5600,44.7600,8008000
20150618,44.7800,45.0600,44.4100,44.7100,8892500
20150619,44.6400,44.8200,44.3300,44.5900,14699700
20150622,44.9800,45.2000,44.8300,44.9600,5213600
20150623,45.1000,45.2900,44.9600,45.1800,4544600
20150624,44.7400,45.0900,44.7000,44.8400,5960700
20150625,44.5600,45.0400,44.5500,44.8000,5714100
20150626,44.5100,44.7900,44.4500,44.5300,6822400
20150629,43.4100,44.2000,43.3900,43.9100,7302000
20150630,43.4000,44.1900,43.3100,43.8400,7549700
20150701,44.1500,44.1800,43.7400,43.9200,6025200
20150702,43.6200,44.1400,43.4700,44.0900,4843000
20150706,43.6000,43.6500,43.0500,43.1500,6146600
20150707,43.4700,43.5500,42.9200,43.4800,8586900
20150708,42.6700,43.2400,42.6500,43.2400,6207200
20150709,42.9600,43.4400,42.9400,43.2900,6403200
20150710,43.4400,43.8100,43.2600,43.7600,5414600
20150713,43.8300,43.9000,43.5700,43.7400,6065500
20150714,43.8800,43.9500,43.5300,43.7100,8762300
20150715,45.5300,45.8100,43.9000,43.9600,16088700
20150716,45.8600,46.2600,45.7700,45.8800,10761600
20150717,45.8500,46.0100,45.5300,45.6200,7157000
20150720,45.8400,46.1400,45.7800,45.9600,5571000
20150721,45.7400,46.0300,45.6100,45.8800,5547800
20150722,45.9500,46.1100,45.6300,45.6800,7022300
20150723,45.6600,46.2000,45.5800,45.9100,7656400
20150724,45.2800,45.7100,45.2500,45.5600,6900900
20150727,44.8000,45.0300,44.7000,44.9800,5963500
20150728,44.7300,45.0700,44.5600,45.0300,7497300
20150729,45.0100,45.1100,44.6800,44.7300,7108900
20150730,45.0600,45.1400,44.8000,44.8000,6096800
20150731,45.2100,45.2800,44.9200,45.1200,6633800
20150803,45.0800,45.2400,44.7900,45.1300,5964000
20150804,45.2200,45.4800,44.9700,45.0500,4705900
20150805,45.4300,45.7300,45.2600,45.5300,3765000
20150806,45.2100,45.7100,45.1200,45.5400,3566700
20150807,45.1100,45.4900,44.8400,45.2200,4616600
20150810,46.0200,46.0200,45.4400,45.4600,5260300
20150811,45.4000,45.7200,45.2500,45.5000,5351800
20150812,44.8900,45.1200,44.2600,45.1200,5657200
20150813,45.0700,45.1800,44.7900,44.9700,3450700
20150814,45.6000,45.6400,45.0000,45.0700,4583500
20150817,45.6500,45.8600,45.2100,45.3000,4527200
20150818,45.7500,45.8400,45.5500,45.6700,3762100
20150819,45.3600,45.8100,45.2600,45.5400,6057400
20150820,44.1000,44.9000,44.1000,44.8800,7724500
20150821,42.7800,43.8100,42.7600,43.6400,10079800
20150824,40.7500,41.9700,38.8100,40.3200,19382200
20150825,39.7600,42.1400,39.7200,42.0400,16313700
20150826,41.4100,41.4800,40.1400,40.6600,12679500
20150827,42.5800,42.6300,41.7200,41.8900,9832900
20150828,42.5900,42.7400,42.2600,42.4300,6053700
20150831,42.3500,42.5700,42.2000,42.3000,6342200
20150901,40.2700,41.4200,40.0000,41.3400,12097800
20150902,41.0200,41.1000,40.4300,40.9600,6052700
20150903,41.4400,41.9300,41.1000,41.1700,6721200
20150904,40.5500,41.0000,40.2100,40.8600,8078400
20150908,41.4300,41.4600,40.8000,41.4000,11072300
20150909,40.8800,42.0200,40.7900,41.9100,7780300
20150910,41.1000,41.4300,40.6500,40.6900,9575000
20150911,41.0600,41.0900,40.5400,40.9400,8327100
20150914,40.9200,41.1600,40.7400,40.9100,8854000
20150915,42.0000,42.1900,41.1000,41.1400,11631300
20150916,42.3600,42.4100,41.7500,41.9600,7683400
20150917,41.6600,42.6900,41.4600,42.4100,15542700
20150918,41.1700,41.2800,40.7400,41.1000,33377500
20150921,41.5200,41.6700,41.1100,41.4700,8472100
20150922,41.1000,41.2100,40.7000,40.7800,8851600
20150923,41.0600,41.2400,40.8400,41.0600,3917700
20150924,40.7600,40.8500,40.2000,40.5900,8418500
20150925,41.6700,42.0100,41.3000,41.4700,8788400
20150928,40.4200,41.3400,40.3000,41.1500,9427500
20150929,40.6500,40.7200,40.1800,40.5200,6411300
20150930,41.0100,41.2600,40.7600,41.1400,8825200
20151001,41.1300,41.3100,40.5300,41.0200,6274100
20151002,40.7500,40.7500,39.2800,39.9800,15273500
20151005,41.5600,41.6400,41.0700,41.1400,6488900
20151006,41.4900,41.7000,41.3200,41.4500,5352300
20151007,41.7900,42.0800,41.5500,41.7900,4870400
20151008,41.9000,41.9600,41.3900,41.5600,5017900
20151009,41.5800,42.1000,41.3500,42.0300,4307300
20151012,41.6300,41.8100,41.4200,41.6700,3788000
20151013,41.4300,41.6100,41.3300,41.4800,4328700
20151014,40.5000,41.3700,40.3800,41.3300,10003800
20151015,41.0100,41.6400,40.6800,41.2200,12242600
20151016,40.7700,41.5400,40.6800,41.1900,12446400
20151019,40.7300,41.1100,40.6300,40.6400,7749200
20151020,41.2500,41.5100,40.7500,40.8400,6848700
20151021,41.1000,41.7400,41.0700,41.4900,8864500
20151022,41.8400,42.2800,41.3600,41.3600,7961800
20151023,42.6200,42.6800,41.8400,42.1500,9879400
20151026,42.5200,42.7800,42.2300,42.5400,5262000
20151027,42.1000,42.4600,41.9000,42.2600,5796000
20151028,43.0600,43.2300,42.0900,42.2000,9443400
20151029,43.0000,43.2200,42.8100,42.9800,5574500
20151030,42.1800,42.9900,42.0700,42.9800,9148400
20151102,42.5900,42.8400,42.2400,42.2400,5523800
20151103,42.7000,42.8700,42.2300,42.6000,3559200
20151104,42.6200,42.9200,42.4900,42.7300,4060800
20151105,42.6300,42.8200,42.3600,42.6200,6377500
20151106,43.7200,44.2400,43.5000,43.7200,12058000
20151109,43.3400,43.8600,43.0300,43.7400,6781300
20151110,43.3600,43.5300,43.0800,43.1900,6170200
20151111,43.3300,43.7400,43.2000,43.6200,4852700
20151112,42.7200,43.0700,42.6800,43.0400,6991800
20151113,42.3800,42.8100,42.2400,42.4900,6646000
20151116,43.1100,43.1300,42.2600,42.3700,6042600
20151117,43.0200,43.4900,42.8300,43.1800,6457700
20151118,43.8900,43.9800,42.9400,43.1100,8560200
20151119,44.1500,44.2700,43.7400,43.9100,6414200
20151120,44.0400,44.4100,43.9400,44.3900,6977400
20151123,43.7800,44.1800,43.6900,44.0600,6032900
20151124,43.8600,43.9900,43.3900,43.5700,5955300
20151125,43.7700,43.9400,43.6400,43.9000,4284600
20151127,43.9000,43.9900,43.5700,43.8700,2093500
20151130,43.8900,44.1200,43.7400,43.9300,7461700
20151201,44.3100,44.4300,43.8900,44.1400,4913800
20151202,43.7700,44.4500,43.6900,44.3600,6301200
20151203,43.2000,43.9700,43.0500,43.9700,5560600
20151204,44.3400,44.4200,43.3700,43.4600,8421400
20151207,44.1100,44.3700,43.7700,44.1400,5728900
20151208,43.5500,44.0200,43.3600,43.8300,6751100
20151209,43.0100,43.8100,42.7200,43.2400,6713400
20151210,43.1800,43.5900,42.7900,43.0600,6256600
20151211,42.2200,42.7700,41.9400,42.5100,6531700
20151214,42.4300,42.5600,41.8400,42.3000,7422800
20151215,43.6700,43.8400,42.9200,42.9900,6884600
20151216,44.3600,44.4900,43.4100,43.9300,10016800
20151217,43.8300,44.5800,43.8300,44.5200,6896700
20151218,42.3600,43.5800,42.3500,43.5400,14632800
20151221,42.5900,42.9800,42.1600,42.6600,5610500
20151222,42.7000,42.9200,42.1700,42.9100,5041000
20151223,43.4800,43.4900,42.8700,43.0900,4846400
20151224,43.4200,43.5900,43.3500,43.3800,2170100
20151228,43.0500,43.3500,42.7400,43.2400,5828500
20151229,43.5200,43.6100,43.1400,43.1500,4912000
20151230,43.0100,43.5100,42.9700,43.3700,4750500
20151231,42.6700,43.1400,42.6500,42.7900,4483800
20160104,41.4800,41.8200,41.1100,41.7500,9258100
20160105,41.6800,41.7200,41.1900,41.4700,7654400
20160106,41.0500,41.5700,40.8100,41.0400,6779600
20160107,40.2700,40.6700,39.8900,40.3100,9959800
20160108,39.7000,40.7100,39.6200,40.6400,8475200
20160111,39.8600,40.1100,39.4800,40.0100,6668800
20160112,40.6200,40.6600,39.6900,40.4000,9915500
20160113,39.0100,41.0400,38.9500,40.9200,11910700
20160114,39.9300,40.2100,39.1100,39.6000,13490300
20160115,39.0500,39.4400,37.9700,38.0100,14534000
20160119,39.1300,39.8700,38.7500,39.4700,11311300
20160120,38.8700,39.3300,38.2600,38.3000,13476300
20160121,38.5200,39.4500,38.4900,38.9400,12508900
20160122,39.3700,39.6300,39.0300,39.3000,8942900
20160125,38.2900,39.3500,38.2300,39.2900,10258700
20160126,39.0200,39.2700,38.2900,38.4400,7659000
20160127,39.1800,39.9900,38.8300,39.1200,7619400
20160128,39.2200,39.8000,39.0000,39.5100,8983600
20160129,40.0600,40.0800,39.2000,39.3100,11718800
20160201,39.8000,40.0200,39.5500,39.8900,6241800
20160202,38.7500,39.2700,38.5900,39.2700,6987700
20160203,39.2800,39.3400,37.9800,38.9300,10534100
20160204,40.1100,40.2000,39.1700,39.2800,9291000
20160205,40.0900,40.5500,39.9400,40.2000,10218300
20160208,39.5300,40.0400,38.9700,39.6700,13886300
20160209,39.4000,39.7100,38.5200,38.8400,12758700
20160210,39.0400,40.2900,39.0200,39.9400,9332000
20160211,37.4500,38.0800,37.0700,38.0000,12474900
20160212,39.1000,39.1500,38.0000,38.2400,12455600
20160216,40.1900,40.5200,39.2800,39.6500,11233000
20160217,40.1200,40.7100,40.0700,40.6100,7865000
20160218,39.4900,40.1400,39.3100,40.0900,7672200
20160219,39.4600,39.7300,39.0600,39.2800,10983400
20160222,40.2300,40.3900,39.4600,39.4600,8157300
20160223,38.8700,40.0800,38.8200,39.9500,9226400
20160224,38.4400,38.5400,37.4800,38.2700,9220400
20160225,39.1400,39.1400,38.4700,38.6200,6335600
20160226,39.2900,39.7700,39.0900,39.4900,7200000
20160229,38.5200,39.3100,38.5100,39.2500,7400600
20160301,39.9000,39.9000,38.6900,38.6900,6569500
20160302,40.5300,40.5300,39.8400,39.9900,7465500
20160303,40.7700,40.7800,40.2200,40.4800,5694800
20160304,41.0300,41.2100,40.6100,40.9100,6128000
20160307,40.7700,40.9300,40.4900,40.6500,4287500
20160308,39.8500,40.3800,39.7400,40.2200,6094400
20160309,39.7600,40.1400,39.6200,40.1400,5476200
20160310,39.5100,40.1900,39.0800,39.9400,7442900
20160311,40.4600,40.4900,39.6100,39.9300,7774800
20160314,40.4900,40.5900,39.9700,40.4700,6349500
20160315,40.7900,40.8400,40.0700,40.1400,7049600
20160316,40.5400,41.1200,40.3700,40.6400,6001700
20160317,40.6900,40.7800,40.0500,40.3800,6841300
20160318,41.3200,41.4200,40.8600,41.0000,10078900
20160321,41.3800,41.4900,41.0600,41.2300,5207100
20160322,41.3200,41.5400,40.8100,41.0200,5769700
20160323,41.1900,41.5300,41.0600,41.2000,6761800
20160324,40.7800,40.8400,40.4600,40.7300,6331000
20160328,40.6900,40.9600,40.5200,40.8400,4147000
20160329,40.3900,40.4700,39.7900,40.3100,5840700
20160330,40.9900,41.2100,40.5400,40.6100,6293200
20160331,40.5900,41.0300,40.4700,40.8600,6532900
20160401,40.7000,40.7800,40.0000,40.3100,5202800
20160404,40.6800,40.8500,40.4200,40.6800,4685300
20160405,40.0500,40.4100,39.8400,40.2500,6207900
20160406,40.0900,40.1300,39.5700,39.9000,5286600
20160407,39.1000,39.8100,38.8300,39.7500,8338100
20160408,39.3800,39.8500,39.2800,39.4800,4988700
20160411,39.5300,40.0400,39.4100,39.5800,7313900
20160412,40.2600,40.3500,39.5500,39.7400,7623000
20160413,41.1000,41.4200,40.6700,40.7700,10457400
20160414,41.2800,41.6500,40.9200,41.0000,9305300
20160415,41.1000,41.5600,40.9500,41.4500,7041300
20160418,41.2100,41.3000,40.8400,41.0300,7563200
20160419,41.9100,41.9300,41.3900,41.4800,11358200
20160420,42.7300,42.9400,41.7900,41.9600,9559800
20160421,42.5600,42.8000,42.4000,42.6500,10071600
20160422,43.3000,43.4300,42.6100,42.7000,9223300
20160425,43.0500,43.1800,42.7600,43.0300,8576000
20160426,43.3700,43.4900,42.9100,43.0800,7892100
20160427,43.5300,43.9400,43.2600,43.3800,9669200
20160428,43.1300,43.5600,42.9300,43.0400,6560500
20160429,42.6900,43.0800,42.4700,42.8300,10544500
20160502,42.9700,43.1600,42.6200,43.0200,8854000
20160503,42.5000,42.5600,42.0000,42.3300,6565800
20160504,41.7200,42.2800,41.3900,42.0400,8787700
20160505,41.6500,42.0000,41.5400,41.8200,5947600
20160506,41.7800,41.8100,41.3600,41.4100,5306400
20160509,41.5400,42.0000,41.4800,41.6100,4250600
20160510,42.0600,42.1600,41.6600,41.7400,6404400
20160511,41.8700,42.3800,41.8700,41.9000,5765700
20160512,41.9400,42.3100,41.7000,42.1200,7285100
20160513,41.4300,42.1100,41.2300,41.7900,6954100
20160516,41.6900,41.9600,41.1200,41.2400,13552200
20160517,40.7200,41.4300,40.5700,41.3800,14311400
20160518,41.6200,41.7700,40.7000,40.7500,12622500
20160519,41.5200,41.7000,41.0300,41.4000,9536900
20160520,41.7400,42.2000,41.6400,41.7400,5781200
20160523,41.6600,41.8700,41.4200,41.7500,6422300
20160524,42.2800,42.4800,41.8600,42.0100,5611200
20160525,42.9600,43.2300,42.5200,42.5800,7808000
20160526,42.6700,43.0500,42.5900,42.9100,4293300
20160527,42.9500,42.9500,42.6300,42.7800,3905000
