20150529,68.6800,69.6000,68.5200,69.3300,6678100
20150601,69.1100,69.4500,68.4300,69.1300,6309400
20150602,69.0400,69.4600,68.0100,68.7300,4457400
20150603,68.9500,69.5000,68.8900,69.2600,4906400
20150604,68.2100,69.1500,68.0300,68.6300,6460000
20150605,68.3700,68.7000,68.0000,68.2900,4413100
20150608,67.6800,68.2900,67.6200,68.1900,4864300
20150609,67.9500,68.0900,67.5300,67.6700,4439700
20150610,69.6300,69.6700,68.1100,68.2200,6807800
20150611,69.6400,70.0200,69.4200,69.7000,5238700
20150612,69.3300,69.7400,69.0200,69.4300,4900700
20150615,68.5700,68.9900,68.1700,68.7200,5995100
20150616,69.0100,69.1700,68.2900,68.4500,5937400
20150617,68.7500,69.4100,68.5100,69.1100,7818300
20150618,69.5000,69.8400,68.8800,68.9000,7596800
20150619,68.6900,69.3300,68.4800,69.2700,8728800
20150622,69.0900,69.4400,68.9000,69.3200,5511700
20150623,69.4200,69.5900,69.0900,69.1000,3888700
20150624,68.8600,69.4000,68.7600,69.1100,4670600
20150625,68.6200,69.3800,68.5100,69.3800,4705100
20150626,68.7500,69.2100,68.4100,68.7000,7025600
20150629,66.7200,68.4900,66.6900,67.9900,9706700
20150630,67.1500,67.4800,66.7600,67.3400,6811000
20150701,67.8500,68.3000,67.5300,67.9400,6260800
20150702,68.2400,68.3200,67.6200,68.1500,5053000
20150706,68.1200,68.1200,67.3600,67.5500,5270600
20150707,67.7700,68.2000,66.5300,68.1100,6500700
20150708,66.7300,67.3200,66.6500,67.0100,5973500
20150709,67.0500,67.9400,67.0200,67.6500,4837800
20150710,68.4200,68.5400,67.9100,67.9800,5110200
20150713,69.5200,69.6000,68.8300,69.0500,6832300
20150714,70.1000,70.3000,69.4700,69.9700,5635400
20150715,70.0200,70.2800,69.6900,70.1300,4506200
20150716,70.5700,70.5900,69.9700,70.4300,6512500
20150717,70.8800,70.9600,70.2800,70.4000,6287600
20150720,72.7000,73.0000,71.2300,71.2900,10198500
20150721,72.0200,72.8800,71.7600,72.8400,10919600
20150722,71.9700,72.1500,71.6200,71.9400,6303200
20150723,71.7500,72.2500,71.2000,72.2000,10755700
20150724,74.8000,76.9200,74.4000,76.7800,21196100
20150727,73.8600,74.7100,73.5800,74.2800,10293800
20150728,74.7400,75.1800,73.8500,74.3000,10054300
20150729,76.0100,76.4300,74.6700,74.9500,13746900
20150730,76.3800,76.7600,75.2400,75.8900,6507000
20150731,75.3400,76.5100,75.3200,76.4500,8526300
20150803,75.7700,76.0400,75.0100,75.5900,5810800
20150804,75.2700,76.0800,75.0300,75.5300,6957900
20150805,74.9800,76.1700,74.9200,76.0500,6976400
20150806,73.5800,75.4200,73.5500,75.3000,7767800
20150807,74.2100,74.3100,73.3200,73.6800,6484600
20150810,74.3800,75.1800,73.8500,74.8900,6183500
20150811,73.3600,74.2700,73.2200,73.8100,6476000
20150812,73.5400,73.8300,72.3900,72.8700,7625100
20150813,73.9300,74.4300,73.3800,73.4300,5992000
20150814,74.2200,74.4000,73.4500,73.8500,3861500
20150817,74.4100,74.4400,73.5000,74.0000,3473500
20150818,74.4700,74.7300,74.0100,74.2600,6325500
20150819,74.4000,74.9600,73.6700,74.2000,5886900
20150820,73.9500,74.5300,72.8100,73.5600,12082300
20150821,71.1900,73.6200,70.9600,72.5000,15752200
20150824,68.3600,69.3600,60.0000,64.1600,20950600
20150825,66.9700,71.8000,66.6000,71.6900,14485000
20150826,70.6900,70.9900,67.9000,69.3700,12220000
20150827,72.4000,72.4900,70.8000,71.9400,9122200
20150828,72.4600,72.6700,71.6000,72.1000,6411400
20150831,71.3000,72.0800,70.8200,71.9100,8313300
20150901,68.9600,70.3900,68.5000,69.4100,11491500
20150902,69.6200,69.9500,68.7000,69.9400,9218000
20150903,70.4000,71.0800,69.9900,70.4500,9035200
20150904,69.1600,69.9100,68.6400,69.2900,9469400
20150908,70.5300,71.0100,69.5500,70.7500,7984900
20150909,69.6000,71.3800,69.4300,70.7500,9022200
20150910,70.2300,70.6500,69.4600,69.5000,7244200
20150911,70.7600,70.8100,69.4600,69.8600,6452100
20150914,70.0100,70.8000,69.6100,70.7200,7059300
20150915,70.5100,70.7500,69.5100,70.4800,6962600
20150916,70.9900,71.1100,70.0500,70.4500,8207600
20150917,70.9600,72.3200,70.5000,71.3000,7663300
20150918,69.7900,70.8100,69.7100,69.8200,14508100
20150921,70.7800,71.3200,70.2200,70.6200,12756500
20150922,70.2500,70.3900,69.3100,70.0000,11394000
20150923,70.9500,71.1500,69.9000,70.1600,10655800
20150924,70.2400,70.6300,69.6400,70.3500,8406700
20150925,70.6900,71.4600,70.2100,71.1900,7756600
20150928,67.2000,70.2800,67.0300,70.1900,15261200
20150929,68.5300,68.7000,67.2000,67.5200,11326700
20150930,69.6600,69.6600,68.2600,69.3200,9309200
20151001,69.9900,70.7700,68.9800,70.0900,8679900
20151002,70.6700,70.7300,68.3600,68.8000,7460400
20151005,72.2300,72.3400,70.9200,71.0600,7286800
20151006,72.0800,72.5400,71.8300,72.2200,5782500
20151007,73.2200,73.2300,72.4500,72.6800,6208900
20151008,73.9000,73.9300,72.8300,73.0000,5713100
20151009,73.9800,74.0900,73.4000,74.0400,5947800
20151012,74.9900,75.4300,73.6700,73.7400,5586300
20151013,75.0000,75.2500,74.1500,74.4600,7439400
20151014,74.2000,75.2600,73.7200,74.8400,7568300
20151015,75.3400,75.4100,74.5800,74.9600,6856200
20151016,76.0000,76.5400,74.7900,75.3300,9078600
20151019,76.9900,77.3300,75.9300,75.9300,9952600
20151020,76.2800,76.8900,75.9300,76.6400,8148800
20151021,75.4600,76.9400,75.3100,76.9400,7277900
20151022,76.4200,76.8500,75.6400,75.8900,9093400
20151023,77.0700,77.6300,74.9500,77.4600,11971300
20151026,78.1800,78.3100,77.0900,78.0800,8019400
20151027,77.5200,78.1800,77.0600,78.0300,9527400
20151028,78.8700,78.8900,77.4400,77.8200,10850200
20151029,78.5100,78.7100,77.9300,78.5900,7648600
20151030,77.5800,78.8100,77.5600,78.7200,11186500
20151102,75.2200,76.2100,74.5300,75.1900,29966000
20151103,77.9000,78.5800,74.8100,75.1300,18899900
20151104,78.3500,78.8300,77.9000,78.3700,8640800
20151105,79.2600,79.7100,78.4200,78.4200,9392600
20151106,78.7500,79.5700,78.3200,79.5700,8221600
20151109,78.0400,78.4000,77.2900,78.4000,10157300
20151110,79.4800,79.5300,77.6100,77.6500,8440300
20151111,79.1800,80.2500,79.1700,79.8500,8024400
20151112,78.3100,79.1500,78.1400,78.8600,8939800
20151113,78.1100,78.9700,77.7700,78.0200,9913200
20151116,78.9000,78.9100,77.5800,77.7900,7805000
20151117,78.8300,79.2800,78.4700,78.9400,6942600
20151118,80.4600,80.5000,78.7400,78.9600,7212400
20151119,80.1500,81.0100,79.8500,80.6000,6082200
20151120,80.1900,81.0000,79.9800,80.5900,6764300
20151123,80.1100,80.7800,79.5600,80.5900,5910600
20151124,79.7900,80.2000,79.2100,79.2300,6040800
20151125,79.5600,80.0900,79.5600,79.7800,4268700
20151127,79.8400,80.1500,79.6100,79.6400,3139500
20151130,79.0100,80.1300,78.9600,80.0600,8874600
20151201,79.9100,79.9300,78.7700,79.5300,6702100
20151202,79.0400,80.1500,78.9700,79.8300,7310000
20151203,78.2900,79.7700,78.0800,79.3600,8689600
20151204,80.4000,80.4000,78.4500,78.5800,9944600
20151207,79.5500,80.4900,79.0700,80.1300,15262400
20151208,79.0700,79.6700,78.3600,78.9800,11344000
20151209,77.8800,79.7500,77.4000,78.8300,15361500
20151210,78.1200,79.1100,77.6300,77.9100,8717100
20151211,76.1100,77.1400,75.5200,77.1400,15625800
20151214,76.8700,77.3300,75.5800,76.2000,10361000
20151215,78.6200,79.4500,78.2100,78.3700,11323500
20151216,79.8600,79.9800,78.1500,79.4500,10497500
20151217,78.6900,80.2800,78.6300,79.9800,7555300
20151218,76.3200,78.1900,76.2800,78.0400,16271200
20151221,77.1700,77.3600,76.4000,76.9000,8442100
20151222,77.3800,77.4900,76.6600,77.4300,5699100
20151223,78.5600,78.6600,77.5600,78.0800,6335900
20151224,78.2600,78.7100,78.1800,78.3500,2188800
20151228,78.5300,78.6500,77.8200,78.0400,3680900
20151229,79.2100,79.3900,78.9000,79.0000,4627100
20151230,78.3500,79.1900,78.2600,79.0700,4230400
20151231,77.5500,78.8000,77.5500,78.2400,6538300
20160104,75.7000,76.3800,75.0100,76.0600,13476800
20160105,76.2700,76.5100,75.5400,76.2500,8972700
20160106,75.2700,75.8500,74.8500,75.0000,16092000
20160107,73.7900,75.0900,73.3500,73.7600,12470800
20160108,72.8800,74.5100,72.7500,74.0600,9977600
20160111,73.9200,74.0800,72.6600,73.1100,13069500
20160112,74.7600,75.0000,74.0200,74.5200,10236900
20160113,73.1000,75.3900,72.9900,75.2700,12659600
20160114,73.8000,74.5200,72.6600,73.1500,10426200
20160115,71.8300,72.9500,70.6600,71.9400,18470500
20160119,71.3900,73.0200,70.6600,72.9400,16009600
20160120,70.6800,71.4100,69.0400,69.9600,16586000
20160121,71.5600,72.3300,70.1000,70.7200,11931200
20160122,72.7000,73.1800,72.1300,72.6700,8652600
20160125,71.7400,72.9100,71.5800,72.7600,9126200
20160126,71.8800,72.2700,71.5500,72.1800,7500200
20160127,70.9100,72.4800,70.5800,71.9800,9020500
20160128,69.3300,71.8500,69.3300,71.4200,15295600
20160129,74.4900,74.5000,68.7600,70.4300,40427800
20160201,74.3800,74.7800,73.2500,74.0800,12623500
20160202,73.4000,74.2100,73.1300,73.5000,9572700
20160203,74.3800,74.6300,72.4300,73.7600,9941900
20160204,73.6800,74.6300,72.7600,74.1000,14735700
20160205,71.5400,73.6100,70.5500,73.5600,12939400
20160208,67.7700,70.0400,66.3000,69.9500,30542600
20160209,68.3300,69.4800,66.1200,66.3900,14882800
20160210,70.1500,71.0300,69.0700,69.1400,11369500
20160211,68.4700,69.0700,67.4300,67.7900,13962100
20160212,70.4200,70.4700,69.1200,69.4400,8710200
20160216,71.1000,71.7500,70.4000,71.4100,8780700
20160217,72.0300,72.1200,71.3000,71.7300,8494100
20160218,71.2400,72.2500,71.0200,71.8900,6938100
20160219,71.5300,71.7200,70.3000,71.0300,7750900
20160222,73.0600,73.1900,72.1000,72.2800,7481500
20160223,72.1500,73.1200,71.9900,72.9500,6177000
20160224,71.8500,72.1900,70.3800,71.2500,7728600
20160225,73.2700,73.3400,71.9400,71.9600,6840900
20160226,72.7300,73.9100,72.6900,73.7400,6714100
20160229,72.3900,73.9000,72.3900,72.8600,7786100
20160301,74.6400,74.6400,72.9000,72.9900,8705300
20160302,74.3000,74.6000,73.6600,74.5000,5739100
20160303,73.9100,74.5000,73.3600,74.4800,6588300
20160304,73.9000,74.2500,73.6100,74.2200,9475300
20160307,71.9400,73.4500,71.3500,73.3900,16671900
20160308,70.6200,71.5200,70.5100,71.5000,12394400
20160309,70.6800,71.0800,69.9000,71.0000,9291600
20160310,70.2200,71.4000,69.5800,71.1400,10135100
20160311,71.6300,72.0100,70.6800,71.1500,9466400
20160314,71.4900,71.7200,70.9500,71.6000,7916500
20160315,71.9100,71.9100,70.6600,71.1800,6442800
20160316,72.3700,72.8300,71.5100,71.6800,7561800
20160317,73.1400,73.6700,72.1700,72.2800,7411700
20160318,73.7800,74.1000,73.1300,73.5000,15026200
20160321,73.7700,73.9400,73.1500,73.5800,7397400
20160322,72.9600,73.6500,72.9300,73.2400,6796800
20160323,73.9100,74.1700,72.7700,72.9500,7287100
20160324,74.1400,74.1600,73.4100,73.6500,6303900
20160328,74.0800,74.2700,73.7200,74.1400,7283300
20160329,75.3800,75.5900,73.9200,74.0200,10541500
20160330,76.7800,77.0000,75.8400,75.9000,9691900
20160331,76.4800,76.9200,75.9500,76.6200,7490800
20160401,77.5900,78.2500,75.8000,76.2500,10183400
20160404,77.8300,78.3100,77.5300,77.9700,6905800
20160405,76.9700,77.4700,76.5800,77.1400,6012000
20160406,78.2100,78.2800,77.0000,77.0800,6220400
20160407,77.5800,77.9800,77.1900,77.7100,7542100
20160408,78.0300,78.6200,77.8100,78.0800,5327500
20160411,77.8200,78.7800,77.7700,78.3600,5957200
20160412,78.5200,78.5500,77.6500,77.7200,5962900
20160413,79.7100,79.9300,78.9100,79.0300,9187300
20160414,80.3300,80.6700,79.3100,79.7600,11470300
20160415,80.0800,80.6900,79.9000,80.2500,7186700
20160418,81.4500,81.5500,79.8300,80.2000,7761200
20160419,80.7500,81.7300,80.3700,81.5000,8324700
20160420,81.1500,81.6400,80.5500,80.8800,8521300
20160421,80.7900,81.6700,80.6800,81.5000,9536900
20160422,79.1100,79.3600,77.2800,78.0000,18216000
20160425,78.1400,78.8400,77.8200,78.6900,11184600
20160426,78.5300,78.7000,78.1100,78.4500,6071800
20160427,78.7600,79.0000,78.1700,78.4100,6319400
20160428,77.6800,79.2700,77.6000,78.3500,8322600
20160429,77.2400,78.0100,76.8600,77.5200,8092700
20160502,78.4600,78.4700,77.1600,77.8100,7636800
20160503,77.1900,78.3600,76.9300,77.4300,7666300
20160504,77.0700,77.3800,76.3500,76.5600,8633800
20160505,77.3600,77.7000,77.0100,77.1400,6002300
20160506,77.7200,77.8000,76.7800,77.2300,6172600
20160509,78.2200,78.3600,77.5800,77.6900,9242300
20160510,79.2000,79.3300,78.4100,78.4200,6802600
20160511,77.3000,79.3300,77.2900,79.1400,8432500
20160512,77.8900,78.1900,77.0700,77.8000,7512800
20160513,76.8300,78.2800,76.8300,77.7100,7562700
20160516,77.8000,78.0600,76.9600,77.0200,8597900
20160517,76.7900,77.9200,76.5200,77.5700,7169900
20160518,77.4300,77.8800,76.4000,76.7100,6288500
20160519,76.8800,77.2500,76.2200,76.8700,5552200
20160520,77.6700,78.0400,77.1800,77.3400,6300600
20160523,77.2100,77.9900,77.1400,77.7600,5911100
20160524,79.3800,79.5000,77.6600,77.6600,7505500
20160525,79.0600,79.6700,78.9500,79.5000,5846700
20160526,79.0000,79.4000,78.8700,79.4000,4226500
20160527,79.6600,79.6600,78.8400,78.8400,4312200
