20150529,66.8800,67.4000,66.5900,67.0500,2997900
20150601,66.7100,67.5600,66.4000,67.3500,2268900
20150602,66.0900,67.0800,65.9900,66.5500,2981800
20150603,68.2200,68.4500,66.2700,66.6000,4929800
20150604,68.0600,69.1700,67.7300,67.7700,4662500
20150605,68.0600,68.6300,67.6600,68.1800,2706000
20150608,67.1200,67.8700,66.9000,67.6900,2829300
20150609,66.7400,67.5700,66.2000,67.0500,2988800
20150610,67.1500,67.8300,66.8600,67.0300,2597200
20150611,67.4300,67.5200,66.8100,67.1200,2905700
20150612,66.4000,67.1700,66.1800,67.0700,3446500
20150615,66.0500,66.1600,65.3000,65.9300,2956700
20150616,66.8200,67.0100,65.4700,65.4700,2797300
20150617,66.8800,67.1300,66.2600,66.9300,2995500
20150618,67.4400,68.0000,66.8800,67.1400,3318800
20150619,67.6100,67.9100,66.9100,67.4800,4598700
20150622,68.2400,68.4700,67.5300,67.6900,2174500
20150623,67.5200,68.3800,67.2300,68.2000,1868500
20150624,66.7400,67.5400,66.5200,67.3200,1690600
20150625,66.4600,66.9100,66.3600,66.9100,1742700
20150626,66.4300,67.3900,66.3400,66.7300,5858900
20150629,64.3900,66.3300,64.2600,66.0500,2099100
20150630,64.6400,64.9800,64.1300,64.9200,2353900
20150701,64.6100,65.4700,64.3100,64.9200,1828300
20150702,64.2000,64.8900,64.0000,64.6500,1505400
20150706,63.2400,64.4000,62.7600,63.5500,2371100
20150707,63.0500,63.6000,61.4800,63.4600,3643300
20150708,61.1700,62.7400,61.0700,62.4600,2795800
20150709,61.3600,62.5600,61.0600,62.2700,3264400
20150710,61.8000,62.2300,61.3400,62.0700,2443700
20150713,62.5000,62.6300,62.0200,62.2400,2195000
20150714,61.7100,62.3200,61.3000,62.2700,2649700
20150715,61.2500,61.8000,60.9700,61.6700,1782700
20150716,61.7900,62.2300,61.3700,61.8200,2031700
20150717,60.7800,61.6200,60.4000,61.5700,2352000
20150720,60.0500,61.0100,59.4900,61.0100,2131500
20150721,59.7300,60.2800,59.4000,60.1900,1981100
20150722,58.4100,59.8900,57.4700,59.6700,5809600
20150723,58.2300,58.7200,57.9400,58.6200,3389600
20150724,56.4100,58.2100,56.0300,58.1300,4163000
20150727,56.3900,56.6100,55.5500,56.1800,5664600
20150728,56.6900,56.9200,55.8100,56.5400,2362100
20150729,56.6000,57.2500,56.2900,56.2900,2109300
20150730,56.3600,56.9100,56.1000,56.2500,2735400
20150731,57.0000,57.1900,56.3400,56.8000,3141300
20150803,56.1400,57.1500,55.8400,57.1400,2453700
20150804,55.6000,56.8000,55.5100,56.2800,1882200
20150805,51.4100,55.3800,51.0100,55.1000,8459900
20150806,44.1000,49.5000,39.2800,48.9900,33191200
20150807,45.4700,46.8000,45.0100,45.4000,11475500
20150810,47.0200,47.3000,45.7500,45.9700,6637300
20150811,46.0000,46.7500,45.4100,46.4900,6164100
20150812,46.0500,46.3300,45.1100,45.4700,4312700
20150813,45.7500,46.0900,44.9300,45.7900,5285700
20150814,43.6700,45.7700,43.5600,45.6300,6623400
20150817,44.1600,44.2900,42.7500,43.2700,4463400
20150818,43.2400,44.2100,42.6200,43.9400,4958200
20150819,43.1300,43.6700,42.5000,42.9900,3239300
20150820,40.4200,42.6800,40.4100,42.6700,5546300
20150821,39.8700,41.1000,39.7800,40.0300,7871600
20150824,38.1500,39.9100,36.3200,37.5600,9424400
20150825,38.5800,40.0000,38.5800,39.8000,9417600
20150826,38.6100,39.9600,38.1600,39.7000,7108600
20150827,39.2500,40.1000,38.3700,39.0500,6461300
20150828,40.9100,41.1900,39.1000,39.1700,7217700
20150831,40.7700,41.3300,40.0000,40.2300,5877500
20150901,40.3900,40.6700,39.8100,39.9900,8508500
20150902,41.7400,42.0700,40.9700,41.0800,10553500
20150903,43.1500,43.1600,41.6500,41.7300,7405100
20150904,43.3400,43.7100,42.2300,42.4500,7697000
20150908,44.0200,44.4900,43.2500,44.3100,7980000
20150909,44.3200,45.1500,44.1000,44.8500,9248200
20150910,44.7000,45.3600,44.1900,44.2300,6165100
20150911,44.2800,44.4100,43.4200,43.9700,4568900
20150914,43.8100,44.5400,43.2700,44.2300,5365400
20150915,44.4200,44.8000,43.6700,44.1800,6593800
20150916,45.4500,45.7000,44.3800,44.5100,3988500
20150917,45.2600,45.9100,44.9000,45.3900,5256400
20150918,45.6800,46.7600,44.2200,44.7200,9146900
20150921,44.8800,45.9800,44.3200,45.7600,4228400
20150922,44.1400,44.7600,43.7900,44.4100,8331100
20150923,43.6100,44.3000,43.5800,44.2500,7026100
20150924,43.6000,43.6100,42.9200,43.2300,6377900
20150925,43.5200,43.8000,43.3000,43.7800,6198500
20150928,43.2200,43.4000,43.0100,43.1800,6001100
20150929,42.8300,43.4500,42.5800,43.1900,7146800
20150930,43.1500,43.7500,42.8400,43.2600,5555400
20151001,42.8300,43.8100,42.4800,43.5600,6700600
20151002,44.3300,44.3700,42.1500,42.4700,6748800
20151005,45.4600,45.5900,44.0100,44.0300,3797500
20151006,46.7900,46.8600,45.4300,45.5200,4772900
20151007,47.4500,48.1400,46.9700,47.1200,8075800
20151008,47.9200,48.0200,46.5500,47.3600,4361200
20151009,47.4800,48.2000,46.7100,47.9900,5520400
20151012,46.5000,47.6300,46.1700,47.5600,5069300
20151013,46.5200,47.3200,45.6600,46.3100,3077200
20151014,47.0800,47.6500,46.1500,46.5700,2815000
20151015,49.2400,49.2900,47.2300,47.2300,4876500
20151016,49.7500,49.7600,48.5800,49.3200,4775100
20151019,48.9000,49.7200,48.5700,49.4500,4832700
20151020,49.3300,49.8600,48.8200,48.9500,3176500
20151021,48.5200,49.8100,48.3200,49.5800,3021500
20151022,49.6500,49.9600,48.6300,48.7900,3388300
20151023,50.3400,50.7100,49.8000,50.0000,3813300
20151026,49.7400,50.4800,49.4200,50.4400,2932200
20151027,49.0500,49.9600,48.5900,49.5300,2241500
20151028,49.6500,49.8000,48.9100,49.4800,4023400
20151029,49.2100,50.2600,48.9600,49.4400,3437400
20151030,49.3100,49.7300,47.8600,49.3100,4962400
20151102,50.7100,51.0100,48.9000,49.3400,3986300
20151103,51.2900,52.4200,50.7600,50.8000,4058400
20151104,47.9200,51.8400,46.7400,51.1900,10031000
20151105,46.7800,48.2100,45.4900,47.8800,6931900
20151106,47.7100,48.0000,45.9500,46.7600,4850700
20151109,47.7800,48.0600,46.4200,47.6100,4296300
20151110,48.4000,48.5000,43.4800,47.7000,2944600
20151111,49.3500,49.7100,47.8200,48.7500,6200400
20151112,49.7900,51.6700,49.6400,49.9700,9513600
20151113,49.9900,50.6700,48.7000,49.2900,4306700
20151116,51.9700,52.4700,50.0000,50.0600,5444200
20151117,50.9800,52.1800,50.5400,51.7100,3511400
20151118,53.1100,53.3500,50.5900,50.9300,4820900
20151119,52.2100,52.9500,50.9300,51.9100,2968600
20151120,52.7100,52.8800,51.9600,52.6300,3207900
20151123,50.8500,52.6500,50.4700,52.3500,4124200
20151124,50.9100,51.0100,50.0500,50.6900,3017300
20151125,52.3500,52.4200,50.3200,51.0200,2865400
20151127,51.1600,52.1600,49.9500,52.1600,2455400
20151130,49.7900,51.3600,49.5700,51.1600,4893300
20151201,49.6900,50.1800,49.4500,49.9900,3434500
20151202,47.6500,49.6000,47.4300,49.2900,5525300
20151203,46.7300,47.8800,45.9600,47.5000,8419600
20151204,46.2200,46.9900,45.8500,46.7500,4005400
20151207,47.1500,47.2500,45.7500,46.1800,6285100
20151208,44.7100,46.7900,44.6900,46.7900,5339000
20151209,43.9700,45.1200,43.7200,44.6300,4764200
20151210,43.9300,44.7700,43.8000,44.2800,3484000
20151211,41.5900,43.1600,41.4300,42.6600,3956100
20151214,40.7400,42.0600,40.0400,41.6800,5305800
20151215,40.9800,42.0900,40.7500,40.9200,5084000
20151216,41.5100,41.6000,40.3800,41.3400,4715900
20151217,39.8000,41.8000,39.8000,41.6500,2996700
20151218,39.0600,40.6700,39.0500,39.6400,5889400
20151221,39.2200,39.7900,39.0200,39.3200,3228800
20151222,40.7800,41.1000,39.4700,39.6000,5218600
20151223,41.1800,41.5600,40.4300,41.0000,4720000
20151224,41.1100,41.4300,40.9000,41.1100,887000
20151228,41.1700,41.3900,40.6000,40.9200,2736700
20151229,41.3300,41.8600,41.0800,41.6300,2628700
20151230,40.8600,41.6200,40.8000,41.4900,2087600
20151231,41.1600,41.4400,40.5900,40.7300,2822400
20160104,40.8200,40.8300,39.9400,40.6000,3810600
20160105,40.5600,41.2700,40.3200,40.7700,3014900
20160106,40.0600,40.7900,39.7600,39.9800,3661100
20160107,38.8900,40.0300,38.7300,39.9400,3653500
20160108,40.9800,41.5700,39.0900,39.1400,6539000
20160111,40.9700,41.2100,40.1100,40.8700,3869400
20160112,41.6900,42.6400,41.0500,41.3700,3063900
20160113,40.7900,42.3300,40.7500,41.8000,4378200
20160114,41.4300,41.9400,40.4000,40.7000,2601900
20160115,39.8500,40.6300,39.2700,40.0000,5284400
20160119,41.7200,43.0000,40.8100,40.8700,6902400
20160120,40.6700,41.2400,39.4300,41.0700,4700600
20160121,41.5800,42.5300,39.6600,40.8500,4386500
20160122,43.2100,43.9600,42.5000,42.5600,4968900
20160125,42.0300,43.0300,41.7800,42.8700,3292600
20160126,43.8600,44.6200,42.0600,42.0600,6049100
20160127,43.7800,44.9900,43.4500,43.7200,3439300
20160128,44.5400,44.6800,43.2100,44.1800,3815000
20160129,45.6400,45.8300,44.6400,45.3400,4766900
20160201,46.0500,46.3300,44.3100,45.3300,3602800
20160202,43.7500,45.5300,43.6500,45.3100,4285600
20160203,44.6700,45.2800,43.1900,44.5200,4821400
20160204,45.3400,47.4700,44.2800,46.9800,10346300
20160205,43.2400,45.3400,42.3600,45.3400,4498200
20160208,41.8500,43.0500,41.1000,42.7000,5153400
20160209,32.8600,40.0400,32.5100,40.0400,15731400
20160210,31.3800,33.0900,30.9800,32.5900,11200900
20160211,32.2500,32.5800,30.1100,30.9400,9131700
20160212,32.8100,32.8500,31.0600,32.1500,5522300
20160216,34.2900,35.2300,33.5100,33.7600,6290800
20160217,35.8500,36.3100,34.2500,34.2700,5070000
20160218,35.7100,36.0800,34.5700,35.9800,4161500
20160219,35.2800,35.7400,34.9000,35.5300,3292200
20160222,36.8600,37.0000,35.1100,35.6100,3657400
20160223,37.0100,39.4500,35.5700,36.3400,7575400
20160224,37.2200,38.0000,36.1500,36.5900,4065000
20160225,37.1100,37.7100,35.9200,37.7100,4036500
20160226,36.2300,37.4000,36.1500,37.3900,5248500
20160229,36.8500,37.5100,36.0000,36.1700,4375200
20160301,37.5600,37.7700,36.4800,37.2400,3576300
20160302,37.4800,38.3100,36.7800,37.5600,3008900
20160303,39.0200,39.2000,37.0000,37.3300,3558000
20160304,38.8200,39.3600,38.0600,39.0800,3704600
20160307,40.0700,40.4900,38.4800,38.4900,3127600
20160308,39.0800,40.3100,38.1600,39.9600,3654100
20160309,38.8800,39.3300,38.2000,38.8300,2644800
20160310,38.1700,38.9800,37.2600,38.8900,3225200
20160311,39.2900,39.7400,38.3200,38.7200,2640800
20160314,39.7600,40.0700,38.8500,39.2100,1625400
20160315,38.8200,39.4900,38.3200,39.3700,2279100
20160316,40.2600,40.4700,38.2700,38.5600,2587700
20160317,41.4800,42.1600,40.1100,40.3500,3657100
20160318,41.4600,42.3100,40.6900,41.7000,5530000
20160321,40.9600,41.8100,40.2200,41.8100,1957100
20160322,40.7800,41.1800,40.0700,40.9000,1845400
20160323,39.7000,40.5700,39.4000,40.5700,2544100
20160324,39.6800,39.6900,38.6800,39.3200,1918900
20160328,40.3700,40.5900,39.4300,39.9500,1651200
20160329,40.1400,40.3400,39.4400,40.1700,1590800
20160330,40.1100,41.1800,39.8200,40.5900,1634000
20160331,41.2800,41.4000,40.0200,40.0400,2770300
20160401,41.1700,41.7000,40.2600,40.7500,2388100
20160404,39.5600,41.9400,39.4200,40.9500,2749300
20160405,38.7500,39.4100,37.6500,39.1400,3892400
20160406,39.4400,39.4900,38.2000,38.4300,2125500
20160407,38.2700,39.5500,37.8000,39.3000,4174600
20160408,37.9900,38.6400,37.0200,38.3100,3631300
20160411,38.1300,38.7800,37.7100,38.1200,3017500
20160412,38.5900,38.9300,38.0200,38.2600,2899300
20160413,39.8200,40.2900,38.6700,38.8900,2445900
20160414,38.4500,40.1200,38.4000,39.9600,2599600
20160415,38.2700,38.6900,37.6500,38.5100,2160700
20160418,38.8700,39.1100,37.9900,38.1500,2353800
20160419,35.6400,39.8500,35.2800,39.3700,13314300
20160420,37.3800,37.4400,34.4000,35.4300,17826900
20160421,42.5600,42.6200,37.0800,37.2500,18008800
20160422,43.7800,45.1700,42.6000,42.6000,12485700
20160425,43.2500,43.9200,42.6400,43.7000,4321500
20160426,43.4000,43.9100,42.5800,43.2500,3284800
20160427,43.7900,44.1400,42.6200,43.7400,5011300
20160428,42.4000,43.3600,40.7800,42.0000,7452500
20160429,40.9000,42.8000,40.6100,42.1900,5723600
20160502,41.9800,42.0600,40.3600,40.7700,3331600
20160503,41.4500,41.9200,41.0000,41.6400,3062200
20160504,41.1700,42.5400,40.9000,41.2100,2964100
20160505,41.4300,42.2100,40.7900,41.5400,2912200
20160506,41.3200,41.6700,40.9000,41.1000,1859700
20160509,40.4300,42.0000,40.3900,41.3100,2479200
20160510,41.0400,41.1700,40.1800,40.5500,2388100
20160511,40.4700,40.9600,40.2300,40.6200,1786800
20160512,39.9300,41.5100,39.5200,40.8400,1669300
20160513,39.5300,40.1300,39.3100,39.8300,1650500
20160516,39.3300,40.0000,38.7900,39.6000,2500200
20160517,39.4200,40.3900,39.1900,39.3000,2128500
20160518,38.8600,39.4200,38.2500,39.2000,2384000
20160519,38.4100,38.8800,37.9500,38.5600,1968800
20160520,39.0500,39.2700,38.4200,38.4900,1857900
20160523,39.9500,40.9800,39.9000,40.0100,4084900
20160524,41.3000,41.3900,40.2000,40.2000,3797100
20160525,41.9900,42.2100,41.3600,41.4400,3373600
20160526,42.5300,42.6500,41.8000,42.0300,3278300
20160527,44.2400,44.8300,42.7100,42.7300,5533800
