20150529,89.9300,91.0200,89.4600,90.6000,1290700
20150601,89.5700,90.1300,89.1400,90.0000,940700
20150602,90.2000,90.7300,89.3400,89.3400,688400
20150603,89.1400,90.7500,88.6400,90.6200,1236500
20150604,88.6200,88.9800,87.6400,88.3900,1242100
20150605,89.1200,89.9400,88.1300,88.3400,656800
20150608,88.5500,89.4500,88.5000,88.9400,754600
20150609,88.0800,89.0900,87.9600,88.6600,866700
20150610,89.6200,90.0000,88.3200,88.7600,896900
20150611,89.4600,90.2500,89.2200,89.8000,563100
20150612,88.8900,89.4400,88.4400,89.1100,642100
20150615,87.7800,88.4100,87.5300,88.3500,726200
20150616,87.7900,87.9500,86.8900,87.5200,931600
20150617,87.4700,88.1400,86.6400,87.9500,616900
20150618,88.8800,89.0200,87.5200,87.8600,647500
20150619,89.2900,89.6700,88.7900,88.7900,870300
20150622,89.8400,90.1500,89.1700,89.7500,431700
20150623,89.1700,90.1900,88.9000,89.6700,380000
20150624,87.7400,89.3300,87.2100,89.2400,599400
20150625,86.5800,88.0300,86.3800,88.0300,624900
20150626,86.4800,87.3700,86.1300,86.8900,814500
20150629,84.1500,86.4300,84.1200,85.7800,645000
20150630,83.9300,85.0000,83.9100,84.8400,714000
20150701,85.3200,85.7200,84.3100,84.7400,924200
20150702,85.3700,85.9700,84.7600,85.7700,528500
20150706,85.8500,86.3900,84.1000,84.4400,709400
20150707,86.4500,86.4700,84.1500,85.7900,1156100
20150708,85.3900,87.6600,85.1100,85.8800,883400
20150709,85.9200,87.0100,85.7800,86.4800,891500
20150710,90.3600,90.6200,86.9900,87.0900,1149300
20150713,90.4300,91.0000,90.0500,90.6300,732700
20150714,89.9900,90.5300,89.8300,90.1800,750000
20150715,89.0300,89.9700,88.5100,89.9000,624100
20150716,90.7000,91.0200,88.9600,89.4600,1117800
20150717,91.6700,91.7500,90.4800,90.6000,651800
20150720,94.0300,94.1200,91.1300,91.7800,1223200
20150721,93.5000,94.0700,92.7400,93.8700,764500
20150722,93.8900,95.2300,92.8800,93.3500,1065500
20150723,91.8900,94.2200,91.5100,94.1200,1004400
20150724,89.7900,91.9900,88.9800,91.8400,1105000
20150727,88.2400,89.9300,87.9500,89.4000,1122800
20150728,89.1500,89.6300,87.6800,88.6200,891800
20150729,91.1200,91.4800,89.0400,89.0400,844600
20150730,91.5000,91.5500,90.1900,90.7400,624500
20150731,91.0200,92.1600,90.8300,91.3100,661600
20150803,89.6600,91.0700,89.5000,91.0700,1208500
20150804,96.0500,97.2400,90.1900,90.1900,2840700
20150805,97.4300,98.0000,96.0100,96.9800,1482500
20150806,95.3000,97.7500,94.4700,97.7500,1276700
20150807,94.5100,95.4500,93.6900,94.8100,893700
20150810,95.9800,96.8000,95.2200,95.5700,1180100
20150811,96.2300,96.7900,94.8100,95.5000,1262200
20150812,97.2600,97.3400,95.1500,95.7500,1153600
20150813,96.8900,97.7500,96.1900,97.5700,517300
20150814,97.7700,98.2000,96.7600,96.8800,658300
20150817,98.8100,99.0400,97.2700,98.6200,857400
20150818,99.0500,99.4100,98.3500,98.7900,712800
20150819,96.8000,98.8600,96.2400,98.3900,698300
20150820,93.3900,96.3800,93.1700,95.9000,1268000
20150821,91.6600,93.0500,90.8000,92.5000,1316700
20150824,88.3400,91.9200,86.5900,87.0600,2603600
20150825,86.0100,91.2500,85.9300,91.2500,1686500
20150826,87.4300,88.1200,85.1100,88.0000,1773700
20150827,91.6100,92.0800,88.1300,88.4400,2617400
20150828,92.4200,92.5900,90.5500,91.1800,1412700
20150831,93.6200,95.3300,91.6500,92.0000,1464600
20150901,91.9200,93.0000,91.0000,91.2000,1516600
20150902,95.6000,95.6100,92.1200,92.7900,1350100
20150903,97.4300,99.2000,95.2600,96.5200,2390600
20150904,95.3100,96.5100,94.0300,96.2200,1319700
20150908,98.5100,98.5700,96.0900,96.8000,863300
20150909,98.6400,101.0000,98.4700,99.4100,1376500
20150910,98.2500,99.7200,97.8900,98.6700,1275600
20150911,99.1300,99.1800,97.5700,97.8800,700700
20150914,99.8400,99.9400,98.3700,99.1400,1124200
20150915,100.0900,100.4900,99.6600,100.3600,1096900
20150916,101.2800,101.7200,99.8600,100.0200,900900
20150917,101.2000,102.6500,100.5000,101.2800,822500
20150918,98.9500,101.1700,98.3700,100.1800,1910400
20150921,99.8300,100.4600,99.1100,99.7200,819300
20150922,97.2600,98.7500,96.3000,98.1900,1157500
20150923,93.7100,97.4900,92.0000,97.4900,2306500
20150924,92.3300,92.9600,89.3200,92.5000,2265400
20150925,92.0200,93.8100,91.0100,93.2000,1358800
20150928,86.6600,91.6000,85.8600,91.5800,2178000
20150929,85.1500,88.8100,84.3700,87.0400,2072200
20150930,89.2000,89.3300,86.3100,86.3100,1730400
20151001,92.9300,93.1600,89.3700,89.5700,1977700
20151002,95.6100,95.6100,90.9700,91.4800,1724100
20151005,95.4200,97.9900,94.2900,96.6600,1608000
20151006,92.9600,95.7000,91.4900,95.2500,1560400
20151007,94.4500,95.0700,93.2300,93.7400,1476600
20151008,95.4900,96.0500,93.2200,93.9600,1000000
20151009,94.9000,96.0000,94.6700,95.6600,1049100
20151012,94.2000,95.5600,94.1700,94.9200,781300
20151013,91.0100,94.4800,90.9000,93.5700,1224500
20151014,89.8900,91.5200,88.8800,90.9600,2230500
20151015,91.4900,92.2500,89.7000,90.7900,1972900
20151016,91.4200,92.3700,90.8400,91.9700,852400
20151019,89.4200,92.1000,88.6900,91.0900,1176500
20151020,89.1800,90.2100,88.7300,89.2300,990200
20151021,88.1000,90.2800,87.4000,90.0600,1180600
20151022,93.3100,93.5500,87.8400,88.6300,1858900
20151023,94.5000,95.0200,93.3000,93.9100,1304600
20151026,92.0000,94.7400,91.4600,94.2200,1314200
20151027,91.6000,91.7200,89.8500,91.0000,956100
20151028,94.7600,95.5800,91.5600,92.1400,842600
20151029,94.8400,95.0200,93.6800,94.2200,649300
20151030,96.5800,97.5900,94.8500,94.8600,1381700
20151102,96.6800,97.5800,95.2200,96.5800,1564000
20151103,94.7900,97.7600,90.4100,97.1800,3929200
20151104,97.0400,97.1900,92.5000,94.9100,2275400
20151105,101.5900,102.2100,96.7900,97.2200,2373600
20151106,102.1500,103.4400,100.6700,101.3600,1579500
20151109,100.6300,102.4900,99.2800,102.3400,1069900
20151110,100.0900,101.8100,99.6600,100.1900,1184900
20151111,101.5900,103.0000,100.5600,100.6900,868500
20151112,99.0200,101.7800,98.8900,100.8300,787800
20151113,99.1800,101.3400,98.0000,98.8100,636600
20151116,101.6700,101.7200,98.6100,99.2600,1143800
20151117,101.5700,102.9900,101.0000,102.0000,699500
20151118,103.0900,103.3600,99.6200,101.4000,950300
20151119,104.7500,105.7700,103.1700,103.6500,917800
20151120,105.7000,106.0000,104.7500,105.0800,840800
20151123,105.5200,106.8400,104.6400,105.7800,731000
20151124,104.7300,105.7200,103.7200,104.5900,901500
20151125,103.3800,105.0200,102.9400,104.5500,644700
20151127,103.9900,104.4000,103.2200,103.7200,265300
20151130,102.6700,104.4400,102.1400,104.0000,1079900
20151201,103.7200,103.8200,101.7700,103.0900,1408700
20151202,103.0600,104.7500,102.6300,103.8100,1141900
20151203,98.6100,103.1400,97.8600,103.0700,1531600
20151204,99.5400,100.4300,98.2300,99.1400,1204600
20151207,97.9300,99.5500,96.4500,99.5500,1465900
20151208,98.3000,98.6600,96.3400,96.8500,862700
20151209,94.7200,98.7000,94.0200,98.0200,1374500
20151210,95.6300,96.8200,92.8600,94.4600,1618300
20151211,94.2800,95.8000,93.8800,94.4600,1254900
20151214,94.6900,95.3500,93.5500,94.5000,939100
20151215,95.5500,97.1400,95.3000,95.3000,853200
20151216,97.5500,98.0300,95.0400,95.7600,1031600
20151217,94.7000,97.6600,94.6600,97.6100,737000
20151218,93.8400,95.2000,93.0100,94.0800,2172900
20151221,95.3900,95.6000,93.9700,94.3800,972000
20151222,95.4900,95.8200,94.6600,95.5800,693000
20151223,96.8500,97.4600,95.9700,96.1400,790500
20151224,96.8200,97.5500,96.5500,96.8600,261500
20151228,95.8200,96.6000,94.6900,96.2300,511000
20151229,96.5600,97.4000,95.8700,96.9300,576600
20151230,95.5900,96.8600,95.2400,96.2100,455500
20151231,94.9700,96.0700,94.5200,95.1200,689000
20160104,92.4200,93.5000,89.9100,93.5000,1571600
20160105,92.5500,93.2400,92.0100,92.7500,745000
20160106,90.4000,92.5200,89.7500,91.0200,1063300
20160107,88.3000,90.4100,87.7500,88.5300,1953200
20160108,86.2500,89.2900,85.9200,88.4500,1276200
20160111,85.8600,87.5300,84.6800,86.9800,2340500
20160112,86.7100,88.1800,85.6600,86.7300,2116300
20160113,83.5500,87.2400,82.9000,86.8900,1659100
20160114,85.3100,85.8700,82.5600,83.6700,2195300
20160115,83.8400,84.4000,81.8800,82.5000,1109100
20160119,82.5200,85.4700,81.5000,85.1000,1301600
20160120,81.6000,83.1500,78.8300,80.9100,1545400
20160121,82.2400,83.3900,80.3400,82.0900,1004000
20160122,85.3700,88.0700,83.7100,83.7300,1289100
20160125,82.8900,85.6100,82.5300,84.6500,937400
20160126,84.2300,84.2800,82.6400,83.0900,773900
20160127,83.6600,85.6700,83.1300,84.3300,815500
20160128,83.2400,85.5600,82.9800,84.6600,578900
20160129,88.2000,88.9700,83.0900,83.3700,1897600
20160201,87.0700,88.2900,86.8400,87.5400,1710900
20160202,86.9300,87.8400,85.6900,86.6400,1965400
20160203,88.0200,88.6500,85.2000,88.1100,2036400
20160204,93.7700,95.4400,91.5000,92.2600,2703300
20160205,93.6400,94.4800,90.4000,93.9000,1663100
20160208,89.2200,92.1800,87.1700,91.9900,1785500
20160209,91.0100,94.7400,87.3800,88.2000,1856100
20160210,93.0800,94.2500,91.3700,91.8500,1757800
20160211,89.9900,91.9300,88.8300,91.4200,1559900
20160212,92.0200,92.4800,89.5000,91.6100,1530200
20160216,93.2600,94.0800,91.8000,93.8600,1067300
20160217,95.3400,97.0400,93.8000,94.3900,1319000
20160218,94.1200,95.5100,93.7100,94.6700,956000
20160219,94.8800,95.9600,92.2600,93.7800,924200
20160222,96.0500,96.8200,94.6800,94.6800,872200
20160223,94.4800,96.2600,93.9500,95.2400,947700
20160224,97.3500,97.8400,93.2400,93.6700,1514600
20160225,97.9800,98.8500,96.0600,97.3000,655000
20160226,98.7300,99.7000,98.4600,99.2700,1049600
20160229,98.5300,99.5700,98.5100,98.9800,970200
20160301,101.6200,102.2600,98.2800,99.7600,1036900
20160302,102.2400,102.4900,100.3000,101.1700,1177200
20160303,102.7100,103.1700,101.2300,102.5000,1095500
20160304,101.7600,103.3700,101.2800,102.8800,1255600
20160307,103.0200,103.1700,100.8800,101.3200,1123800
20160308,102.1300,103.0500,100.6100,101.8400,1248500
20160309,102.5600,103.2600,101.5800,103.2300,1156200
20160310,103.2200,103.7500,101.9100,103.0000,931600
20160311,104.1300,104.6700,102.9400,104.2000,736200
20160314,103.7500,104.3600,102.6900,103.9800,1030100
20160315,103.5200,104.2600,102.3000,102.8300,799500
20160316,103.5800,103.7400,102.4600,103.3100,1001500
20160317,104.6900,105.2700,103.0400,103.2200,1090000
20160318,105.4200,105.6900,104.5700,104.9200,1328200
20160321,104.9100,105.4600,104.3800,105.4200,674700
20160322,104.9500,105.3700,104.1800,104.4800,848000
20160323,104.6000,105.5900,104.0800,104.2900,756000
20160324,105.1100,105.1500,104.0400,104.4000,534300
20160328,105.5900,106.2200,105.1900,105.1900,617300
20160329,105.9300,106.7600,105.0100,105.2200,678000
20160330,105.4900,106.4600,104.6500,106.0400,664100
20160331,105.5700,106.7800,104.3300,105.6800,1162600
20160401,107.2100,107.7800,104.9800,105.2500,1155800
20160404,106.0000,107.0400,105.1400,107.0400,784500
20160405,105.5600,105.8300,104.6100,104.8500,894900
20160406,106.6600,107.5800,105.4700,105.5500,1212700
20160407,105.8500,106.1800,105.0800,105.9600,788400
20160408,108.0000,109.0000,106.9200,106.9200,1216600
20160411,106.5400,109.6300,106.4700,109.0800,1094300
20160412,106.5400,106.9000,105.7700,106.4800,1101300
20160413,106.7800,107.5700,105.0500,107.4400,1410500
20160414,106.5800,107.0000,106.1200,107.0000,824300
20160415,107.0000,107.1100,106.2700,106.6400,548400
20160418,108.0800,108.3400,106.4900,106.7700,412000
20160419,107.8100,108.9200,107.2200,108.3100,641700
20160420,108.7100,109.6000,107.1200,107.5500,852200
20160421,107.9600,109.6000,107.8800,109.2400,642700
20160422,108.8900,109.4300,107.8900,108.2400,622400
20160425,109.0600,109.1600,108.3300,108.8400,505300
20160426,109.2100,109.9400,108.2900,109.5500,702300
20160427,110.8400,111.1500,109.2600,109.4300,669000
20160428,108.6800,110.9600,108.5500,109.8800,1003600
20160429,107.6300,108.4300,106.4700,108.1900,1006400
20160502,109.0600,109.4800,107.5600,108.2600,975200
20160503,113.7300,114.2100,109.3600,111.7000,2746700
20160504,112.2600,114.1100,109.6200,113.4000,2293700
20160505,114.5000,114.5200,112.2000,113.2800,1441300
20160506,114.4300,114.8500,112.5100,114.2500,970900
20160509,115.5700,115.9300,114.1000,114.2500,760000
20160510,117.5900,117.6900,115.3100,115.9900,1024400
20160511,115.2300,118.0000,115.1500,117.2900,840100
20160512,116.1200,117.1200,114.9200,116.0200,841900
20160513,115.6400,116.5700,115.1600,115.7500,594300
20160516,116.1400,117.5700,116.0800,116.4300,846200
20160517,115.6500,116.4800,114.8300,115.8800,734800
20160518,115.5100,116.5600,114.8700,115.2000,496400
20160519,113.8900,114.8700,113.3500,114.6300,951200
20160520,115.7500,116.1800,114.6300,114.6500,1134400
20160523,117.5700,118.1000,115.8000,115.8000,800500
20160524,119.1300,120.1000,117.5600,118.4700,941400
20160525,120.0700,120.3100,119.3100,119.3100,664700
20160526,119.2600,120.4000,118.7900,120.0700,974000
20160527,118.1200,119.3200,117.7500,119.2000,1019400
