20150529,99.8900,101.8500,99.5800,101.3900,1763900
20150601,101.0500,101.4900,99.7100,100.0000,686300
20150602,100.2200,100.7600,99.5000,100.7100,712800
20150603,99.3700,100.5800,98.8500,100.2200,758500
20150604,99.5000,99.9200,98.6200,99.3700,758600
20150605,98.1900,99.1700,97.7300,98.7500,1061300
20150608,97.7900,98.4300,97.6100,97.9700,576700
20150609,97.3000,98.0700,97.1300,97.7000,502800
20150610,98.2500,99.4800,96.9900,97.4800,777800
20150611,98.3600,98.9100,98.2100,98.6100,601800
20150612,98.0300,98.5300,97.6000,98.1800,563200
20150615,97.7300,98.3500,97.4500,97.8000,1032300
20150616,98.4600,98.7000,97.5500,97.7900,517000
20150617,99.3000,99.5500,97.6300,98.4500,552900
20150618,101.2900,101.5800,99.1600,99.4900,1000400
20150619,100.1000,101.1300,99.7700,100.7000,1248800
20150622,99.5100,100.8700,99.3500,100.2900,1179800
20150623,98.7600,100.9100,98.6100,99.3700,867700
20150624,97.2300,99.1100,97.2300,98.9300,1190500
20150625,96.0600,97.3600,96.0600,97.3500,1159500
20150626,96.6900,97.0500,95.6500,96.1800,1214900
20150629,94.8900,97.0400,94.8200,96.5900,892800
20150630,94.9300,96.3900,94.5500,96.3900,939900
20150701,96.4200,96.4200,93.4200,93.9400,912600
20150702,96.2700,97.7700,95.9400,96.9000,692100
20150706,96.5000,97.1000,95.8000,95.8000,725200
20150707,97.9800,98.3200,96.9300,97.1200,940200
20150708,97.2600,98.3800,97.1100,97.4500,413500
20150709,96.8700,98.4000,96.6400,97.6800,528800
20150710,97.1300,98.1100,96.8900,97.4700,713400
20150713,96.8400,98.3500,96.2800,97.0700,793800
20150714,97.0400,97.4100,96.3000,97.0100,481700
20150715,97.2500,97.4800,96.5300,96.8600,472100
20150716,98.2300,98.9600,97.4600,97.6400,514000
20150717,97.3100,98.2800,97.1100,98.1300,1161900
20150720,96.7900,97.2900,96.5100,97.2200,830700
20150721,96.4700,97.4600,96.4400,96.8700,925200
20150722,96.9400,97.3000,96.3800,96.5600,1085800
20150723,95.8900,96.8000,95.1400,96.7700,715000
20150724,96.0300,96.4300,95.4200,95.7200,595300
20150727,96.3100,96.9700,95.8300,95.9100,788200
20150728,96.2700,96.6600,95.7200,96.2300,498300
20150729,97.0500,97.3100,95.4000,96.2200,693200
20150730,96.4300,97.1500,96.1300,97.0000,454600
20150731,97.5500,98.1200,97.1600,97.6500,1084300
20150803,97.8800,98.1300,97.0000,97.5800,513800
20150804,96.6900,97.9500,95.7300,97.6000,781800
20150805,95.6400,97.1000,95.4100,97.0700,803000
20150806,95.1700,95.8000,93.8500,95.6400,863900
20150807,95.1300,96.1000,93.7100,94.7300,721900
20150810,95.8300,96.1700,95.2500,95.7500,758600
20150811,96.5500,97.0600,95.2200,95.7200,734600
20150812,96.9000,96.9200,95.7600,96.0600,567300
20150813,97.0500,97.5800,95.7700,96.5800,735800
20150814,96.9300,97.0400,96.0900,96.8500,613800
20150817,96.9400,97.8600,96.0900,96.9000,650100
20150818,96.6800,97.2800,96.3000,96.7600,599200
20150819,95.4300,96.4800,95.0500,96.1900,587000
20150820,94.4300,95.2200,94.2200,94.9700,813300
20150821,92.1600,94.3300,92.1200,93.8600,1148300
20150824,87.4300,92.5300,87.1400,92.1600,1512300
20150825,84.8000,89.3500,84.7300,89.3500,1191900
20150826,88.1200,88.2900,85.4400,86.2500,1320000
20150827,90.2800,91.2400,88.4700,88.5900,980700
20150828,89.5200,90.8100,88.7400,89.8900,929900
20150831,87.1900,90.1200,87.1300,89.2700,1183600
20150901,85.9800,87.1300,85.1800,85.8000,1082500
20150902,87.2300,87.5900,86.3400,86.7600,729900
20150903,87.2800,88.1900,87.0300,87.4600,806100
20150904,84.9200,86.5700,84.6000,86.4800,996300
20150908,86.6100,86.8300,85.4600,86.3700,959600
20150909,86.0400,87.6000,85.8100,87.5500,845000
20150910,86.8700,87.8200,85.7000,85.7000,770000
20150911,88.8700,88.8900,86.2600,86.6000,851400
20150914,88.5000,89.0900,88.1100,89.0900,711700
20150915,89.8000,89.9900,88.0000,88.5100,816100
20150916,90.9900,91.2200,89.2600,89.6000,642900
20150917,92.0200,93.6100,90.6200,90.8800,835700
20150918,91.7600,92.9000,90.5400,90.5400,1499900
20150921,92.3300,93.0100,91.6500,92.0500,656600
20150922,91.0300,92.1300,90.7600,91.6700,873300
20150923,91.3800,91.8400,90.5400,91.0900,567600
20150924,90.5900,91.5300,90.0200,90.9700,799400
20150925,91.1100,91.7700,90.2500,91.3900,510200
20150928,89.6600,90.7400,89.2400,90.4000,725900
20150929,90.6300,90.8100,89.5500,89.6900,613300
20150930,90.4200,91.5600,89.8400,91.3300,1010200
20151001,90.5700,90.9600,89.3200,90.8500,708400
20151002,91.7000,91.7100,89.5700,90.3000,659300
20151005,92.9000,92.9700,91.7300,92.1500,658100
20151006,92.8800,93.2900,92.1600,92.6900,512600
20151007,94.3000,94.3700,92.9600,93.0100,952800
20151008,95.8800,95.9500,93.7800,94.0300,785200
20151009,95.2300,96.0000,94.6800,95.8200,556800
20151012,96.2400,96.2900,95.1100,95.3000,667400
20151013,95.6900,96.5000,94.9900,96.1000,786300
20151014,95.4200,96.2100,94.9900,95.9400,534500
20151015,97.6300,97.6900,95.6200,95.9400,1098500
20151016,98.2700,98.8100,97.8200,98.1600,676800
20151019,100.2300,100.2700,98.0000,98.1500,776800
20151020,99.5200,100.5900,98.8400,99.7500,777800
20151021,98.8200,100.3000,98.7800,99.8800,534900
20151022,100.2100,100.6100,98.9500,99.2100,821000
20151023,99.5300,100.7800,98.7900,100.1100,1101400
20151026,99.7600,99.8800,99.0600,99.7400,618500
20151027,99.5400,100.0300,98.9400,99.4700,504100
20151028,100.7200,100.7500,98.5100,99.6900,972600
20151029,100.7000,100.8100,99.9700,100.1700,454100
20151030,100.5500,100.8700,100.0900,100.6900,1478000
20151102,103.4100,103.4100,98.3100,100.5600,935700
20151103,100.8000,103.2600,98.7100,103.2600,1287200
20151104,99.9000,101.3400,99.5300,101.0000,994800
20151105,99.7800,100.0100,99.1200,99.7000,918800
20151106,96.4800,98.2000,95.5500,97.7600,991100
20151109,95.0000,96.6700,94.1000,96.4800,855400
20151110,95.7000,96.1300,95.0100,95.1100,771500
20151111,95.9900,96.2700,95.4200,96.0300,594700
20151112,94.7500,95.9400,94.6600,95.6900,511500
20151113,93.5800,95.6600,93.4400,94.6300,569600
20151116,94.6700,94.7000,93.0600,93.5800,563300
20151117,94.1600,95.2900,94.1300,94.3800,446800
20151118,95.6400,95.7500,94.1200,94.6400,472400
20151119,96.1900,96.4700,95.3800,95.8100,430700
20151120,97.1900,97.3800,96.6100,96.7100,784900
20151123,97.2600,97.5100,96.8700,96.9800,418500
20151124,97.3400,97.6300,96.2200,96.7700,756700
20151125,96.8600,97.8200,96.3700,97.2700,589400
20151127,97.5500,97.8300,96.6000,96.6500,312600
20151130,96.7600,97.9700,96.6000,97.7300,949100
20151201,98.8200,98.8500,97.1200,97.4100,694500
20151202,97.0600,99.1100,96.8700,98.2100,728600
20151203,96.3800,97.0500,95.8100,96.5000,968800
20151204,97.7900,98.4900,96.5100,96.8400,721000
20151207,98.1400,98.4200,97.1900,97.6500,673600
20151208,98.0000,98.4000,97.3100,97.9600,566300
20151209,97.5300,98.2900,96.7100,97.5000,573000
20151210,96.9000,97.9000,96.3300,97.5500,702300
20151211,96.6000,97.3100,95.7900,96.2300,921000
20151214,97.6500,97.7100,95.7100,96.4700,943700
20151215,98.3300,99.1000,98.1700,98.2000,1026000
20151216,100.1600,100.5100,98.1300,98.7600,984700
20151217,99.4300,101.3300,99.4200,100.0800,955800
20151218,97.5000,99.2600,97.4700,99.0500,1443000
20151221,97.4500,98.8700,96.8000,98.5500,660800
20151222,98.0300,98.6700,97.9000,98.0600,896400
20151223,99.9100,99.9400,98.2200,98.3400,613100
20151224,99.8100,100.2200,99.3100,99.9900,207300
20151228,100.4800,100.5800,99.0700,99.4400,394900
20151229,101.4800,101.7200,100.5000,100.9500,593800
20151230,101.1600,101.9000,101.0800,101.3100,337300
20151231,99.9600,101.2700,99.8900,101.0200,578500
20160104,98.4200,99.3300,97.4900,98.9000,677900
20160105,99.7200,99.9700,98.4900,98.8000,571200
20160106,99.2500,99.5000,98.2200,98.9400,780000
20160107,98.2700,98.7700,97.6300,97.8300,1129800
20160108,96.1500,98.9700,95.9300,98.3300,678600
20160111,95.6800,97.9500,95.5600,96.4700,920300
20160112,94.2800,96.1500,93.9600,96.1500,973700
20160113,92.9300,94.8600,92.7800,94.4100,848600
20160114,92.5400,93.8100,92.1300,93.2600,820700
20160115,90.8400,92.7800,90.5900,92.7800,1288900
20160119,91.1500,92.2700,91.0200,91.6500,729700
20160120,88.4400,90.8700,86.7300,90.2400,1255000
20160121,88.8500,89.8100,87.8200,88.9100,852800
20160122,90.7700,91.5600,90.0200,90.0300,1288900
20160125,90.1600,91.8800,89.9900,90.6600,627400
20160126,92.0600,92.0700,90.0700,90.3700,974500
20160127,91.1500,91.8000,90.4500,91.6600,744200
20160128,86.9400,91.6800,86.6000,90.8500,1900000
20160129,88.4600,89.1700,85.9600,88.0000,3011900
20160201,87.8400,88.8500,87.0800,87.5100,1474600
20160202,85.2400,89.7000,84.9700,87.5000,1673000
20160203,86.1100,86.4400,84.5700,85.7700,845100
20160204,86.0900,86.7800,84.5200,85.9100,1096600
20160205,84.2600,86.3100,84.2100,85.7200,1294100
20160208,80.7200,84.3300,79.3500,83.7700,1465500
20160209,80.4300,81.2100,79.3900,80.1800,1495700
20160210,81.1000,82.7400,80.1000,80.8000,1272700
20160211,80.1500,80.9200,78.9100,79.8600,2589300
20160212,81.1300,81.5100,80.4800,80.8500,1272700
20160216,82.4200,82.7700,81.0600,81.9300,2622500
20160217,82.6200,83.5900,80.8400,82.5000,1962900
20160218,84.3000,84.8800,82.1200,82.5100,1241500
20160219,85.0200,85.6400,83.1000,83.8500,2065000
20160222,87.3100,87.5100,85.6600,85.6600,1179800
20160223,86.6600,88.1600,85.2300,86.8100,1187900
20160224,85.8500,86.7300,85.1000,86.2300,792000
20160225,86.4100,87.3300,85.3200,86.6200,1113000
20160226,86.1500,87.0300,85.9900,86.4600,683900
20160229,86.3600,87.5100,85.9600,86.2900,1060400
20160301,89.2600,89.2900,86.7500,86.9300,1018500
20160302,90.3900,90.3900,89.2300,89.3000,554100
20160303,91.0800,91.0800,89.9200,90.7100,566800
20160304,92.5100,92.7200,90.8500,91.0400,1023800
20160307,91.8600,92.2100,91.1700,91.7000,600100
20160308,89.6400,91.6500,89.5300,91.5700,1024100
20160309,89.4700,90.7100,89.1300,90.3100,785800
20160310,88.7400,90.1300,87.7800,90.1300,758600
20160311,91.9900,92.0800,89.0200,89.7100,708600
20160314,91.4400,91.9700,90.0300,91.5800,544600
20160315,91.5300,91.6500,90.4800,90.7500,461000
20160316,93.0400,93.2300,90.9600,91.1000,436300
20160317,93.9400,94.3400,92.7900,93.1600,701700
20160318,93.4400,94.8600,93.4100,94.0600,1223300
20160321,92.6700,94.0000,92.4100,93.2900,673500
20160322,92.4300,92.8600,91.9400,92.4700,561400
20160323,91.1700,93.0200,91.1300,92.3700,676200
20160324,91.2600,91.3300,89.9400,90.5500,556900
20160328,92.2200,92.5200,90.9100,91.3400,476700
20160329,94.4500,94.4900,91.1300,92.0000,613000
20160330,93.9700,95.0700,93.8800,94.5900,541300
20160331,94.4300,94.6300,93.7300,93.9500,778300
20160401,94.7100,95.1700,93.5200,93.9400,689700
20160404,94.9000,95.3200,94.7100,94.7100,521500
20160405,94.1900,95.0100,93.9900,94.4700,665300
20160406,95.0900,95.2900,92.9500,94.0500,616100
20160407,93.7000,94.8700,93.1000,94.6800,487200
20160408,94.6900,95.5300,94.2700,94.2700,389000
20160411,94.6300,95.7600,94.5500,95.2400,470300
20160412,96.8900,97.5500,95.2600,95.3500,1283600
20160413,96.0400,97.4000,95.6900,97.3700,928800
20160414,95.7400,96.1700,95.2900,95.8500,445600
20160415,95.9600,96.4600,95.5500,95.9500,846100
20160418,95.8000,96.0600,95.0800,95.7400,666200
20160419,96.0600,96.4900,95.8000,96.1400,600600
20160420,94.8100,96.1200,94.6700,95.8900,671100
20160421,94.1300,95.8900,93.6500,95.0000,651300
20160422,95.4200,95.4600,94.2200,94.5900,682300
20160425,96.1600,96.3500,95.2600,95.3100,772800
20160426,96.6400,97.3300,96.2000,96.6200,446700
20160427,96.2900,96.6900,95.4000,96.6400,541400
20160428,95.8200,96.1600,95.0700,95.5000,691000
20160429,95.7300,95.9300,94.2000,95.6900,1137800
20160502,97.4300,98.0000,96.1000,96.1000,726700
20160503,94.6700,95.7600,93.5700,95.2900,1369900
20160504,94.7200,94.9200,93.7500,93.7700,1057100
20160505,95.2600,95.3700,94.2100,94.6400,1038900
20160506,95.8500,96.0000,93.3500,94.4400,1367600
20160509,96.8900,96.9800,95.3400,95.9600,1010900
20160510,97.5300,97.9000,96.7400,97.4400,997100
20160511,96.0600,97.3400,94.9500,97.3400,1438300
20160512,96.6900,97.1900,95.5900,96.4600,1012500
20160513,95.2000,96.1800,94.8500,96.1800,753300
20160516,96.8600,97.3100,95.2900,95.6500,681400
20160517,95.6500,96.7300,95.1200,96.5700,909100
20160518,93.8100,95.6500,92.6100,95.2600,1349900
20160519,92.6600,93.2900,90.1300,92.7100,743500
20160520,92.9300,93.9500,92.4600,93.2500,758000
20160523,93.1900,93.5000,92.3200,93.1500,650000
20160524,95.0100,95.0900,93.8100,93.8100,1033100
20160525,95.0800,95.4900,94.6800,95.1000,728700
20160526,94.7200,95.3000,94.4300,94.9900,475900
20160527,95.2100,95.7300,94.4700,94.7900,378100
