20150529,63.1900,64.1700,63.0200,63.6600,1514400
20150601,63.2600,63.8100,62.7700,63.6200,682900
20150602,62.3100,63.1900,61.7600,62.9500,1147200
20150603,62.9800,63.2700,62.1700,62.4300,987200
20150604,62.7200,63.5900,62.6500,62.7500,947500
20150605,62.6500,63.0800,62.4700,62.7600,600800
20150608,62.0100,62.7800,61.9900,62.7200,626700
20150609,61.5400,62.2800,61.5000,61.9200,646900
20150610,62.8100,63.2300,61.6400,61.9000,912300
20150611,63.1000,63.7800,62.7500,62.9700,1358600
20150612,62.9500,63.4000,62.8100,63.0800,416900
20150615,62.5000,62.6000,61.8900,62.5200,474300
20150616,63.0100,63.1400,62.2000,62.2000,516400
20150617,63.4700,63.9200,62.8200,63.3000,668500
20150618,64.6300,64.6600,63.6700,63.7400,1086100
20150619,64.1900,64.6900,63.8900,64.4500,1805700
20150622,64.3900,64.8800,64.1200,64.6400,651800
20150623,64.1700,64.5200,63.7400,64.5200,591200
20150624,63.3300,64.0900,63.2800,64.0900,652400
20150625,63.2800,63.7000,63.1300,63.5100,431600
20150626,62.9500,63.5400,62.6500,63.3900,800000
20150629,61.3800,62.7200,61.3100,62.5000,648800
20150630,61.7200,62.1300,61.5100,61.9700,1015900
20150701,63.3000,63.3800,62.2900,62.3900,1093100
20150702,62.8700,63.6600,62.4900,63.3200,720900
20150706,62.7800,63.1400,62.1600,62.3100,551800
20150707,63.1000,63.1500,61.8100,62.7300,1359800
20150708,61.5000,62.8600,61.4200,62.5400,844400
20150709,62.2100,62.8400,62.1500,62.2900,587200
20150710,63.1900,63.4100,62.8200,62.9800,400400
20150713,64.0600,64.1000,63.4200,63.5900,423800
20150714,64.1900,64.6600,63.8800,64.1300,568500
20150715,64.3000,64.7300,63.9900,64.2700,744500
20150716,64.9500,65.1200,64.3300,64.6300,594800
20150717,65.0200,65.3700,64.7900,65.2000,516500
20150720,65.5300,65.7100,64.7600,65.0100,576800
20150721,65.0800,65.6800,65.0300,65.4000,742200
20150722,65.8500,65.8800,65.0000,65.0200,817800
20150723,66.0200,66.4000,65.6300,65.8500,1227600
20150724,67.7300,70.9900,65.1500,65.8300,2755500
20150727,67.9300,68.2500,67.2400,67.3300,1903000
20150728,69.9700,70.0800,68.0900,68.5200,1440300
20150729,70.5400,70.5500,69.6100,70.1300,1547800
20150730,71.0300,71.2700,70.0500,70.4000,1031500
20150731,70.9400,71.7300,70.8000,71.2300,867500
20150803,70.6300,70.8900,69.9700,70.6100,843100
20150804,70.8800,71.0800,70.3200,70.4500,581100
20150805,71.0700,71.8200,70.8300,71.3500,897900
20150806,70.6200,71.2700,70.1700,71.0400,976200
20150807,70.9000,71.1800,70.2400,71.0000,937400
20150810,71.3700,71.6400,71.2000,71.5500,585400
20150811,70.8600,71.2900,70.3900,70.9300,1521200
20150812,70.7200,70.7800,69.8900,70.4100,1410600
20150813,70.6200,71.0000,69.9300,70.7000,565800
20150814,71.0900,71.1800,70.3900,70.6300,591400
20150817,71.1900,71.3600,70.7100,71.1500,606400
20150818,70.9300,71.5800,70.8200,71.1900,521400
20150819,70.5800,71.1600,70.4000,70.7800,710500
20150820,69.1500,70.0200,68.9400,70.0000,1133700
20150821,67.8100,69.2100,67.7700,68.7100,1143700
20150824,65.9400,66.9700,64.0000,64.6000,1910700
20150825,65.9200,67.9200,65.7700,67.5500,1670100
20150826,68.0800,68.1300,65.9200,67.2900,1841300
20150827,69.8500,69.8600,68.2000,68.7100,1652400
20150828,69.5500,69.8600,68.4400,69.2100,920600
20150831,68.9400,69.6100,68.6500,69.4000,954400
20150901,66.5600,67.9500,66.2500,67.8400,754800
20150902,68.0400,68.0900,66.6100,67.6000,1121600
20150903,68.2300,68.7800,67.8500,68.2300,605100
20150904,67.1300,67.5300,66.7900,66.9800,640500
20150908,68.2300,68.4100,67.1000,68.3000,822600
20150909,68.1000,69.1700,67.9600,68.7600,825100
20150910,68.7900,69.1700,67.7600,67.7600,584000
20150911,69.1600,69.1600,68.3000,68.5000,476600
20150914,69.2200,69.4400,68.6600,69.3300,939900
20150915,70.1600,70.3100,69.0800,69.3200,771100
20150916,70.6100,70.7400,69.9900,70.2400,578400
20150917,70.4900,71.2900,70.2600,70.5900,546800
20150918,69.9500,70.3400,69.4800,69.6400,2215900
20150921,71.1000,71.1900,69.4400,70.1100,662400
20150922,69.8900,70.7300,69.6100,70.2300,508300
20150923,70.2500,70.7200,69.7200,70.0500,563500
20150924,69.6000,69.8600,68.7200,69.8400,567000
20150925,69.3100,70.2000,68.9300,70.1500,403900
20150928,67.6400,69.9900,67.3400,69.1600,818600
20150929,68.1900,68.2600,67.0400,67.5600,723600
20150930,70.5600,70.6800,68.9200,69.1200,1023600
20151001,71.4200,71.7500,70.2100,70.7600,1984600
20151002,73.3100,73.3200,70.5200,71.1500,1117300
20151005,74.8800,75.0000,73.3700,73.7000,1354000
20151006,73.2700,75.1700,72.9900,75.1100,1898000
20151007,74.5400,74.7100,73.2200,73.4400,1112700
20151008,74.7100,74.7500,73.1900,74.4000,665900
20151009,75.0700,75.1700,74.4400,74.7600,1105600
20151012,75.3000,75.6800,75.0000,75.2000,749600
20151013,74.5700,75.2900,74.5000,75.2200,588700
20151014,74.3300,75.1100,74.0900,74.6800,1962000
20151015,74.6600,74.9000,74.0500,74.8300,496300
20151016,74.6700,75.0400,74.3100,74.9600,864100
20151019,75.5000,75.5500,74.1300,74.6100,570600
20151020,75.7900,76.1100,75.2600,75.6300,744200
20151021,74.4600,76.1400,74.4200,75.9300,564700
20151022,75.4100,75.7400,74.7700,74.7700,899400
20151023,80.1800,81.4000,75.4100,75.8200,3592300
20151026,80.4700,81.2100,79.3100,80.1400,1239100
20151027,79.8300,80.4600,79.4200,80.2100,944300
20151028,80.9000,80.9600,79.4700,79.4700,1034400
20151029,80.7400,81.1900,80.1900,80.8400,891700
20151030,80.6000,81.4900,80.3800,80.7400,739800
20151102,81.7200,81.8300,80.0400,80.8600,610000
20151103,80.9300,82.0400,80.6700,81.8000,833300
20151104,81.2800,81.4900,80.7600,81.0200,624000
20151105,81.3000,82.1500,80.9400,81.6200,584300
20151106,82.5100,82.5800,80.9200,80.9200,1680000
20151109,81.2400,82.3700,80.7700,82.1100,980600
20151110,81.7200,81.7800,80.5400,80.8300,2811200
20151111,82.5300,82.9300,81.6900,82.2900,646400
20151112,82.2500,83.2100,81.7000,82.3800,678400
20151113,81.5600,82.4000,81.4500,82.1200,517000
20151116,83.3700,83.4300,81.4700,81.7600,692300
20151117,83.9200,84.4300,83.0800,83.4200,661700
20151118,86.2700,86.5500,84.2100,84.6400,993700
20151119,86.6000,86.6600,85.6000,85.8300,783800
20151120,90.3000,90.8000,86.7600,86.8600,3801100
20151123,90.1800,91.2200,89.4300,90.3300,1784100
20151124,88.5400,89.8700,87.5700,89.8700,3040900
20151125,89.3900,89.6000,88.4600,88.6300,678800
20151127,89.3000,89.6800,88.7900,89.2800,302600
20151130,89.4400,90.1300,88.9300,89.6200,1340700
20151201,90.9000,91.1000,89.4400,89.4400,1148000
20151202,89.5100,91.0400,89.1200,90.2500,1329400
20151203,92.0400,93.2500,90.2100,90.2100,1630300
20151204,93.1200,93.9400,91.5000,92.0900,1113100
20151207,92.4900,93.7100,91.9200,93.1100,628000
20151208,92.5700,93.7600,91.5100,92.0300,1400900
20151209,91.2800,93.1100,91.1200,91.9200,1256900
20151210,90.8700,91.7300,90.5700,91.2800,980400
20151211,89.0400,90.6200,88.6900,90.0000,1557000
20151214,88.8600,89.4900,88.0000,88.9500,1451000
20151215,89.9700,90.2900,89.2000,89.7200,1879900
20151216,90.0100,91.2700,88.3000,90.2400,1147300
20151217,87.8500,90.5900,87.6400,90.5900,1171100
20151218,86.4400,88.2900,86.3900,87.3200,2117700
20151221,86.8100,87.6700,85.9800,86.8000,853500
20151222,87.5700,87.5700,86.1100,87.3800,612300
20151223,87.8000,88.1600,87.0100,87.7900,645200
20151224,87.7800,88.2700,87.4500,87.5500,287500
20151228,87.8900,87.9100,86.9100,87.5000,511200
20151229,88.7400,89.0800,87.7400,88.2200,451000
20151230,88.1400,88.9500,88.1000,88.7000,468400
20151231,87.3600,88.6600,87.3500,88.1100,493500
20160104,83.9500,86.1500,82.4400,85.6900,1529600
20160105,81.4100,83.9100,80.5800,81.7200,2165400
20160106,81.0200,81.7600,79.8200,80.4100,1507200
20160107,80.5500,80.8700,79.4000,79.6200,1687600
20160108,78.1500,81.3700,77.9700,80.9000,1049600
20160111,78.0700,78.7600,76.9900,78.1800,1117200
20160112,79.2900,79.6000,78.1500,78.7200,937200
20160113,76.0900,80.1300,75.9500,79.3200,1249700
20160114,75.6500,76.4400,74.1900,76.3500,1149500
20160115,74.2500,74.8800,72.8100,73.8200,1073900
20160119,74.6000,75.4000,73.7800,74.8500,1175400
20160120,74.1400,75.1900,72.5400,73.5600,1300600
20160121,73.8500,74.6700,73.5200,74.2900,967500
20160122,75.2100,75.2700,74.2800,75.0000,666700
20160125,74.6200,75.6600,74.1500,74.7300,646600
20160126,75.1500,75.6400,74.2700,75.0100,587200
20160127,74.7400,76.1500,74.4100,75.0300,1246700
20160128,77.0800,77.2300,74.8000,75.5900,1308700
20160129,75.6000,77.3600,75.3000,76.9500,1614500
20160201,75.6500,75.9900,74.6900,75.0300,1117800
20160202,74.2400,75.5300,73.8500,75.0400,849800
20160203,76.2000,76.3900,73.6700,74.5400,1494600
20160204,77.0100,77.1000,74.5000,76.0300,1104600
20160205,75.6700,77.0000,74.8300,76.9400,1525300
20160208,71.7700,74.7100,70.8400,74.5100,1481000
20160209,72.6200,73.6300,70.2600,71.0300,1269500
20160210,73.7900,74.9700,73.1900,73.5000,721100
20160211,74.1600,74.6200,71.7800,72.4100,1355900
20160212,76.9700,77.5100,73.8000,75.9000,1410900
20160216,79.6800,79.8100,77.6900,77.9400,1657200
20160217,81.4500,81.8700,80.0000,80.0000,2006000
20160218,80.6200,81.8600,80.4900,81.5600,898500
20160219,80.6700,80.9900,79.9300,80.5400,1351900
20160222,83.9900,84.5700,81.8500,81.8500,1847400
20160223,82.4900,84.0700,82.2400,83.2000,1032200
20160224,83.2000,83.4400,80.6400,81.6600,762100
20160225,84.3300,84.8100,83.2000,83.4800,832800
20160226,85.8800,86.0900,84.4200,84.7900,1240200
20160229,84.4900,86.3000,84.4500,85.4000,1118600
20160301,87.3800,87.7000,84.6500,85.0800,1170300
20160302,87.5400,88.6100,86.6400,87.5400,987000
20160303,88.6400,88.7400,86.5400,87.2000,831300
20160304,89.1400,89.3900,87.7100,88.5900,854800
20160307,87.9900,89.5900,87.1300,89.3100,1121600
20160308,87.1100,87.9900,86.5000,87.2500,940000
20160309,86.9600,88.3400,86.5600,87.2100,1439700
20160310,87.1800,88.8900,86.1400,87.4800,815700
20160311,88.2600,88.3700,87.3700,88.1800,792000
20160314,87.7300,88.5400,87.4600,87.8000,725600
20160315,88.4900,88.7100,86.7500,87.2300,772300
20160316,89.5200,89.9400,87.9000,88.0500,896200
20160317,89.9200,90.6100,89.3000,89.5300,811400
20160318,88.5600,90.1200,88.1600,90.1200,1344500
20160321,88.5800,89.0300,88.2100,88.5000,766600
20160322,89.3500,89.6900,88.3000,88.3600,778500
20160323,88.8900,89.4800,88.3700,89.3700,501000
20160324,89.2500,89.5700,88.5400,88.5400,463700
20160328,88.4600,89.9100,88.1500,89.3200,700400
20160329,89.1100,89.4800,88.0400,88.4100,664500
20160330,89.5900,89.7000,88.8500,89.4500,854200
20160331,88.5400,89.8700,88.4700,89.2100,959700
20160401,89.6400,89.6700,87.3500,88.1900,881200
20160404,89.5500,91.1500,89.4900,90.1300,524100
20160405,88.7100,89.6900,88.5200,89.1800,696700
20160406,89.8400,89.8600,88.7900,88.7900,696300
20160407,89.5900,90.2200,88.7600,89.3400,767100
20160408,89.7600,90.2600,89.3000,90.0300,496800
20160411,89.0800,91.2800,89.0200,90.2800,571900
20160412,88.6100,89.5500,88.1300,89.5300,2376200
20160413,89.5200,89.8100,88.7900,89.3500,734000
20160414,89.1100,89.9800,89.0500,89.5200,637800
20160415,88.7000,89.2400,88.2800,89.0000,625000
20160418,89.6600,89.9000,88.3500,88.6300,600400
20160419,88.7900,89.9100,88.1200,89.8800,896100
20160420,89.2900,89.9500,87.7200,88.8200,649000
20160421,88.5300,89.8000,88.2400,89.4900,575000
20160422,88.6400,89.0000,87.8400,88.3700,611100
20160425,89.2800,89.4100,88.2200,88.3600,1649100
20160426,89.1600,90.3900,88.6800,89.4900,885000
20160427,89.4100,89.7700,88.2200,88.7100,732400
20160428,89.4200,91.2300,89.0900,89.2300,962000
20160429,86.4000,91.9900,86.1700,91.5300,1592000
20160502,88.1300,88.3700,85.3000,86.4900,1401600
20160503,87.1600,87.5900,86.5000,87.5100,723300
20160504,84.9300,86.7300,84.8300,86.6300,1032000
20160505,84.4100,85.7000,84.2800,85.1400,1085200
20160506,85.1900,85.3200,84.0400,84.3000,690500
20160509,84.5000,85.3500,84.2300,84.8800,804600
20160510,85.6100,85.7000,83.5800,84.9700,769800
20160511,84.7800,86.4100,84.7400,85.6700,733800
20160512,84.9600,85.4900,84.4000,84.9500,656700
20160513,84.7200,85.8400,84.7200,84.8600,499400
20160516,85.1500,85.9700,84.1100,84.7300,779700
20160517,83.5200,86.0000,83.3300,85.2900,1295000
20160518,83.7000,84.2900,82.7000,83.3700,709600
20160519,82.9000,83.5700,82.0600,83.5400,609300
20160520,83.1600,83.9800,82.9500,83.3600,476800
20160523,83.2500,84.1900,82.8700,83.1100,534500
20160524,84.5600,84.7300,83.0400,83.5900,427300
20160525,84.3100,85.1600,84.2200,84.7200,531000
20160526,84.7600,85.2300,84.1000,84.6900,502100
20160527,84.9500,85.1000,84.2400,84.8500,470500
