20150529,49.4400,49.6400,49.3700,49.5000,14778400
20150601,49.2200,49.5400,49.1400,49.4400,11968000
20150602,49.1400,49.3100,48.9800,49.2200,11094100
20150603,49.0800,49.4400,48.8700,49.1500,17697800
20150604,48.1000,48.5400,47.8800,47.8800,38418900
20150605,47.2300,47.9700,47.1100,47.9600,23574500
20150608,47.4400,47.7800,47.0500,47.2500,16598600
20150609,47.3400,47.6200,47.1700,47.4700,12295100
20150610,47.4700,47.6800,47.3600,47.5600,13007300
20150611,47.7600,47.8800,47.5200,47.6100,10029700
20150612,47.2500,47.7500,47.2100,47.7500,10619100
20150615,47.0000,47.2200,46.9300,47.1400,10875800
20150616,47.4200,47.4900,46.9100,46.9900,10862000
20150617,47.2700,47.5100,46.9000,47.5000,18216400
20150618,47.7700,47.9200,47.3900,47.4200,14527300
20150619,47.4600,47.7100,47.3700,47.6500,26861700
20150622,47.5300,47.7800,47.4100,47.6300,9191900
20150623,47.7700,48.1100,47.7100,47.8600,14411400
20150624,47.2900,47.7900,47.2900,47.6000,17742300
20150625,47.4400,47.9200,47.4300,47.6300,14445400
20150626,47.6200,48.4900,47.3800,47.5900,18492800
20150629,46.7700,47.7200,46.7500,47.2800,15032400
20150630,46.6100,47.2500,46.6000,47.1400,15044100
20150701,47.0000,47.1100,46.5700,46.6400,12545900
20150702,47.2000,47.3800,47.1100,47.2300,9872400
20150706,47.0400,47.1400,46.8000,47.0600,12051700
20150707,47.2500,47.4500,46.8300,47.2200,18025800
20150708,46.5800,46.8300,46.3000,46.5800,17859600
20150709,46.2600,47.1600,46.2300,47.0100,16304500
20150710,47.0000,47.3300,46.7200,46.8400,14727100
20150713,47.2000,47.4200,46.9500,47.3800,10184400
20150714,47.4100,47.4400,47.0500,47.1900,9973600
20150715,47.3300,47.5000,47.0400,47.4800,9624000
20150716,47.8300,47.8600,47.4500,47.4800,11011400
20150717,47.5900,47.9500,47.5000,47.7800,10160400
20150720,48.1000,48.2600,47.4200,47.6300,17246700
20150721,46.9700,47.3500,46.5700,46.9800,31961600
20150722,46.4500,46.8400,46.1100,46.7900,21026600
20150723,46.3500,46.6200,46.1700,46.4600,13698200
20150724,46.0400,46.4800,45.9600,46.4400,19528700
20150727,45.8300,46.2500,45.7100,45.9400,15747800
20150728,45.8900,46.0400,45.6600,45.9900,16150900
20150729,46.5600,46.9000,45.9700,46.0000,15968700
20150730,46.6700,46.8000,46.4100,46.6600,9592300
20150731,46.7900,47.1700,46.7100,46.8500,12562900
20150803,46.9700,47.2000,46.6000,47.1800,10321300
20150804,46.6700,47.0800,46.5600,47.0200,9371900
20150805,46.6400,47.1500,46.6000,46.9000,11946100
20150806,46.6300,46.7000,46.2900,46.5900,9917200
20150807,46.3600,46.7500,46.1700,46.5700,10538000
20150810,47.2300,47.3400,46.5200,46.5200,13529500
20150811,47.6000,48.2100,47.4800,47.5400,18511000
20150812,47.8500,47.8900,47.1000,47.3000,15939800
20150813,47.6600,47.9400,47.4900,47.7700,11168500
20150814,47.4900,47.6300,47.4300,47.6200,8769500
20150817,47.5200,47.6200,47.2000,47.2800,7784300
20150818,47.4600,47.6900,47.3300,47.5600,8581400
20150819,47.4400,47.7000,47.0800,47.3900,12578000
20150820,46.8800,47.3900,46.8800,47.0500,13785900
20150821,46.1000,46.8500,46.1000,46.4500,21305300
20150824,44.7400,45.8700,38.0600,44.3500,36096800
20150825,43.5000,45.7600,43.5000,45.7600,27851500
20150826,45.1600,45.3100,44.0000,44.3800,30856900
20150827,46.1900,46.2900,45.1700,45.7800,21488000
20150828,46.0700,46.1600,45.6500,46.0600,12783900
20150831,46.0100,46.1000,45.6100,45.9500,14785800
20150901,44.9000,45.5500,44.6800,45.0900,21096300
20150902,45.3500,45.5000,44.7700,45.5000,17197600
20150903,45.7200,46.1500,45.5200,45.6300,12480800
20150904,44.8200,45.3500,44.6400,45.3500,16045100
20150908,45.8800,45.9000,45.2200,45.5800,14056500
20150909,45.3900,46.2700,45.3100,46.2500,14423600
20150910,45.4600,45.6100,45.0300,45.3700,16412900
20150911,45.7300,45.7500,45.2600,45.4400,11227400
20150914,45.6500,45.8900,45.6000,45.7800,9677800
20150915,46.3700,46.5500,45.7300,45.9200,12023000
20150916,46.1900,46.4700,46.1000,46.4400,11932500
20150917,45.2300,45.7500,44.5300,45.4000,31675000
20150918,44.5700,45.2600,44.4200,45.1600,26889300
20150921,44.8000,44.8900,44.5300,44.6200,10584300
20150922,44.4300,44.5300,44.1100,44.4300,12368600
20150923,43.9800,44.4800,43.9000,44.3600,11670300
20150924,44.0900,44.2000,43.7600,43.7900,14438300
20150925,44.2200,44.5300,44.0700,44.3200,17514800
20150928,43.7400,44.1800,43.6900,44.0100,15265200
20150929,43.5300,44.0000,43.3400,43.7800,15652500
20150930,43.5100,44.0000,43.2800,43.8300,20380600
20151001,42.9600,43.6400,42.6900,43.4900,22323500
20151002,42.8400,42.9000,42.2000,42.5500,22336700
20151005,44.0000,44.0200,43.2400,43.2400,14484600
20151006,44.0600,44.4300,43.9800,44.0000,15087900
20151007,43.8500,43.9900,43.4600,43.7800,11897000
20151008,44.2300,44.3100,43.5500,43.6800,10280900
20151009,44.1600,44.5300,44.0000,44.2800,11981200
20151012,44.3000,44.3100,44.0100,44.1800,9886700
20151013,44.3600,44.5000,44.1400,44.1400,11566400
20151014,43.9900,44.5400,43.9300,44.2600,19559200
20151015,44.6700,44.7000,44.0600,44.2400,11774000
20151016,44.7000,44.9700,44.4500,44.9200,15355500
20151019,44.7000,44.8200,44.2600,44.4800,17547400
20151020,45.2400,45.8000,44.7900,44.9200,19747400
20151021,44.8600,45.7100,44.7100,45.4400,17081800
20151022,45.8900,45.9000,44.9800,44.9800,15378600
20151023,46.1600,46.3300,45.9400,46.1400,13285100
20151026,46.3600,46.5500,46.1500,46.3200,10802500
20151027,46.1700,46.3000,46.0100,46.1900,9540400
20151028,46.4800,46.8000,46.0600,46.4400,11447300
20151029,46.4000,46.5600,46.0000,46.4900,7902300
20151030,46.8800,46.9800,46.2800,46.4300,14753200
20151102,46.7800,47.0800,46.5200,47.0200,11689100
20151103,46.4500,46.7500,46.1800,46.7000,11900900
20151104,46.1400,46.6500,46.0400,46.5800,9702000
20151105,46.2000,46.4300,46.1000,46.2000,11646900
20151106,45.7800,46.0300,45.2900,45.9900,14144400
20151109,45.3000,45.5400,45.0300,45.5300,10743200
20151110,45.1000,45.3300,44.8000,45.2700,9996700
20151111,45.3200,45.5400,45.1300,45.3600,7904000
20151112,44.8300,45.0900,44.7700,45.0200,11053500
20151113,44.2300,44.9900,44.2200,44.7300,12615600
20151116,45.0400,45.0700,44.1800,44.2600,10112500
20151117,45.0800,45.3200,44.9300,45.0100,10657500
20151118,45.3800,45.4300,44.5800,45.0800,13585600
20151119,45.7600,45.8700,45.3500,45.4400,9320900
20151120,45.3900,45.9900,45.3200,45.9600,12229700
20151123,44.9900,45.5000,44.9400,45.3100,10290100
20151124,45.1900,45.3400,44.6800,44.7500,11127400
20151125,44.9200,45.1300,44.8900,45.1100,7013900
20151127,45.2300,45.3900,44.8300,44.8400,4108300
20151130,45.4500,45.6400,44.9600,45.2500,19400000
20151201,45.5800,45.8900,45.3300,45.5100,10580000
20151202,44.9200,45.5500,44.8700,45.4500,12160400
20151203,44.5600,45.0500,44.3300,44.8800,17077700
20151204,45.7100,45.7800,44.7100,44.7400,14158600
20151207,46.0600,46.1200,45.4500,45.4600,13192100
20151208,45.7000,45.9900,45.4400,45.6700,13776100
20151209,45.3600,46.1300,45.1200,45.5800,13467900
20151210,45.3200,45.6600,45.2000,45.4700,10402500
20151211,44.8200,45.3500,44.7300,45.3200,16481900
20151214,45.4500,45.5000,44.6800,44.8400,16723100
20151215,45.5500,45.8600,45.2100,45.5200,16578400
20151216,46.5100,46.5700,45.7000,45.9300,18808300
20151217,46.1000,46.6900,46.0300,46.4900,15508600
20151218,45.5600,46.0400,45.5600,45.9000,31635100
20151221,45.9000,45.9200,45.5200,45.7300,10360600
20151222,46.3400,46.4600,45.8500,46.2000,11181500
20151223,46.9500,47.1500,46.3900,46.5100,12685500
20151224,46.7100,46.9700,46.6000,46.9100,4279900
20151228,46.7500,46.8400,46.5600,46.6200,6254900
20151229,47.2100,47.2300,46.8400,46.9800,7667100
20151230,46.7700,47.2000,46.6200,47.2000,8970700
20151231,46.2200,46.6500,46.2100,46.5200,11490900
20160104,45.8700,45.9100,45.3600,45.6700,17821600
20160105,46.5000,46.5500,45.6300,46.2000,15632800
20160106,45.5200,45.9500,45.2800,45.4900,19082700
20160107,45.2700,45.6700,45.0000,45.1200,19277600
20160108,44.8300,45.7400,44.7000,45.6600,16594800
20160111,45.0900,45.2300,44.6000,45.1100,14226200
20160112,44.9300,45.2500,44.5300,45.2400,15123000
20160113,44.1500,45.2700,44.0800,45.1100,19291000
20160114,44.8700,45.1900,44.0500,44.2200,18435000
20160115,44.4300,44.5500,43.8600,44.0400,27993900
20160119,44.8700,45.0100,44.5300,44.7400,20364300
20160120,44.4200,44.7700,43.7900,44.3800,28290200
20160121,45.8700,46.3300,44.4300,45.0000,31354100
20160122,47.0400,47.1200,46.0000,46.4100,23075700
20160125,47.0300,47.7800,46.5400,47.0800,24298800
20160126,48.2500,48.2700,47.0500,47.1300,22620900
20160127,49.0300,49.4900,48.2500,48.2900,33795700
20160128,49.0100,49.4600,48.4700,49.0600,20085200
20160129,49.9700,49.9900,49.2200,49.3900,29082600
20160201,50.7600,51.0200,49.6900,49.9400,28536600
20160202,49.9100,50.6300,49.6500,50.6100,21607000
20160203,50.6200,50.6200,49.4200,50.2500,20309800
20160204,50.4300,50.6000,49.6700,50.3700,19594300
20160205,50.9700,51.2000,50.3100,50.3200,25790300
20160208,50.7400,50.8000,49.7700,50.6000,27058100
20160209,50.1500,50.6100,49.3500,50.0600,22633900
20160210,49.9800,50.3200,49.6200,50.1900,18633100
20160211,49.3900,50.1000,49.2700,49.6000,30521000
20160212,50.1100,50.1900,49.3500,49.5400,20990900
20160216,50.2400,50.3000,49.5800,50.2400,16360000
20160217,50.3200,50.6000,50.0800,50.4100,15228900
20160218,50.9400,51.1000,49.9600,50.1200,19678500
20160219,50.8600,51.0700,50.3100,50.7400,15607000
20160222,51.0700,51.1500,50.7700,50.8600,12456000
20160223,50.6300,50.9900,50.3600,50.9700,11594600
20160224,50.8200,50.8700,50.1700,50.2700,11244900
20160225,51.1100,51.3000,50.7800,50.9000,12358700
20160226,51.0200,51.3400,50.9200,51.1500,13011500
20160229,50.7300,51.3800,50.6900,50.8600,15986300
20160301,51.4600,51.4700,50.9800,50.9900,12003300
20160302,52.1200,52.2000,51.1900,51.4600,14791100
20160303,51.8900,52.2200,51.6100,52.1400,15404500
20160304,51.8100,52.0000,51.5000,51.7500,13957600
20160307,52.2100,52.3500,51.4000,51.5300,14907500
20160308,52.4600,52.7500,51.9300,52.0500,14306500
20160309,52.3400,52.9600,52.0000,52.5500,15466600
20160310,52.3200,52.6600,51.9900,52.5500,15111100
20160311,52.5300,52.7800,52.2400,52.6500,15223900
20160314,52.5400,52.7500,52.2300,52.5500,11729400
20160315,52.6700,52.7400,52.2400,52.2400,11295700
20160316,53.2100,53.3800,52.4000,52.6700,11866400
20160317,53.6300,53.8100,53.1900,53.2800,16401500
20160318,53.2400,53.8500,53.2400,53.8100,23209400
20160321,53.4400,53.5900,53.0200,53.1900,10679000
20160322,53.2100,53.4600,53.1000,53.4200,10852000
20160323,52.9100,53.2300,52.8200,53.1300,9716100
20160324,53.5600,53.6200,52.6600,52.7400,15096400
20160328,53.4000,53.7300,53.2000,53.5600,8527100
20160329,54.0500,54.0800,53.3000,53.5100,10770500
20160330,54.0400,54.3700,53.7000,54.1700,14528300
20160331,54.0800,54.2600,53.9200,54.0100,12428600
20160401,54.0100,54.0900,53.1000,53.3200,13807100
20160404,54.4200,54.4200,53.8000,54.0300,11402700
20160405,54.0900,54.4900,53.9500,54.3800,12979100
20160406,53.5200,53.6200,53.1300,53.6200,12993600
20160407,52.0000,52.7000,51.7700,52.5200,23076300
20160408,52.1800,52.5800,52.0500,52.2000,12197900
20160411,51.6100,52.4000,51.5000,52.3600,14975900
20160412,51.9500,52.1900,51.6100,51.6600,12335000
20160413,51.2900,52.0900,50.8400,52.0700,19752900
20160414,51.3600,51.5500,51.2400,51.2800,10083300
20160415,51.3500,51.4900,51.1000,51.2800,11862000
20160418,51.7300,51.9000,51.1800,51.3500,14322900
20160419,52.0800,52.1700,51.7900,51.8000,11393400
20160420,51.7500,52.2200,51.6600,52.1500,15412500
20160421,50.0300,50.6800,49.4700,50.5600,32172200
20160422,50.5500,50.6300,50.0500,50.1500,17823300
20160425,50.7600,50.9500,50.2800,50.5300,12439500
20160426,50.4400,51.0000,50.2800,50.9800,10045800
20160427,51.6900,51.8100,50.4600,50.4600,16954500
20160428,51.0200,51.5600,50.9200,51.3000,12861200
20160429,50.9400,51.0500,50.6400,50.9500,13650100
20160502,51.3200,51.4500,51.0400,51.2200,11006100
20160503,50.6800,51.3200,50.3600,51.1100,12815300
20160504,50.8400,50.9900,50.2000,50.4800,8989800
20160505,50.8400,51.0400,50.6300,50.9900,10787900
20160506,51.1200,51.1400,50.6100,50.9100,9778000
20160509,51.0800,51.4300,51.0100,51.2200,8602400
20160510,51.5400,51.5500,51.2700,51.3800,7899100
20160511,51.1500,51.7000,51.0800,51.4800,8330900
20160512,51.4700,51.6000,51.0900,51.2200,9888200
20160513,50.9400,51.4900,50.8500,51.4100,9503000
20160516,51.2300,51.3300,50.6400,50.7700,7840200
20160517,50.9000,51.3500,50.6700,51.2000,10424800
20160518,50.3900,51.0300,50.0600,50.9200,10443100
20160519,49.6300,50.0200,49.1200,50.0000,15964800
20160520,49.6600,49.8000,49.4700,49.8000,15164200
20160523,49.1400,49.7800,49.0500,49.6600,13214200
20160524,49.5800,49.6200,49.2000,49.3600,11822100
20160525,49.8500,50.0100,49.4000,49.6300,9490400
20160526,50.1600,50.2800,49.7900,49.8500,10591200
20160527,50.6200,50.8600,50.1800,50.3900,10640100
