20150529,49.6500,49.8600,49.4100,49.6400,2362600
20150601,49.7400,49.9100,49.5400,49.8200,1357100
20150602,49.5600,49.8400,49.5000,49.6100,1699600
20150603,49.2500,49.3400,49.0600,49.2800,1695600
20150604,48.6800,49.2700,48.4700,49.0000,3159700
20150605,48.4100,48.6700,48.3300,48.6000,2020000
20150608,48.4600,48.6200,48.3000,48.3700,1363600
20150609,48.3200,48.5600,48.2300,48.4600,1431800
20150610,48.4400,48.7600,48.3900,48.3900,1810700
20150611,48.4900,48.7700,48.3100,48.5900,1906400
20150612,48.4400,48.5000,48.1900,48.4500,1876400
20150615,47.7100,48.1100,47.6300,48.1100,1686800
20150616,47.8000,47.9000,47.6900,47.7900,1489300
20150617,47.8800,48.0200,47.5700,47.9300,2002100
20150618,48.3000,48.3900,48.0000,48.0000,1504000
20150619,47.7600,48.2500,47.7400,48.2500,2121500
20150622,47.7000,48.1100,47.5700,48.0700,1643700
20150623,47.3400,47.8500,47.3000,47.6800,1629300
20150624,47.1700,47.4000,47.1200,47.2500,1881700
20150625,46.9400,47.2900,46.8800,47.2800,1161100
20150626,47.0300,47.1900,46.8200,46.9800,1268500
20150629,46.3500,46.9000,46.3300,46.7500,1606800
20150630,46.3500,46.8000,46.3100,46.7000,1346000
20150701,46.5100,46.6800,46.2400,46.6400,1240700
20150702,46.3700,46.6700,46.2200,46.5700,884600
20150706,46.5300,46.5400,45.8600,46.0400,1228500
20150707,47.0200,47.1100,46.4100,46.5300,1986300
20150708,46.8100,47.2600,46.6000,46.6600,2051700
20150709,47.1500,47.3400,47.0700,47.1700,2254300
20150710,47.7500,47.8900,47.3100,47.5600,1920300
20150713,47.9300,48.1700,47.7800,48.1400,2082400
20150714,48.6000,48.6700,47.8300,47.8600,2284500
20150715,48.4000,48.7400,48.3200,48.6300,1573900
20150716,48.9400,49.2300,48.4800,48.6700,2299000
20150717,48.6800,48.8900,48.5100,48.8300,1602100
20150720,48.5300,48.7300,48.4400,48.6400,1022900
20150721,48.2300,48.6100,48.0200,48.5100,1269500
20150722,47.8000,48.4700,47.5500,48.2200,2750100
20150723,49.0800,49.3600,47.7600,47.7600,4709200
20150724,48.8300,49.5600,48.7300,49.2100,3129700
20150727,49.0600,49.5400,48.6900,48.7300,3871600
20150728,50.1600,50.2500,49.5200,49.7100,3520500
20150729,50.7000,50.7900,50.2100,50.2700,3278900
20150730,51.2000,51.3800,50.5400,50.5400,2769400
20150731,51.1300,51.4600,51.0400,51.4300,1658300
20150803,50.8000,51.1300,50.6700,51.0500,2178600
20150804,50.9700,51.3800,50.7900,50.8700,1853900
20150805,51.6000,51.8300,51.1800,51.2100,2052200
20150806,50.9800,51.8000,50.9500,51.6000,1820400
20150807,50.7600,51.1200,50.5600,50.9600,2308000
20150810,51.3900,51.4300,50.9500,51.0300,1606800
20150811,51.5200,51.5700,50.9400,51.0100,1590600
20150812,51.8500,51.9100,51.1500,51.2400,2420400
20150813,51.9000,52.2700,51.6100,51.7200,1872900
20150814,52.2500,52.2900,51.8300,51.9600,1104600
20150817,52.6400,52.7000,51.6300,51.9200,1428300
20150818,52.7000,53.0600,52.5000,52.5400,2028000
20150819,52.6000,52.9500,52.1700,52.4300,2285100
20150820,52.5700,53.0400,52.1000,52.2900,3257100
20150821,51.6400,52.3600,51.6300,52.0600,3558700
20150824,49.4700,50.6800,48.7900,49.1800,4431600
20150825,49.1500,50.7700,49.1200,50.3700,3039200
20150826,49.5000,50.3400,49.1200,50.3200,4369600
20150827,50.0300,50.3100,49.3100,50.0300,3857000
20150828,50.2100,50.5000,49.9300,50.0800,2510000
20150831,50.0600,50.2700,49.9200,50.1300,2074700
20150901,49.3100,49.8400,48.9000,49.3200,2870900
20150902,49.7800,49.9600,49.2900,49.7400,1701900
20150903,50.2800,50.5500,49.8800,49.8800,1934800
20150904,49.9300,50.1900,49.5700,49.6900,2295300
20150908,50.7000,50.9000,50.2500,50.5800,2922600
20150909,50.1300,51.1800,50.0300,51.0200,3217000
20150910,49.8000,50.1400,49.5100,49.7800,2729400
20150911,50.0000,50.0500,49.5500,49.6800,1889200
20150914,49.8900,50.0300,49.4500,50.0100,2187000
20150915,50.1500,50.3300,49.8800,50.0500,2945900
20150916,50.1600,50.2900,49.9900,50.2900,2214900
20150917,50.0700,50.5100,49.9400,50.2400,2119500
20150918,49.8900,50.0500,49.4400,49.4600,3756400
20150921,50.1100,50.3500,49.9700,50.2600,2083600
20150922,49.8700,49.9300,49.3200,49.6500,1972800
20150923,49.9500,50.0600,49.4400,49.8800,2004200
20150924,49.8000,49.9200,49.4200,49.6600,3534500
20150925,50.3700,50.6600,49.9400,50.2200,3294400
20150928,49.7800,50.2800,49.6800,50.1800,2076200
20150929,49.2200,49.7700,48.9800,49.7200,5423500
20150930,49.8100,49.8600,49.0700,49.5800,3399600
20151001,50.1000,50.2400,49.5200,49.8500,2361600
20151002,50.5300,50.5300,49.4900,49.7000,1761200
20151005,51.4600,51.5300,50.7900,50.8400,1556500
20151006,51.4300,51.6400,51.1400,51.4100,1857800
20151007,51.8200,51.9900,51.4800,51.5600,1582900
20151008,52.9500,52.9800,51.4900,51.8000,2472200
20151009,53.1600,53.5500,52.8500,52.9500,1482800
20151012,53.4100,53.5600,53.0100,53.0700,894000
20151013,53.0600,53.4200,52.9800,53.2400,1393400
20151014,52.4500,53.0300,52.4300,52.9700,1412500
20151015,52.5000,52.7000,52.2300,52.5500,1829900
20151016,52.4500,53.1000,52.1900,52.6600,2384500
20151019,52.5100,52.6500,52.0400,52.3700,2003000
20151020,52.7100,52.8700,52.3800,52.4500,1727700
20151021,53.4400,53.7800,53.2800,53.2800,3239200
20151022,53.5100,53.9700,53.4600,53.8600,2538500
20151023,53.1900,53.8100,52.9700,53.6000,2839600
20151026,53.1900,53.6300,53.1000,53.2600,2226200
20151027,54.3400,54.5000,52.8000,52.9400,3126200
20151028,54.6100,54.8500,54.0600,54.5900,2812800
20151029,54.4600,54.6900,54.2000,54.6700,1523800
20151030,53.7600,54.6900,53.7600,54.4400,3320700
20151102,54.4400,54.6100,53.8600,53.8600,2193200
20151103,54.0500,54.6100,53.8800,54.3100,2082200
20151104,54.1400,55.2800,53.9300,54.0900,2343700
20151105,54.4300,54.5700,54.2300,54.3600,1829300
20151106,54.4300,54.4400,53.9700,54.4300,1399700
20151109,53.6900,54.4100,53.5000,54.2700,1556100
20151110,53.6500,54.0300,53.5300,53.5700,1526000
20151111,53.6300,54.0800,53.6100,53.7400,1525400
20151112,52.7700,53.5700,52.7700,53.4600,1882100
20151113,52.1600,52.8500,52.0200,52.6500,2404400
20151116,52.5600,52.5700,52.0400,52.0500,2935800
20151117,52.6800,52.8500,52.4400,52.6200,1492200
20151118,53.5800,53.6300,52.5600,52.7700,1900000
20151119,53.6300,53.9000,53.5100,53.7700,1181500
20151120,54.1200,54.1700,53.7800,53.8600,1223800
20151123,54.1400,54.4500,53.9400,54.1200,1422200
20151124,53.9800,54.0800,53.5400,53.8700,1541100
20151125,54.0300,54.1600,53.9100,54.0200,1038700
20151127,53.9200,54.2400,53.7000,53.9900,780700
20151130,53.7700,54.1700,53.7500,54.0300,1809400
20151201,53.9200,54.5700,53.6000,54.0500,1980500
20151202,53.5100,53.8400,53.3800,53.5500,1695200
20151203,51.8400,53.6700,51.6300,53.5200,3821900
20151204,52.6600,52.7000,52.0100,52.0100,4590600
20151207,52.1000,52.6700,51.8000,52.4600,2420300
20151208,52.5300,52.6300,51.7000,51.8500,2426300
20151209,51.8900,52.6300,51.6500,52.3000,1916800
20151210,52.0200,52.4000,51.7400,51.9700,1450300
20151211,51.3400,51.8400,51.1700,51.6300,2142500
20151214,51.8300,51.8800,51.0800,51.4900,3198800
20151215,53.3400,53.4200,52.1000,52.1000,3423400
20151216,53.9300,54.2400,53.1600,53.7000,2270100
20151217,53.2800,54.1000,53.2700,53.9100,3178800
20151218,52.7300,53.0900,52.3900,53.0000,4070400
20151221,52.8100,53.2600,52.4900,52.9800,1383600
20151222,53.2000,53.4000,52.5200,52.9900,1412300
20151223,53.6600,53.7400,53.2900,53.4100,1229900
20151224,53.4300,53.6200,53.2000,53.4700,529500
20151228,53.9100,53.9700,53.3400,53.4000,986000
20151229,54.3500,54.4400,54.0200,54.0200,849000
20151230,53.9800,54.4800,53.9200,54.3300,825100
20151231,53.3700,53.9700,53.3500,53.8300,1055200
20160104,52.4500,52.6100,52.0000,52.6000,2067400
20160105,52.6500,52.7000,52.2300,52.4200,2401400
20160106,53.3000,53.3200,52.1200,52.1700,3277400
20160107,52.6700,53.0500,52.4200,52.5800,3309900
20160108,52.3500,53.1500,52.2300,52.6900,2617400
20160111,52.8600,53.0400,52.2500,52.3500,2127700
20160112,53.2000,53.3200,52.6600,52.9700,2299900
20160113,52.2600,53.3500,52.0000,53.1900,2445100
20160114,52.7800,53.0100,51.9400,52.4400,2786600
20160115,51.5200,52.1100,51.0500,51.9200,3406100
20160119,52.6200,52.7300,51.8400,51.9900,2156700
20160120,51.9200,52.3700,50.3600,51.9600,4118900
20160121,51.9800,52.5800,51.6300,51.9000,2414100
20160122,52.9800,53.1400,52.2900,52.5300,2244600
20160125,52.2400,52.9200,52.0900,52.9200,1748200
20160126,52.2900,52.5700,51.9800,52.1900,1990900
20160127,51.8900,52.4900,51.4600,52.1300,2885400
20160128,52.0700,52.3800,51.6400,52.0000,1450800
20160129,52.9500,53.0700,52.1800,52.3100,3446600
20160201,53.2600,53.4700,52.3900,52.6900,1741700
20160202,52.1200,52.9600,51.7500,52.7000,2529200
20160203,53.0800,53.2700,51.7900,52.4700,2225200
20160204,53.1900,53.5500,52.7300,52.9200,1682700
20160205,52.5700,53.1900,52.2900,52.9300,2150900
20160208,52.7000,52.8800,51.6800,52.2300,1916800
20160209,53.2800,53.5800,52.2000,52.2300,2733900
20160210,53.5200,54.2000,53.3700,53.4900,1686300
20160211,52.9600,53.1500,52.2300,52.5700,3380900
20160212,53.9800,54.2300,53.0500,53.2400,2457200
20160216,54.7900,54.8700,54.0300,54.7200,2896800
20160217,54.9000,55.2500,54.5800,54.8700,2775400
20160218,55.3100,55.5800,54.3400,54.8000,3123300
20160219,55.5000,55.7200,54.8600,55.2500,3046100
20160222,56.1800,56.2500,55.6400,55.7600,2599900
20160223,56.3000,56.8000,56.1400,56.1800,1801000
20160224,56.0900,56.2600,55.1100,56.0400,2669500
20160225,56.1700,56.5000,55.9700,56.2500,2458200
20160226,56.0400,56.5000,55.9700,56.4800,2227700
20160229,55.8500,56.1700,55.5000,56.1100,2960900
20160301,57.0500,57.1800,56.0600,56.1900,2357600
20160302,57.0800,57.0900,56.5200,56.8500,2188300
20160303,57.2700,57.3100,56.3800,56.7200,1773000
20160304,57.1500,57.4900,56.9100,57.2500,2128600
20160307,56.9500,57.0900,56.6400,56.9700,1436300
20160308,57.3200,57.6100,56.4000,56.7500,3061600
20160309,57.6600,57.9600,57.4400,57.4400,1745500
20160310,57.6700,57.9700,57.1800,57.7800,2180400
20160311,58.4000,58.4200,57.9300,58.0000,1854900
20160314,58.2200,58.5400,57.9700,58.3900,2241700
20160315,58.6700,58.8500,57.7000,57.8200,2145100
20160316,58.8300,59.0600,58.2100,58.5900,2415700
20160317,58.7800,58.9700,58.5500,58.9000,2832800
20160318,58.6000,59.0100,58.4400,58.8600,6715100
20160321,58.7300,58.9000,58.3900,58.4200,2404900
20160322,58.4600,58.7600,58.2800,58.5100,2589900
20160323,58.9100,58.9900,58.2500,58.4500,2230200
20160324,59.1100,59.1200,58.5800,58.7500,2112200
20160328,59.3800,59.4900,59.0900,59.1100,1685100
20160329,59.7100,59.9900,59.1400,59.1400,3084200
20160330,59.6300,59.8200,59.4200,59.7400,1363600
20160331,59.0000,59.8200,58.9500,59.5200,2008200
20160401,59.1700,59.2700,58.7500,58.8400,3365500
20160404,58.6800,59.1300,58.5200,59.0600,2558200
20160405,58.2500,58.4200,58.1300,58.2500,4756900
20160406,57.7100,58.4400,57.4600,58.2200,5141900
20160407,57.5900,57.7200,57.3700,57.5000,2797600
20160408,57.6700,58.0800,57.5800,57.8400,1705400
20160411,57.2900,58.0000,57.2700,57.8400,1897500
20160412,57.2100,57.5000,57.0800,57.3700,1526800
20160413,57.0100,57.4700,56.4600,57.3500,2354700
20160414,56.9600,57.2400,56.8500,57.0100,1368800
20160415,56.9000,57.1300,56.8300,57.0800,1941900
20160418,57.1700,57.2600,56.8200,56.9000,1859500
20160419,57.1300,57.5300,57.0900,57.2600,1420700
20160420,56.7400,57.4500,56.7300,57.2800,3217600
20160421,56.3500,56.8900,56.3400,56.6000,1919300
20160422,56.3900,56.6200,56.1800,56.3200,2809700
20160425,56.3500,56.4300,56.0500,56.2000,1619900
20160426,56.5300,56.9500,56.3800,56.4500,1834600
20160427,56.4000,56.7600,56.0700,56.5900,6076900
20160428,58.3100,58.9600,56.4000,56.4000,5078100
20160429,58.7900,58.9400,58.0100,58.4000,2691000
20160502,59.9800,59.9800,58.9300,59.0000,3067300
20160503,59.8400,59.9800,59.4700,59.7400,2554100
20160504,60.4100,60.4600,59.4400,59.8400,2215800
20160505,60.3000,60.9500,60.2200,60.6800,2954900
20160506,60.6900,60.7100,60.1300,60.2900,2979700
20160509,61.2000,61.2700,60.5200,60.7000,2977800
20160510,61.3500,61.4900,61.0300,61.2200,1497700
20160511,61.3100,61.5500,61.0700,61.3000,1518300
20160512,61.7800,61.8600,61.1300,61.3000,1548100
20160513,61.4600,62.0500,61.2600,61.6600,1837800
20160516,61.4500,61.6300,61.0000,61.2500,1454300
20160517,60.7300,61.6900,60.5600,61.2700,1569100
20160518,60.8000,61.2200,60.4100,60.7600,1387700
20160519,60.7600,60.8400,60.4700,60.6300,1626900
20160520,60.7300,61.2400,60.5600,61.0700,1630700
20160523,60.4900,60.7900,60.4200,60.7300,1140700
20160524,61.0400,61.2800,60.8800,60.9600,2090600
20160525,60.6400,61.1900,60.5500,61.0500,2277000
20160526,61.1100,61.2300,60.6400,60.6900,1537100
20160527,61.3300,61.4500,61.0400,61.1200,1540200
