20150529,51.1000,51.3900,50.8800,51.3500,5847800
20150601,51.3200,51.7200,50.8200,51.0300,7471800
20150602,51.2400,51.4400,50.7300,51.3200,4427900
20150603,49.9100,51.1100,49.6000,50.9900,10138900
20150604,48.5200,49.7700,48.4800,49.5000,10708200
20150605,48.7700,49.2800,48.0600,48.3100,8302200
20150608,48.4400,49.0200,48.2300,48.4200,7286500
20150609,48.1700,48.9300,48.1400,48.8700,7051400
20150610,47.5900,48.4200,47.5800,48.2400,6469700
20150611,47.5400,48.0600,47.3200,47.8400,8190500
20150612,46.9900,47.3800,46.8500,47.3300,6704700
20150615,47.5500,47.7300,46.2800,46.5000,6077400
20150616,47.9300,48.0500,47.1900,47.5800,9386800
20150617,48.5500,48.6800,47.8100,48.2600,9786900
20150618,48.9700,49.2100,48.3800,48.5600,9940500
20150619,48.3400,49.0500,48.0600,48.7700,8163600
20150622,60.8600,61.3800,48.3400,48.3400,101131000
20150623,58.9400,60.5100,58.6300,60.1700,34777700
20150624,57.3700,58.8500,57.1000,58.4800,27072400
20150625,55.2500,57.6900,55.0300,57.0000,32031000
20150626,57.1200,57.8500,55.2400,55.2800,26016100
20150629,56.3800,56.8700,56.1800,56.5500,8502500
20150630,57.3900,57.8800,56.8300,56.8300,9778700
20150701,57.5100,58.2900,57.0900,57.1600,8993700
20150702,57.6000,57.8700,57.2800,57.7900,5519500
20150706,57.1300,58.0100,56.6400,57.1800,5696400
20150707,56.8900,57.0800,55.6300,57.0200,10035600
20150708,56.0100,57.3700,55.5200,57.0500,5937300
20150709,56.4500,57.4600,56.4300,56.9000,6973100
20150710,57.8900,58.0400,56.7300,56.7300,5573300
20150713,58.2300,58.5000,57.6600,57.9100,5110900
20150714,58.0300,58.7700,57.5900,58.2200,8264900
20150715,57.4900,58.1300,57.2200,57.5100,4903000
20150716,57.9600,58.1600,57.4000,57.6300,6215500
20150717,57.6700,58.4900,57.4500,58.0800,9044800
20150720,55.9400,57.5200,55.7800,57.3800,8322600
20150721,54.7000,56.0000,54.3600,55.6700,10924000
20150722,53.5400,54.8100,53.2300,54.2900,6150200
20150723,52.9400,54.0000,52.8300,53.5200,5747200
20150724,52.6400,53.5000,52.4300,52.9300,5346300
20150727,51.8900,52.4700,51.3900,52.3000,8251000
20150728,53.1100,53.7100,51.3400,52.0300,6248800
20150729,54.0100,54.1400,52.6700,52.8400,5606200
20150730,52.9800,53.9200,52.8900,53.9200,3934900
20150731,52.4800,53.6100,52.3400,52.9500,6839000
20150803,51.6500,52.7400,51.3200,52.5200,6339100
20150804,51.2600,52.2500,50.6900,51.9700,5661900
20150805,49.1600,52.6500,48.6500,52.2800,12589700
20150806,48.5300,49.8100,46.8500,48.7200,9119500
20150807,48.8000,49.6700,48.3300,48.3500,5060000
20150810,49.8900,50.0900,48.9300,48.9300,4340400
20150811,49.9800,50.0300,48.5200,48.9500,4698800
20150812,51.1100,51.2000,49.0900,50.0400,5340000
20150813,51.3200,51.5600,50.5400,50.9800,5337000
20150814,52.2300,52.6200,51.6000,51.7600,6144400
20150817,54.9000,55.4200,52.5500,52.6700,12598000
20150818,53.8600,55.0000,53.6500,54.2400,5548500
20150819,53.0100,54.3700,52.3600,53.8500,6665500
20150820,50.7000,53.4900,50.6500,52.8800,6294100
20150821,49.6500,51.1200,49.6500,50.2200,10073600
20150824,46.7400,48.8900,43.3300,45.9000,14258600
20150825,44.6700,48.5100,44.6400,48.3300,10094500
20150826,45.6700,46.1500,44.5000,45.8300,9124500
20150827,47.6800,47.8100,46.3800,46.6200,12760900
20150828,48.9200,49.5000,47.1900,47.5000,7964900
20150831,48.2000,49.1100,47.5400,48.2900,6625400
20150901,46.0100,47.7800,45.6600,46.8700,8615900
20150902,47.2100,47.2300,45.2300,46.6400,8015100
20150903,47.3500,48.4700,47.0500,47.4700,7266800
20150904,46.4200,47.3300,46.1600,46.6500,5117800
20150908,47.0700,47.2800,46.3400,47.2000,4604700
20150909,46.0100,47.7900,45.9100,47.4800,6767300
20150910,44.2700,45.8700,43.1900,45.4100,14694200
20150911,42.9700,43.7700,41.6100,43.6600,13822000
20150914,42.2700,42.9700,41.6200,42.9200,8120600
20150915,43.5700,43.7600,42.4400,42.5000,6790300
20150916,45.8600,46.4400,43.3300,44.0300,15726100
20150917,45.7100,47.0500,45.3200,46.4200,9227600
20150918,46.1400,46.9400,44.9800,45.9600,16578000
20150921,46.3700,46.8500,45.7800,46.1400,8946700
20150922,44.5200,45.8300,44.3200,45.0100,7616200
20150923,42.4700,45.1500,42.2800,44.7800,9137100
20150924,41.8200,42.8800,39.6200,42.6800,13031400
20150925,41.6000,42.8800,41.0300,42.2700,6449400
20150928,36.5600,40.0000,36.2800,39.5700,31172900
20150929,34.9300,37.1700,34.6400,36.8200,19871800
20150930,36.8500,37.1800,35.0100,35.7400,17620600
20151001,38.9800,39.1000,36.8800,37.2400,13848600
20151002,41.0200,41.1200,37.7700,38.2000,9374300
20151005,41.5600,42.2800,40.9500,41.4100,9150900
20151006,42.1200,42.9000,41.4000,41.6500,10089300
20151007,43.5600,43.6300,42.2000,42.6000,12978700
20151008,43.8000,44.5100,43.0900,43.1800,10213500
20151009,43.8300,44.2100,43.1000,44.1400,8062300
20151012,42.5400,44.1400,42.3100,43.9200,6248800
20151013,41.4000,43.0300,41.3400,42.2100,6764600
20151014,40.9700,41.9800,40.7300,41.4900,10312400
20151015,41.6500,41.8000,40.5000,41.0800,8209600
20151016,42.2800,42.6100,41.5200,41.9700,5049900
20151019,41.9300,42.4800,40.9300,41.6300,4977200
20151020,41.4600,42.1700,41.3000,41.4700,5247600
20151021,40.4800,41.6600,40.1000,41.4600,5873000
20151022,39.8100,40.6400,39.4700,40.4100,9198900
20151023,39.2000,40.1600,39.0500,39.6400,6829000
20151026,37.5700,39.2300,37.4100,39.2300,8646100
20151027,37.4700,37.5300,36.6000,37.0300,7152200
20151028,38.3000,39.1800,37.4600,37.5600,9034700
20151029,38.3000,38.7900,37.6500,38.0300,6413700
20151030,39.4400,39.9800,38.1700,38.5100,8266600
20151102,39.5700,40.3100,39.0500,39.1000,6542500
20151103,40.2800,40.7600,39.5500,39.7700,4931000
20151104,38.9300,40.2900,38.3700,40.2500,11144300
20151105,38.2500,39.0300,37.2400,38.8300,8281100
20151106,37.9800,38.1000,37.1300,37.8800,4950500
20151109,36.9500,38.3000,36.8400,37.8100,5565400
20151110,36.8100,37.1400,36.1900,36.8100,3488300
20151111,36.3500,36.8700,35.5900,36.7700,6219200
20151112,35.1000,36.0000,34.8400,35.8600,5755200
20151113,35.1000,35.4700,33.4800,34.8600,7550600
20151116,37.3100,37.4200,34.9200,35.1000,6843500
20151117,37.5600,38.2400,36.4500,37.2600,7904900
20151118,38.1000,38.4300,37.4100,37.7100,5445400
20151119,37.7200,38.3300,36.9900,37.7300,10321800
20151120,36.8200,38.1100,36.5500,37.5800,10599600
20151123,36.6500,37.5400,36.4400,36.7400,11006800
20151124,37.1400,37.5900,36.6500,36.6800,13254700
20151125,36.4400,37.1800,36.0600,36.9000,5348000
20151127,36.1400,36.3800,35.8500,36.0900,2312300
20151130,36.5600,36.6500,35.9000,36.2100,5604400
20151201,36.6600,36.9700,36.1200,36.6900,6501600
20151202,35.4000,36.3800,34.8200,36.2900,8632600
20151203,33.2600,35.6200,33.1400,35.6100,11994800
20151204,31.1100,33.0900,30.7600,33.0900,16569500
20151207,26.9700,29.7100,25.6300,29.5500,25801400
20151208,27.2400,28.4300,25.5200,26.1200,18099100
20151209,28.9400,29.1600,26.7100,26.9700,16909200
20151210,29.6800,29.9400,28.5000,28.5700,11899100
20151211,26.4200,29.0100,26.2400,28.8900,12372700
20151214,25.5700,26.3100,25.0800,26.2200,8904700
20151215,25.8400,26.6100,25.6900,25.8400,12860800
20151216,25.8100,26.1500,25.3600,25.4200,9425100
20151217,23.7000,25.9900,23.5700,25.7600,13430400
20151218,21.5400,24.1900,21.5000,23.9200,31978000
20151221,22.0000,22.0900,20.9500,21.6400,20453800
20151222,22.5700,23.4000,21.9700,21.9900,25095000
20151223,25.3400,25.4400,23.0000,23.0200,27406800
20151224,24.9100,25.8000,24.7500,25.4300,10222100
20151228,24.8100,25.0200,23.9700,24.6600,10681300
20151229,24.8700,25.7100,24.4000,25.1100,9578200
20151230,24.4100,24.8900,23.8300,24.2600,10638100
20151231,25.7000,25.8200,24.0500,24.1200,10001200
20160104,26.2400,26.5900,25.3200,25.5200,10992700
20160105,26.3300,26.6800,25.9100,26.4100,12394300
20160106,22.9000,25.7400,22.9000,25.5400,16953300
20160107,20.6100,22.8000,20.6000,22.2100,12550600
20160108,20.3100,21.2300,19.4700,21.0600,18822000
20160111,18.6900,20.4900,18.3100,20.3100,17669600
20160112,16.5400,19.2200,15.1900,18.9300,49491600
20160113,13.6100,16.5400,12.7700,16.4800,52053600
20160114,18.2900,18.4400,13.2400,13.4200,42552100
20160115,16.1000,18.0000,15.6200,15.7800,24055800
20160119,15.7800,17.6500,15.4100,16.5600,23623400
20160120,15.4900,15.7100,14.1300,15.1900,15921800
20160121,16.0400,16.7900,15.2500,15.4400,17366200
20160122,19.7400,19.8500,16.8700,16.9100,29937000
20160125,18.3100,21.7900,18.2400,19.3100,20556900
20160126,20.4200,20.6600,18.2800,18.9400,18496800
20160127,19.2700,20.4300,18.2500,20.2700,24832100
20160128,19.2900,21.0800,19.0300,20.4100,17344800
20160129,19.3000,19.8400,18.5800,19.4500,14964300
20160201,19.5100,19.8500,18.1100,18.8900,14102100
20160202,18.6900,19.4600,18.5000,18.8500,10517900
20160203,18.4100,19.2300,16.9800,19.0200,15426500
20160204,18.7500,19.1100,17.8000,18.5300,11564700
20160205,17.1200,18.5700,16.9500,18.5100,11478000
20160208,11.1600,15.0000,10.2200,14.9300,62368000
20160209,11.9800,12.1500,11.0000,11.2600,27066200
20160210,12.8500,13.7800,11.2900,11.5600,18373600
20160211,13.2900,13.9800,11.7600,12.0800,16261500
20160212,13.4700,14.5000,13.0000,13.6000,8546300
20160216,15.0100,15.0500,13.8100,13.8800,12197900
20160217,15.6900,16.0000,15.0600,15.4300,9776300
20160218,15.9200,16.2900,14.8100,15.7200,12024500
20160219,15.5100,15.7500,15.0000,15.5900,8547000
20160222,16.1500,16.3900,15.6400,15.9500,8700300
20160223,15.6000,16.1300,15.4100,16.0500,8999400
20160224,16.6300,16.7000,14.7000,15.2900,7289700
20160225,16.0300,16.8500,14.9200,15.7500,19206600
20160226,15.6400,16.7900,15.5000,16.3500,10844700
20160229,15.9900,16.5500,15.5500,15.7500,11488400
20160301,16.5500,16.5900,15.7800,16.1400,6202200
20160302,17.1300,17.2400,16.3200,16.5900,7216400
20160303,18.0900,18.1500,17.0700,17.0800,7095700
20160304,19.1500,19.3500,18.5000,18.6300,17004800
20160307,19.0600,19.9000,18.8000,19.3200,14092700
20160308,17.2600,18.9500,17.1500,18.8900,17389300
20160309,17.9600,18.2000,17.3000,17.6800,13623600
20160310,15.8900,17.3000,14.8400,17.2500,36169600
20160311,16.0100,16.6600,15.9200,16.4100,12225400
20160314,16.5000,16.7700,15.7100,15.9200,9264100
20160315,16.1500,16.1800,15.5300,16.1400,9076500
20160316,17.4400,17.5400,16.2000,16.2000,9897500
20160317,17.7600,18.2100,17.1700,17.7800,9429500
20160318,18.1500,18.3800,17.8200,18.1200,15331000
20160321,17.3500,18.0200,17.2100,17.9900,6444800
20160322,17.6300,17.7100,16.9500,17.1700,6730000
20160323,16.2600,17.8800,15.9500,17.7400,9435600
20160324,15.3500,15.8000,14.8500,15.7900,16641600
20160328,15.1400,15.8800,15.0800,15.7700,9696600
20160329,15.7000,15.7900,14.6500,14.9100,6489000
20160330,15.6600,16.4900,15.6500,15.9000,7705400
20160331,16.0700,16.1200,15.4100,15.6900,7404500
20160401,15.5200,16.3200,15.4000,15.7000,8530700
20160404,15.2100,15.7100,15.2000,15.4200,7161800
20160405,14.8100,15.2000,14.6200,15.0900,7645500
20160406,15.4900,15.8000,14.6000,14.9900,12888400
20160407,15.7100,16.0200,15.3700,15.3900,11928000
20160408,16.2400,16.7500,15.9300,16.1500,16672800
20160411,17.0600,17.5100,16.3700,16.3700,28290100
20160412,17.7100,17.8600,16.8000,17.1900,10688000
20160413,18.3500,18.3900,17.4200,17.6300,9295300
20160414,17.7700,18.5800,17.6000,18.5800,8657900
20160415,17.5500,17.9400,17.3600,17.5700,6250900
20160418,16.6800,17.8800,15.3200,16.9600,34662600
20160419,18.0100,18.0500,16.8400,16.9000,15833700
20160420,18.8300,19.1500,17.5700,17.8300,20928000
20160421,19.1400,19.5900,18.6200,18.9000,15652700
20160422,19.5400,19.8200,19.1400,19.2700,10057400
20160425,19.0600,19.8000,18.6100,19.5900,5929600
20160426,19.3900,19.7000,18.9700,19.2500,8524700
20160427,20.0000,20.5700,19.5600,19.5600,16131100
20160428,19.6400,20.5700,19.5800,20.1100,7938600
20160429,19.3900,20.1400,18.6500,19.8800,8823300
20160502,18.8100,19.3700,18.4600,19.3700,9288300
20160503,19.3900,19.4600,18.4500,18.8500,9144900
20160504,19.2400,19.4300,18.3500,19.1100,9639800
20160505,20.5700,20.6300,18.4100,18.4200,14714800
20160506,19.7000,21.0000,19.6900,20.5200,9332400
20160509,18.9400,19.4500,18.5500,19.3600,9197600
20160510,19.1400,19.5800,18.8400,19.0200,5362600
20160511,19.5000,19.9000,18.8200,19.3200,5533900
20160512,19.0500,19.9800,18.8900,19.8300,6429900
20160513,19.3500,19.8700,18.8500,18.9200,13751300
20160516,20.5900,20.6500,19.4500,19.4500,17288800
20160517,21.5100,21.9700,20.4400,20.5900,11816300
20160518,20.8300,21.7600,20.6600,21.5000,7499600
20160519,21.5400,21.5900,20.1100,20.4300,10949100
20160520,22.1500,22.2600,21.6600,21.8500,12585100
20160523,21.9500,22.2100,20.9000,21.9600,11311900
20160524,22.1300,22.3000,21.4500,22.0300,14953500
20160525,21.2500,22.3300,20.9400,22.3000,15269800
20160526,20.8100,21.5100,20.6700,21.4300,8993200
20160527,21.4800,21.5600,20.5200,20.6900,7883500
