20150624,63.3800,63.4500,63.3800,63.4500,3300
20150625,61.9000,62.9000,61.9000,62.9000,3700
20150626,61.9000,61.9000,61.9000,61.9000,100
20150629,60.8000,60.9200,60.8000,60.9200,300
20150630,60.9000,61.4000,60.3300,61.3300,1815500
20150701,62.4000,62.4000,60.6300,60.7400,192400
20150702,64.9900,65.0000,62.4000,63.0000,1745000
20150706,63.7500,66.4000,62.9900,65.1200,2092300
20150707,62.4700,63.9900,61.5400,63.9100,3053100
20150708,59.7100,63.9000,59.5000,62.5000,3784300
20150709,59.5100,60.9300,58.5100,59.5000,2284200
20150710,61.4000,61.6000,59.4000,59.9700,2237000
20150713,62.1200,62.2500,61.6100,62.0400,1249000
20150714,62.1900,63.0500,61.4400,62.1000,994800
20150715,61.6200,62.9300,61.1300,62.2500,1209900
20150716,62.3200,63.6800,61.5360,61.7000,1365900
20150717,61.7500,63.2500,61.6400,62.6200,1213200
20150720,61.5500,62.9300,61.5000,62.0000,1977000
20150721,59.8500,62.8600,59.6200,61.8400,1801000
20150722,60.1400,61.1400,59.5700,60.3500,900100
20150723,59.8500,60.7800,59.3500,59.7700,1124700
20150724,58.9100,59.9500,57.6600,59.5500,1154600
20150727,58.1900,59.4200,57.8650,58.4500,1255200
20150728,59.3400,59.7500,57.4900,58.5200,1636700
20150729,59.3900,59.7300,58.0800,58.8800,1790200
20150730,62.8300,63.1900,61.0400,61.3600,3530100
20150731,63.0600,63.7500,61.1600,61.5000,1624900
20150803,63.1700,64.7400,62.3900,63.3700,2128000
20150804,62.5700,63.4500,62.2400,62.2500,703000
20150805,62.7500,63.9600,62.2200,63.2900,1499400
20150806,61.7400,62.5000,60.4800,62.0000,2536800
20150807,62.5600,62.6100,60.9800,61.6800,2060900
20150810,62.9800,63.5000,61.9000,62.9900,1424100
20150811,63.4000,64.0000,61.7100,64.0000,1726300
20150812,63.3100,63.8700,61.7100,63.4000,1389100
20150813,63.1300,63.7980,62.3500,63.2600,844300
20150814,63.2300,63.8100,61.9590,63.1300,938700
20150817,63.3400,63.4100,62.6300,62.6300,714200
20150818,63.1600,63.5800,62.9100,63.0200,806200
20150819,62.0700,63.2900,62.0700,62.9800,1076900
20150820,60.6800,61.7500,60.3800,61.7500,1297300
20150821,59.0100,60.2650,58.6300,60.2200,1958400
20150824,56.4600,60.2900,53.4800,56.6600,2146000
20150825,55.5000,58.3700,55.0100,58.3000,2348700
20150826,56.4500,57.9400,55.1500,57.1300,1860500
20150827,59.2200,59.2500,57.7400,58.2400,1874600
20150828,60.2600,60.4200,59.2200,59.3200,1508700
20150831,59.3500,60.2300,58.6400,60.0900,1681300
20150901,58.4300,59.1200,57.6600,58.5000,1851500
20150902,58.1700,59.4400,57.4500,58.9200,1237800
20150903,58.7200,59.6400,58.1800,58.3500,1105600
20150904,57.3500,58.3300,57.2500,57.2600,821100
20150908,58.6000,58.6800,57.6900,58.1400,625500
20150909,58.2500,60.0600,58.1300,59.0000,1079400
20150910,58.7400,59.4100,58.0300,58.1300,1663000
20150911,58.7500,59.7800,58.0200,58.5000,1032800
20150914,59.5800,59.6200,57.5500,58.7500,1485300
20150915,59.6800,62.9900,58.6700,62.9900,1421800
20150916,58.7900,59.2300,57.0100,59.2300,1965000
20150917,57.7300,59.1800,57.3800,58.6800,1228600
20150918,55.7000,57.3300,55.6000,56.9700,2215400
20150921,55.8600,57.6800,55.4900,57.6800,1649300
20150922,53.9400,56.9900,53.4500,56.9900,1991900
20150923,52.7900,55.0200,52.5800,53.8300,1841300
20150924,52.3100,52.4500,50.5000,51.0100,2477600
20150925,51.9500,52.7800,51.6700,52.5700,1469200
20150928,49.9700,51.9200,49.9000,51.3600,1764800
20150929,50.5700,51.2700,48.8000,49.3800,1774600
20150930,51.4400,54.7600,50.6200,54.7600,1591800
20151001,52.0000,56.0500,51.0900,55.2200,2199800
20151002,53.0100,53.0500,49.9900,49.9900,1927900
20151005,54.1000,54.3800,53.1100,53.4000,1544700
20151006,54.3100,55.0500,53.9700,54.3600,2160800
20151007,54.0600,54.8300,51.5400,51.5400,2451400
20151008,54.1900,54.6400,53.5600,53.9200,1810400
20151009,57.5700,57.7200,55.0100,55.0100,3475500
20151012,56.3300,57.5900,55.4800,57.5300,1297300
20151013,55.5400,56.8000,55.4500,55.6600,1769000
20151014,55.7600,56.1900,55.2800,55.5800,1020400
20151015,56.0100,56.1300,54.9500,55.5700,876800
20151016,55.7900,57.8500,54.7600,57.8500,1397000
20151019,54.2700,55.7290,53.6620,55.1900,1440200
20151020,53.7600,54.4400,51.3600,53.8400,1125900
20151021,52.5700,54.2000,51.7500,54.2000,1553000
20151022,52.5000,53.7600,51.9300,53.1700,1879300
20151023,53.3700,53.7100,52.6400,52.6900,1502200
20151026,53.2600,53.3550,52.1900,53.3000,1164100
20151027,53.0700,53.3100,52.1700,52.7900,1021600
20151028,54.4100,54.9200,52.9600,54.8000,1828700
20151029,54.0600,54.8300,52.0200,52.7100,1101200
20151030,53.7600,54.5600,53.7600,54.1100,1046000
20151102,54.1000,54.6500,53.5200,53.5600,1169700
20151103,53.2200,53.8200,51.0200,51.0200,1388200
20151104,53.2500,54.8400,53.1200,54.8400,1021700
20151105,51.3800,52.5900,48.2000,49.9800,3935000
20151106,53.6600,53.7300,50.9200,50.9200,1404600
20151109,51.9000,54.0900,51.1200,51.1300,1495500
20151110,51.3300,52.5900,50.3300,52.5900,1202600
20151111,51.5600,51.9500,50.4400,50.4400,801000
20151112,49.2700,50.9200,49.2400,50.4000,1346500
20151113,48.5500,49.9800,48.4300,48.9200,1642000
20151116,47.9300,48.7450,47.6500,48.6000,2369700
20151117,47.7500,49.0400,46.2900,46.2900,2299700
20151118,49.5700,49.6200,47.6400,47.6400,1771500
20151119,50.1800,50.5000,48.9800,49.2900,1537400
20151120,50.1100,50.7000,49.8400,50.3600,986300
20151123,50.4000,50.8900,49.1100,49.1100,1194300
20151124,50.5000,52.6200,50.0400,52.6200,1721700
20151125,50.2800,51.0200,48.9900,49.9300,926100
20151127,50.4100,50.6800,49.9910,50.1200,289000
20151130,50.6300,52.1000,50.5200,52.1000,1461800
20151201,51.0200,51.7200,50.4000,50.7800,1055800
20151202,50.3700,51.5700,49.7700,49.7700,1084300
20151203,50.5300,52.1000,50.0100,52.1000,1244200
20151204,50.4200,50.7800,49.7800,50.6700,827700
20151207,48.9600,50.4200,48.9000,49.3100,1540500
20151208,48.0000,49.1800,47.9800,48.8600,1232200
20151209,48.0500,48.8200,47.5000,48.1400,1529200
20151210,46.9100,48.3400,46.5000,47.0300,3138900
20151211,45.7600,46.9800,45.6100,46.1800,1569300
20151214,44.1500,45.9300,43.9000,45.6500,2078600
20151215,43.5700,45.5620,43.5500,44.6700,3263600
20151216,44.9200,45.0100,42.7500,44.0100,3985900
20151217,44.8700,45.2900,44.4200,44.7900,3345600
20151218,44.0900,45.3820,44.0400,44.9800,5003500
20151221,44.4800,44.8500,44.0200,44.2500,3419000
20151222,44.0400,44.7600,43.3250,44.5400,2501600
20151223,45.5100,45.6250,44.0700,44.4600,1720000
20151224,45.5100,46.1100,45.2900,45.6900,442100
20151228,45.6300,45.6600,44.9100,45.4100,943500
20151229,45.8700,46.3000,45.6800,45.9400,881700
20151230,45.7600,46.0750,45.5200,45.7100,1051100
20151231,45.6200,46.3550,45.4000,45.4500,972200
20160104,45.5200,45.5300,44.3950,44.8100,1646300
20160105,45.4900,45.7050,45.2400,45.5700,1566900
20160106,44.2300,44.8950,44.0000,44.7000,1378300
20160107,43.7900,44.5800,43.1500,43.3200,1994400
20160108,41.9300,43.6700,41.7400,43.5400,2958800
20160111,39.7600,42.2000,39.4100,42.0700,3725500
20160112,38.3500,40.4400,37.9000,40.0200,3538000
20160113,37.9600,40.0200,37.8900,37.9200,4673600
20160114,38.5000,38.9300,37.4200,38.1400,1770900
20160115,37.0500,38.1600,36.9000,37.5500,2434400
20160119,36.4600,37.5800,36.2180,37.4400,2377800
20160120,36.0500,36.7700,34.5200,35.8800,2680400
20160121,36.4100,37.3600,35.7800,36.2300,1647800
20160122,37.7400,38.1800,36.9100,37.2500,1873200
20160125,32.1100,34.1900,31.5300,34.0700,8386700
20160126,32.0800,32.9400,31.8600,32.4000,2887300
20160127,32.6000,33.7100,31.7300,31.7300,2064400
20160128,31.6500,33.3000,31.6300,32.8000,2466400
20160129,35.2800,35.4100,31.7000,31.8600,5158800
20160201,35.0100,35.2600,33.4000,34.7900,3585500
20160202,33.3600,34.3900,33.3200,34.1400,3029800
20160203,33.3100,34.3100,32.8900,33.9500,3746800
20160204,34.4300,34.5500,33.1100,33.1300,3319000
20160205,33.4000,34.8600,33.3000,34.2100,1402300
20160208,32.1900,33.3900,31.8000,33.2000,2067300
20160209,32.6900,32.9270,31.6300,31.6700,3128800
20160210,31.3500,33.1500,31.2900,31.6300,3092800
20160211,29.9400,31.3000,29.7300,30.8200,2988300
20160212,31.0300,31.0900,30.1200,30.3800,2271300
20160216,31.5100,31.6900,30.6900,31.5000,2352800
20160217,32.7100,33.1200,31.7100,31.9400,2006800
20160218,32.7300,33.1600,32.0000,32.8500,1989100
20160219,31.5600,32.4900,30.5600,31.6700,3522600
20160222,32.3500,32.9700,31.7600,32.9700,1491900
20160223,32.5800,32.6800,31.9300,32.1700,1446700
20160224,32.3100,32.6300,31.6600,32.0100,1663900
20160225,32.4200,32.9900,31.8400,32.5600,1436000
20160226,33.5600,34.0930,32.1900,32.5400,2113600
20160229,33.7700,35.1900,32.5400,32.5400,2816500
20160301,35.4000,35.4150,33.9800,34.1800,1932600
20160302,36.9000,36.9800,35.0700,35.2000,2884100
20160303,37.6800,37.8300,36.7300,36.7300,2447500
20160304,36.7600,38.0000,36.2300,37.9100,3203000
20160307,36.2400,37.1900,35.6300,36.6400,2099400
20160308,35.3600,36.1350,34.6600,35.8400,2397300
20160309,35.6000,36.0400,35.2800,35.6500,2395300
20160310,35.0400,35.9200,34.5600,35.6400,1716100
20160311,36.9600,36.9900,35.1650,35.5300,1555200
20160314,38.0200,38.4100,36.3000,36.3000,2475900
20160315,37.0200,37.9300,36.4000,37.9300,1277600
20160316,37.9900,38.2500,36.6050,37.0500,2021700
20160317,39.3900,39.5900,37.7500,37.7500,2604900
20160318,39.4300,39.9000,38.2900,39.5000,8024600
20160321,40.1100,40.6470,39.2700,39.2700,2767600
20160322,40.1900,40.4400,39.5200,39.6800,2173000
20160323,39.2000,40.1200,39.0300,39.8600,1255600
20160324,38.5300,38.7400,38.1500,38.6300,1519100
20160328,38.4600,38.7600,38.0500,38.6600,1116600
20160329,38.9600,38.9800,37.4000,38.0900,1378300
20160330,38.2500,39.3200,37.5000,38.9900,1509700
20160331,39.0300,39.0700,38.0800,38.1600,2292100
20160401,39.2000,39.4800,38.4600,38.7800,1975300
20160404,37.8400,39.3900,37.7800,39.0000,1351300
20160405,36.4700,37.6500,36.1900,37.4700,1503700
20160406,37.3500,37.3700,36.3900,36.3900,1355100
20160407,37.0000,37.4500,36.7850,36.9400,1816200
20160408,37.1900,37.4000,35.5200,35.5200,1878000
20160411,37.2300,38.0600,37.0300,37.5900,1039900
20160412,37.9400,38.0500,36.9600,37.2100,1549000
20160413,39.1100,39.1500,38.0900,38.2300,1352600
20160414,38.3100,39.2000,38.0400,39.2000,1500200
20160415,38.6200,38.9800,38.1200,38.1200,1760400
20160418,39.0100,39.0100,38.0600,38.0600,1380300
20160419,39.7900,40.3100,39.2100,39.2500,1680200
20160420,39.5500,40.0700,39.4250,39.7900,1455700
20160421,39.4100,40.1800,39.3500,39.4100,1646600
20160422,40.7400,40.9700,38.8400,38.8400,2869000
20160425,39.7400,40.5000,38.9700,40.2500,1776900
20160426,40.8000,40.9200,39.7300,39.7300,2161500
20160427,41.6300,41.8800,40.6600,40.7300,2022900
20160428,41.7500,42.3200,40.8600,41.2400,3306900
20160429,41.8500,44.4850,40.9100,43.5200,2842500
20160502,41.3200,41.8000,40.5100,41.8000,1913600
20160503,39.9300,41.0300,39.3900,41.0300,2337700
20160504,38.9600,39.5700,38.3400,39.5700,2309900
20160505,40.1900,40.3100,38.8000,39.0700,1819300
20160506,40.9000,41.0300,39.7100,40.0500,1598800
20160509,41.5700,41.6900,40.8100,40.9400,1733500
20160510,42.4300,42.4700,41.4050,41.9500,2271900
20160511,42.7800,43.2600,41.7300,42.5100,2614500
20160512,42.5100,43.6000,42.2990,43.2100,1509300
20160513,42.5600,42.8900,41.8200,42.4500,2150100
20160516,39.6300,41.1000,38.2900,39.3300,3783000
20160517,37.9700,39.2100,37.5800,39.2000,3801700
20160518,37.4000,38.4400,37.1020,38.0100,1925500
20160519,37.0000,37.4400,36.1200,37.4400,1488500
20160520,37.9000,37.9200,37.0100,37.0500,1768100
20160523,38.0500,38.3500,37.7700,37.8300,1809200
20160524,38.6900,38.8500,38.0500,38.2300,1678400
20160525,39.4000,39.7800,38.6900,39.0300,1438200
20160526,39.3200,39.6400,38.7900,39.6400,992000
20160527,39.7800,39.8500,39.1000,39.3100,1002000
