20150529,21.9500,22.2100,21.8500,22.1900,5118400
20150601,21.9500,22.0500,21.7600,22.0100,4303900
20150602,22.1200,22.1400,21.9200,21.9800,3746800
20150603,22.2300,22.3400,22.1000,22.1600,3546000
20150604,21.8900,22.2100,21.8500,22.0500,2653200
20150605,21.7600,21.9400,21.6900,21.8900,3612500
20150608,21.5200,21.8300,21.4900,21.7600,3961700
20150609,21.5700,21.7200,21.4400,21.5700,4435200
20150610,21.8000,21.9400,21.5200,21.5600,3817800
20150611,21.8600,21.9600,21.7600,21.8300,3946500
20150612,21.4700,21.6000,21.4100,21.5600,4650800
20150615,21.1900,21.3000,21.0500,21.2900,5997400
20150616,21.2900,21.3200,21.1000,21.2000,3260100
20150617,21.1400,21.4200,21.1200,21.3700,3656400
20150618,21.2800,21.2900,21.0700,21.1900,6164900
20150619,21.3000,21.3200,21.1100,21.2500,6186000
20150622,21.4700,21.4700,21.3000,21.4600,2658900
20150623,21.4300,21.5900,21.4200,21.4700,3448200
20150624,21.1400,21.4400,21.0900,21.3800,3214300
20150625,20.8700,21.1500,20.8700,21.1100,5734600
20150626,20.6100,21.0000,20.5400,20.9700,6497100
20150629,20.3600,20.7000,20.3400,20.4400,6094200
20150630,20.3300,20.6100,20.2700,20.5400,5592900
20150701,20.3900,20.5200,20.3400,20.4900,4445400
20150702,18.9900,19.6000,18.9300,19.0000,19018000
20150706,18.9500,19.0000,18.6800,18.9000,9714400
20150707,19.1000,19.3000,18.7500,19.0900,7552500
20150708,18.8500,19.0200,18.8400,18.8800,6724800
20150709,18.9100,19.2800,18.9100,19.1700,4801600
20150710,19.0300,19.1400,18.9400,19.0500,3980500
20150713,19.0900,19.1800,18.9900,19.1800,3517200
20150714,19.1700,19.2300,19.0700,19.0900,4818300
20150715,18.9600,19.1900,18.8600,19.1600,4211600
20150716,19.2700,19.3600,18.8900,18.8900,6953100
20150717,19.2000,19.3600,19.1800,19.2700,4493900
20150720,19.2000,19.3400,19.1400,19.1700,3228400
20150721,19.1000,19.2700,19.0400,19.1900,3490100
20150722,19.1100,19.3200,19.0800,19.1300,3210300
20150723,18.9000,19.1500,18.8600,19.1100,3296400
20150724,18.6500,19.0200,18.6100,18.9100,2833100
20150727,18.3600,18.6200,18.3300,18.5900,3416600
20150728,18.6400,18.7000,18.1600,18.4700,11025900
20150729,19.0400,19.0500,18.6200,18.6500,5638700
20150730,19.0200,19.1700,18.7300,18.9500,7293000
20150731,20.2400,20.4800,19.8100,20.1500,15718300
20150803,20.2200,20.2700,19.9000,20.2600,7428900
20150804,20.1700,20.4800,20.0300,20.3400,6274100
20150805,20.3300,20.5700,20.2900,20.3700,5635800
20150806,20.3700,20.5500,20.2900,20.3400,9713100
20150807,20.4000,20.4400,20.2500,20.3200,6542200
20150810,20.5500,20.6200,20.4800,20.5100,4537200
20150811,20.4000,20.5300,20.3000,20.4000,4423800
20150812,20.4200,20.5000,20.1100,20.2400,5583600
20150813,20.3800,20.5000,20.3400,20.4100,2604900
20150814,20.3500,20.4800,20.2500,20.3100,3293200
20150817,20.4200,20.4400,20.2100,20.3100,2334000
20150818,20.3800,20.6000,20.3200,20.4500,3161200
20150819,19.9500,20.2700,19.8500,20.2400,4910200
20150820,19.4900,19.8900,19.4700,19.7700,5913200
20150821,18.7400,19.3800,18.7200,19.3000,8735100
20150824,17.7900,18.3500,16.9100,17.6700,20435400
20150825,17.8100,18.4500,17.7900,18.2300,10439600
20150826,18.3000,18.3100,17.7500,18.2400,7366400
20150827,18.5900,18.7300,18.1500,18.5100,6572100
20150828,18.5600,18.6700,18.4600,18.5000,4285300
20150831,18.4400,18.7000,18.4100,18.5000,4390500
20150901,17.7200,18.1500,17.6000,18.0100,7169900
20150902,18.0500,18.0500,17.7200,17.9300,4512800
20150903,18.4700,18.5200,18.1400,18.1500,6126000
20150904,18.2500,18.3700,18.1500,18.2000,5616700
20150908,18.6100,18.6300,18.2800,18.5100,4094300
20150909,18.2300,18.8600,18.1800,18.7000,5100600
20150910,18.4100,18.5300,18.1200,18.2000,3883000
20150911,18.3100,18.4000,18.1600,18.4000,4692100
20150914,18.1200,18.3400,18.0200,18.3100,4855000
20150915,18.6600,18.7300,18.1500,18.1700,6091400
20150916,18.9400,19.0300,18.5900,18.6600,5134100
20150917,18.8800,19.1900,18.7700,18.9300,3864200
20150918,18.5800,18.7400,18.4700,18.6300,8443900
20150921,18.7700,18.8200,18.6100,18.7200,4168200
20150922,18.5000,18.6000,18.3500,18.5100,3372600
20150923,18.4600,18.5800,18.3500,18.5000,2413600
20150924,18.2500,18.3600,18.0200,18.3200,3415500
20150925,18.2100,18.4800,18.1000,18.4500,4287500
20150928,17.8500,18.2000,17.6200,18.1600,5550300
20150929,18.1000,18.2200,17.7800,17.8800,7781500
20150930,18.3600,18.5100,18.0100,18.3100,4902700
20151001,18.2100,18.4500,18.0200,18.3900,4298100
20151002,18.5500,18.5500,17.7600,17.7600,4389700
20151005,18.7400,18.9100,18.5300,18.7300,6777400
20151006,18.6100,18.8700,18.5800,18.7300,5089900
20151007,18.8000,18.9600,18.6500,18.7400,4969600
20151008,19.2000,19.4000,18.7000,18.7800,4671000
20151009,19.1300,19.5700,19.0900,19.1900,4741000
20151012,19.1400,19.3400,19.0900,19.1400,2912500
20151013,18.9400,19.2500,18.8400,19.0800,3502800
20151014,18.7100,19.2200,18.6500,18.9500,6140100
20151015,18.9400,19.0300,18.7600,18.8300,4690700
20151016,19.0800,19.0900,18.9000,18.9600,2696200
20151019,19.0800,19.2700,18.9400,18.9900,2845200
20151020,19.0300,19.1900,18.9900,19.0600,4416900
20151021,19.0700,19.2500,19.0100,19.0900,4076500
20151022,19.6600,19.6800,19.2200,19.2200,4046800
20151023,19.7600,19.8700,19.5200,19.8000,3937300
20151026,19.6400,19.7900,19.5000,19.7500,4850000
20151027,19.2300,19.5300,18.3800,19.5100,13035900
20151028,19.5900,19.6100,18.9400,19.2300,5873000
20151029,19.0100,19.5400,18.9600,19.5400,5693200
20151030,19.2500,19.3200,18.9200,19.3200,5218500
20151102,19.4000,19.4300,19.1400,19.2400,3496700
20151103,19.4300,19.5900,19.2800,19.3200,4309100
20151104,19.2700,19.5000,19.2100,19.4300,3490000
20151105,19.5700,19.7300,19.3000,19.3000,6052700
20151106,19.8600,19.9000,19.4500,19.6000,4509100
20151109,19.4300,19.7500,19.3000,19.7500,3760800
20151110,19.4100,19.5700,19.2000,19.4000,3070200
20151111,19.2800,19.5100,19.2400,19.4400,2888600
20151112,18.7900,19.1700,18.7700,19.1000,4239100
20151113,18.5500,18.8300,18.5000,18.7500,3799200
20151116,18.7300,18.7300,18.4500,18.4800,3991800
20151117,19.0200,19.3100,18.7200,18.7300,4643400
20151118,19.5000,19.5100,19.1200,19.1300,4095300
20151119,19.0800,19.5000,18.9100,19.4500,5353600
20151120,19.0600,19.2100,19.0000,19.2000,3164200
20151123,18.9400,19.1200,18.9400,19.1100,2703700
20151124,18.8200,18.9200,18.6400,18.8200,3911000
20151125,18.8000,18.9000,18.7100,18.8700,1932300
20151127,18.7800,18.8700,18.6000,18.7900,1470400
20151130,18.8600,19.0400,18.7700,18.7800,4231100
20151201,19.2000,19.3000,18.9500,18.9700,5660900
20151202,18.9300,19.2100,18.8700,19.1600,3907600
20151203,18.6700,19.0400,18.6000,18.9600,6033400
20151204,18.9200,18.9700,18.6400,18.7100,5829700
20151207,19.0200,19.0300,18.5700,18.8300,5772700
20151208,18.9200,19.1300,18.7500,18.8600,4551900
20151209,18.8700,19.2500,18.7800,18.7800,4945400
20151210,18.9000,19.1300,18.8500,18.8800,3703500
20151211,18.2800,18.7400,18.2300,18.6400,3603700
20151214,18.1400,18.4700,18.0000,18.3700,4191700
20151215,18.0800,18.2100,17.9700,18.1400,5623500
20151216,18.5200,18.5600,18.1900,18.2700,3760800
20151217,18.1300,18.6400,18.1300,18.5700,3442800
20151218,17.8000,18.0900,17.7500,18.0600,6063400
20151221,18.0100,18.1200,17.8600,17.9200,2866700
20151222,18.2600,18.3000,18.0200,18.0700,2684000
20151223,18.5100,18.5300,18.3500,18.3700,2534200
20151224,18.5000,18.6600,18.4500,18.4900,1418100
20151228,18.2400,18.5000,18.2100,18.4400,2183600
20151229,18.4300,18.5300,18.3200,18.3200,2079200
20151230,18.2400,18.4700,18.2300,18.4100,2416300
20151231,17.9100,18.1900,17.9100,18.1000,2210000
20160104,17.6200,17.6400,17.3800,17.5600,5887800
20160105,17.5500,17.7700,17.4400,17.6600,3689300
20160106,17.1500,17.3600,17.1000,17.3200,4842100
20160107,17.0500,17.1700,16.8100,16.8100,5841000
20160108,16.9100,17.2800,16.8500,17.0900,4534800
20160111,16.8700,17.0700,16.6600,17.0100,3320600
20160112,17.0300,17.2200,16.6900,17.0700,3809300
20160113,16.5900,17.1000,16.5100,17.0900,4489800
20160114,17.1300,17.2100,16.5200,16.7000,5083700
20160115,16.6400,16.8300,16.3500,16.6600,5332800
20160119,16.4400,16.9000,16.2600,16.8900,5758500
20160120,16.5000,16.6600,16.0200,16.1600,6444800
20160121,16.9100,17.1400,16.4200,16.5400,6919900
20160122,17.4100,17.4200,17.1100,17.2600,6242100
20160125,16.9400,17.4000,16.8900,17.3500,5482600
20160126,17.3000,17.3600,16.9400,16.9900,2909400
20160127,16.8500,17.4400,16.7900,17.1700,5151400
20160128,17.1200,17.1900,16.7700,17.0200,4701300
20160129,17.8400,17.8900,17.1700,17.1900,7118200
20160201,17.6400,17.7300,17.5200,17.6600,5949200
20160202,17.0800,17.4900,16.9900,17.3900,5565700
20160203,17.2800,17.3700,16.9400,17.2400,4721700
20160204,17.5500,17.6200,17.1300,17.3100,3567100
20160205,17.5600,17.8200,17.3500,17.5500,6838500
20160208,17.4100,17.5000,16.8600,17.3800,9625200
20160209,17.0000,17.2700,16.8900,17.0500,7041800
20160210,17.0100,17.4900,16.2300,16.2400,8090200
20160211,16.8800,17.0300,16.4800,16.5900,8706500
20160212,17.5600,17.7400,17.0600,17.0900,5008500
20160216,18.4000,18.4900,17.8000,17.8000,8626500
20160217,18.4900,18.7900,18.2400,18.5200,6157000
20160218,18.2100,18.4800,18.1600,18.4700,5808700
20160219,18.1900,18.2900,18.0800,18.1300,6143800
20160222,18.3600,18.3800,18.2000,18.2400,6544600
20160223,17.9500,18.3800,17.9400,18.1300,5589300
20160224,18.1300,18.2200,17.5200,17.7800,4516900
20160225,18.3500,18.3700,18.0200,18.2100,3823600
20160226,18.4600,18.5700,18.3900,18.4800,4449200
20160229,18.2600,18.6000,18.2500,18.3900,4403000
20160301,18.6200,18.6800,18.3000,18.4400,4289100
20160302,18.4600,18.5900,18.2800,18.5200,4467300
20160303,19.0900,19.1500,18.6100,18.6700,5842300
20160304,19.2500,19.4600,19.0500,19.0600,6084400
20160307,19.5200,19.6100,19.1000,19.1000,4958000
20160308,19.1100,19.4500,19.0800,19.4200,6521000
20160309,19.2200,19.3900,19.0600,19.0700,5324400
20160310,18.7600,19.4100,18.5900,19.2600,7924000
20160311,19.1100,19.1400,18.8800,18.9300,3564600
20160314,19.1000,19.1600,18.9600,19.0700,2772600
20160315,18.4800,18.8300,18.4200,18.8100,4219500
20160316,18.6500,18.7200,18.4100,18.4400,3806200
20160317,19.0000,19.0900,18.6500,18.6700,4267200
20160318,19.1300,19.2600,18.9200,19.0300,8724500
20160321,19.1000,19.3100,18.9200,19.0700,3295900
20160322,18.9000,19.1100,18.8600,18.9400,5615700
20160323,18.8000,18.9700,18.7100,18.9000,3740600
20160324,18.7800,18.8500,18.6100,18.6800,4246200
20160328,18.8500,19.0600,18.8200,18.8900,3128600
20160329,19.1400,19.1900,18.7800,18.7800,3212100
20160330,19.3300,19.4000,19.1400,19.2100,4451500
20160331,19.2900,19.5200,19.2700,19.3300,4740400
20160401,19.4900,19.5000,19.1100,19.1500,3473800
20160404,19.3900,19.5800,19.3300,19.5000,2908900
20160405,19.2900,19.4900,19.1300,19.1500,5398700
20160406,19.7000,19.7100,19.2800,19.3500,4751400
20160407,19.4400,19.6100,19.1700,19.5100,5389400
20160408,19.6000,19.7400,19.4900,19.5900,4128100
20160411,19.7200,19.9200,19.6500,19.7100,4908000
20160412,19.8900,19.9000,19.6600,19.7700,5503200
20160413,20.0600,20.1200,19.8300,19.9400,5103300
20160414,19.9500,20.0900,19.8300,20.0700,4948200
20160415,19.9900,20.0300,19.8500,19.9100,5244200
20160418,20.1100,20.1300,19.8600,19.9900,2487100
20160419,20.1200,20.2500,20.0300,20.1100,3929400
20160420,20.1800,20.3000,20.0600,20.0600,4058800
20160421,20.0700,20.3700,20.0300,20.1900,3636400
20160422,20.0700,20.2500,20.0100,20.0300,5994800
20160425,19.9700,20.0000,19.7900,19.9500,4236300
20160426,20.2100,20.2300,20.0200,20.0700,2729600
20160427,20.5200,20.5700,20.1700,20.2500,3478100
20160428,20.1200,20.4500,20.0600,20.4100,3402800
20160429,20.0000,20.0700,19.8100,20.0600,3556600
20160502,20.1000,20.1800,19.9800,20.1100,5291800
20160503,19.8300,20.0400,19.7000,19.9700,6164800
20160504,19.0100,19.9700,18.8600,19.7300,8927400
20160505,18.8400,19.2600,18.8100,19.0800,6805100
20160506,19.0000,19.0500,18.7300,18.8200,4357400
20160509,19.0500,19.1700,18.9300,18.9800,3319600
20160510,19.3600,19.3800,19.1300,19.1300,3433900
20160511,19.1500,19.3800,19.1100,19.3200,3145400
20160512,19.2500,19.3300,19.0500,19.2500,4291100
20160513,19.1800,19.3900,19.0800,19.2300,4154500
20160516,19.2200,19.4000,19.1000,19.1800,3705100
20160517,19.0500,19.2800,18.9900,19.1500,2607700
20160518,19.0800,19.2300,18.8900,19.0300,2878100
20160519,18.8900,19.0600,18.7500,18.9400,2582500
20160520,19.2500,19.3400,18.9900,19.0100,3681800
20160523,18.9900,19.3000,18.9800,19.2400,3603000
20160524,19.2600,19.3100,19.1300,19.1600,2475600
20160525,19.4000,19.6900,19.3300,19.6900,2079500
20160526,19.2700,19.4600,19.2600,19.4100,2467800
20160527,19.4700,19.4900,19.2700,19.2700,2391300
