20150529,47.4200,48.4400,47.3200,48.0200,5359700
20150601,48.3300,48.5300,47.9200,48.0800,6440100
20150602,47.7800,48.2800,47.5700,48.0600,3710200
20150603,47.3700,48.1200,47.2900,48.0000,3009000
20150604,47.2100,47.2300,46.5900,46.7000,4442600
20150605,47.2900,47.4100,46.8000,47.0300,2549400
20150608,46.3300,47.4900,46.2900,47.2300,3102900
20150609,46.4500,46.7600,46.1200,46.1200,3357300
20150610,47.0000,47.1400,46.4100,46.6000,1915800
20150611,47.2200,47.3000,46.9500,47.2400,1618500
20150612,46.6500,47.0300,46.5300,47.0300,1410500
20150615,46.3100,46.5600,46.0400,46.3600,3418200
20150616,46.8000,46.8800,46.1600,46.1600,1657200
20150617,46.6300,46.9900,46.4400,46.7500,2329300
20150618,47.1600,47.2200,46.6800,46.7000,2108800
20150619,46.3000,47.1500,46.0600,47.1500,5513600
20150622,46.5500,46.7800,46.0700,46.6800,3355100
20150623,46.1100,46.7500,45.8800,46.6700,3131000
20150624,45.7500,46.1600,45.6200,46.1000,2323700
20150625,45.6800,45.9600,45.5200,45.8300,2567300
20150626,44.8000,45.6100,44.6500,45.5700,7747500
20150629,43.9700,44.9900,43.9500,44.3100,5104800
20150630,44.1600,44.5600,43.8700,44.4300,3162100
20150701,44.1000,44.9100,43.9500,44.5800,2497100
20150702,43.8400,44.1400,43.5500,44.1100,2561800
20150706,43.4400,43.7900,43.1000,43.4100,3612900
20150707,43.6200,43.6800,42.5800,43.4500,3373800
20150708,42.6600,43.3300,42.5200,43.1400,3632300
20150709,41.8500,43.3600,41.8300,43.2500,3417000
20150710,41.9400,42.5300,41.7700,41.8700,2507000
20150713,42.5200,42.5900,41.8400,42.3500,2201000
20150714,42.8800,42.9200,42.3200,42.5600,2164700
20150715,42.6400,42.9000,42.3600,42.7800,1732800
20150716,42.2800,42.8900,42.1700,42.8000,2591700
20150717,42.6600,42.6900,42.0200,42.3500,2814700
20150720,42.2500,42.6600,42.2500,42.6600,2431900
20150721,41.6500,42.4400,41.5300,42.2500,3010800
20150722,41.0700,41.3900,40.6200,40.9600,3861900
20150723,41.2800,42.3000,40.7100,41.0400,5440100
20150724,40.2400,41.3100,40.1200,41.2500,4854600
20150727,40.0600,40.3000,39.4200,39.9000,3383800
20150728,41.1900,41.4100,40.0100,40.2800,3797100
20150729,41.5400,41.6700,40.4100,41.0500,2869500
20150730,41.6700,41.8800,41.2700,41.4500,2273700
20150731,41.7500,41.9600,41.5000,41.7900,2711800
20150803,41.9000,41.9400,41.3100,41.5400,3349400
20150804,41.6700,42.1100,41.4900,41.6000,4157900
20150805,42.7100,42.8500,41.8700,42.0300,3281000
20150806,42.8800,43.0700,42.2900,42.5100,4788500
20150807,43.2000,43.4300,42.3100,42.4500,4184400
20150810,44.1300,44.3600,43.4100,43.5900,4137000
20150811,43.1800,43.9300,42.9100,43.8500,4560400
20150812,43.5700,43.8200,42.6200,42.7000,3402500
20150813,43.1500,43.7600,43.0000,43.7000,2824700
20150814,43.4500,43.6300,42.7800,43.0700,3720500
20150817,43.9300,44.1000,43.0700,43.2600,1848100
20150818,42.9600,43.8300,42.9100,43.7900,2115200
20150819,42.5000,43.3900,42.0300,43.3900,2655400
20150820,41.2600,42.1200,41.2600,41.9700,2511800
20150821,40.4000,41.5500,40.4000,40.9100,11609600
20150824,39.4500,40.9200,38.8100,39.1100,5807100
20150825,38.7800,40.3700,38.7300,40.1000,4519700
20150826,41.2400,41.3100,39.1100,39.6900,5544400
20150827,42.2600,42.6200,41.3700,41.6900,6191400
20150828,42.2700,42.4500,41.8200,41.8600,2376300
20150831,41.8900,42.3800,41.7200,42.1200,2471800
20150901,40.3100,41.0900,40.0200,40.7100,4282600
20150902,40.8400,41.5600,40.2400,40.9900,2798700
20150903,41.1900,41.5400,40.4400,41.1000,2426400
20150904,40.0700,40.7800,39.9500,40.5200,3185200
20150908,42.7600,42.8400,41.0000,41.1200,3590600
20150909,41.5900,43.4200,41.5500,43.3200,3531800
20150910,41.7700,42.2700,41.3500,41.5600,2223500
20150911,41.9300,41.9500,41.3300,41.5700,2042400
20150914,42.8300,43.3800,42.5400,42.9000,3438400
20150915,43.1500,43.4000,42.9600,42.9700,2211400
20150916,43.3700,43.4800,42.8000,43.0900,1705500
20150917,43.0900,43.8100,43.0200,43.3000,1831500
20150918,42.6300,43.1700,42.1500,42.5700,3523100
20150921,42.3600,43.3100,42.1900,42.7800,3171700
20150922,41.7700,41.9500,41.4700,41.7300,2257300
20150923,41.5100,42.0600,41.3700,41.9200,1821800
20150924,42.0000,42.1900,40.8900,41.2400,2693200
20150925,41.9300,42.5400,41.6200,42.3200,1721700
20150928,40.6600,42.2700,40.6000,41.7700,2766400
20150929,40.9600,41.0700,40.4500,40.6600,2588400
20150930,42.4000,42.4400,41.0600,41.3900,2655300
20151001,41.8600,42.6900,41.1200,42.5500,2073000
20151002,42.3600,42.3600,41.1100,41.2500,2040800
20151005,43.6400,43.9300,42.5600,42.5600,2645900
20151006,44.0400,44.0800,43.3100,43.3800,2497200
20151007,44.4700,44.6100,43.7900,44.3300,1728800
20151008,45.1400,45.1500,44.0100,44.3600,2836400
20151009,44.9000,45.1700,44.7200,44.9600,2171400
20151012,44.6900,44.9700,44.5800,44.9000,2462100
20151013,44.4800,44.8700,44.2600,44.4000,1782000
20151014,45.3800,45.7900,44.3200,44.5800,4412800
20151015,46.2700,48.4400,46.0400,47.4300,7237000
20151016,46.5100,46.6300,46.0400,46.4100,2900900
20151019,46.5600,46.6800,46.1500,46.4100,1674000
20151020,46.5900,46.7300,46.2800,46.4500,2832300
20151021,46.6900,47.3700,46.6400,46.8200,2416200
20151022,47.6300,48.1900,47.0200,47.0900,3896600
20151023,47.1600,47.6300,46.9800,47.5100,5462700
20151026,47.8000,48.0400,47.1800,47.2400,3643000
20151027,49.2200,49.4000,47.5300,47.5800,7135900
20151028,49.1300,49.3700,48.5000,49.3300,4024400
20151029,48.0000,48.7700,47.7000,48.4600,3427800
20151030,47.6200,48.3900,47.5100,47.9500,3738300
20151102,47.7500,47.8800,47.5800,47.7800,2729000
20151103,47.2900,47.7900,47.2400,47.2900,2225800
20151104,47.3800,47.5500,47.1000,47.2000,2508700
20151105,47.2100,47.7200,47.0000,47.4900,1868600
20151106,47.6300,47.6400,46.9300,47.0800,2237400
20151109,47.3600,47.6100,47.2100,47.3500,2009300
20151110,47.0600,47.2600,46.8200,47.0800,2280400
20151111,47.0800,47.5300,47.0300,47.2300,1647300
20151112,46.6600,47.1900,46.6600,46.9800,1598900
20151113,46.5400,46.9900,46.2500,46.4300,1936100
20151116,47.0900,47.1300,46.5300,46.6800,1762500
20151117,47.8500,48.0400,47.1100,47.2600,2484000
20151118,48.7000,48.8100,48.0100,48.0500,2848700
20151119,48.9200,49.0600,48.4300,48.6600,1860800
20151120,48.9400,49.1900,48.7300,49.1900,1273300
20151123,48.6000,48.9500,48.2100,48.7800,1980100
20151124,49.2300,49.3700,48.2200,48.2500,2582500
20151125,49.0100,49.2800,48.7200,49.0700,1684100
20151127,49.2300,49.3000,48.9400,48.9400,680300
20151130,49.6900,49.8800,49.1100,49.1100,2233100
20151201,50.2400,50.4700,49.6500,49.8700,3917300
20151202,49.0000,50.7200,48.9800,50.0000,3433500
20151203,48.4700,49.5300,48.1600,49.2700,2519500
20151204,48.9700,49.1500,48.3900,48.5600,2798300
20151207,48.5400,48.9400,48.3200,48.9200,2238800
20151208,48.3500,48.5800,47.8900,48.0900,2442600
20151209,47.8700,48.4500,47.4900,48.3700,2835000
20151210,47.9600,48.2400,47.7500,47.8500,2262800
20151211,47.3500,47.7900,47.3000,47.4100,1454200
20151214,47.3100,47.6800,46.8100,47.5500,1862900
20151215,47.9500,48.1300,47.3500,47.4800,2713400
20151216,47.9700,48.3900,47.2700,48.2400,2264300
20151217,47.1000,48.2000,47.0900,48.0500,2028800
20151218,46.5200,47.0100,46.4000,46.7300,4406400
20151221,47.3000,47.3400,46.7400,46.9900,1877800
20151222,47.4300,47.7900,47.0500,47.4700,1596100
20151223,47.8800,48.0100,47.4900,47.6400,972900
20151224,47.8500,48.1800,47.7800,47.9000,670200
20151228,47.8000,47.8100,47.2700,47.6800,899900
20151229,48.1800,48.5300,47.9300,48.0400,1485600
20151230,47.8400,48.2500,47.8100,48.0100,1031300
20151231,46.9700,48.0300,46.9700,47.7700,1149300
20160104,45.8000,46.1300,45.3600,46.1200,3472200
20160105,46.4800,46.7700,45.6100,45.8100,3895800
20160106,45.6300,45.9800,45.1700,45.7700,2748000
20160107,43.8300,45.3200,43.7400,44.7400,3939000
20160108,42.9300,44.1200,42.8400,43.6700,4067000
20160111,43.1200,43.7500,42.7600,43.3600,3612200
20160112,43.3600,43.5300,42.7600,43.5300,2941400
20160113,41.9100,43.7000,41.8500,43.5200,3847000
20160114,42.4100,42.5600,41.5200,42.1300,4700100
20160115,42.8100,42.9600,40.4400,41.0500,7656800
20160119,42.7900,43.5100,42.1000,43.4200,4548700
20160120,43.0800,43.5900,41.6900,42.5800,5903200
20160121,46.7800,48.3000,45.9600,47.1000,11717800
20160122,47.7200,47.7900,47.1900,47.5100,3714900
20160125,47.5000,48.3100,47.3200,47.3200,3574800
20160126,48.3500,48.4000,47.3700,47.5800,3506700
20160127,48.1400,49.1400,47.8700,48.3500,2606800
20160128,48.0000,48.4000,47.7100,47.9700,2419400
20160129,50.2700,50.3000,48.3500,48.4200,4473700
20160201,49.9000,50.2600,49.4300,49.9100,3148200
20160202,48.5000,49.6800,48.2400,49.1200,3542400
20160203,48.5500,48.8800,47.1700,48.8800,4171900
20160204,49.3600,49.4900,48.4300,48.6900,2255300
20160205,48.0700,49.1500,47.8400,49.0100,3575600
20160208,47.3800,47.8500,46.5600,47.8500,4200500
20160209,47.2200,47.8900,46.8600,47.0000,3177200
20160210,46.8700,47.8000,46.8300,47.3700,2386900
20160211,47.2500,47.6100,45.8500,46.0600,3263000
20160212,47.6500,47.7500,46.2700,47.5300,2845800
20160216,48.0800,48.3800,47.5600,48.0400,3414200
20160217,48.8200,49.0300,48.0800,48.4400,2802400
20160218,47.9400,48.9600,47.8900,48.8200,2452500
20160219,48.4300,48.5700,47.8600,47.8600,2008700
20160222,48.8900,49.2500,48.5600,48.8200,2330300
20160223,48.4600,48.9300,48.3000,48.5700,2019000
20160224,47.5800,47.8700,46.3300,47.3500,6968700
20160225,48.2500,48.2600,47.2200,47.7300,2388000
20160226,48.3900,48.7200,48.2600,48.5100,2403400
20160229,47.2200,48.4700,47.2200,48.2600,2522400
20160301,48.2100,48.3200,47.2400,47.8000,2276500
20160302,48.1600,48.2400,47.3300,48.1900,2571300
20160303,47.8600,48.2900,47.4300,47.9500,1412700
20160304,47.0000,47.8400,46.8400,47.8400,4379400
20160307,47.1200,47.2300,45.9100,46.6500,3872200
20160308,45.9500,46.8100,45.9400,46.6400,2074000
20160309,46.4300,46.7200,46.0000,46.0900,2589500
20160310,46.3800,47.0700,45.9100,46.5800,2425500
20160311,46.7200,47.0300,46.5800,46.8800,2882700
20160314,47.0000,47.5800,46.5300,46.9300,3774000
20160315,47.0600,47.2200,46.8100,47.1800,2572300
20160316,47.6500,47.6800,46.7000,46.7000,3380700
20160317,47.0400,47.5000,46.8100,47.3600,2426600
20160318,47.4700,47.6800,46.9100,47.1700,3507600
20160321,47.4900,47.5100,46.9900,47.1900,4148300
20160322,47.5700,47.9100,47.2200,47.4600,2078500
20160323,47.3300,47.6500,47.1600,47.6000,1672900
20160324,47.0200,47.2200,46.9000,47.0800,2462200
20160328,47.0400,47.5000,46.9800,47.1800,2188800
20160329,47.2500,47.3300,46.9100,47.0000,2346500
20160330,47.8700,47.9500,47.2500,47.5500,2189200
20160331,47.4300,47.9800,47.4000,47.8400,2504000
20160401,47.6200,47.7000,46.6300,46.9900,1930200
20160404,47.1400,47.6400,46.9100,47.6400,2280100
20160405,46.9100,47.1400,46.8100,46.9000,2204200
20160406,47.2500,47.3200,46.4200,46.7900,1876900
20160407,46.1400,47.0600,46.0300,46.9600,2677800
20160408,46.3000,46.7500,45.9800,46.4800,1764100
20160411,46.2100,46.7500,46.1900,46.4100,1506900
20160412,45.8700,46.3200,45.4100,46.1100,1770100
20160413,46.6500,46.7500,45.9200,46.1100,1405200
20160414,46.5500,46.5500,45.6900,46.5100,2181600
20160415,46.0100,46.5000,45.9300,46.4900,1682700
20160418,46.2600,46.3100,45.8600,46.0500,1913600
20160419,45.9000,46.5000,45.7000,46.5000,1994200
20160420,46.4600,46.7300,45.6900,45.7900,2952100
20160421,46.0300,46.3500,45.9500,46.3100,2126300
20160422,45.8700,46.4700,45.7500,46.0300,2084200
20160425,45.7900,46.0900,45.4700,45.7600,1571100
20160426,46.9500,47.0800,45.9300,45.9300,4205400
20160427,47.3500,47.3600,46.3500,46.8300,3303200
20160428,43.2300,45.7500,41.5300,45.0000,18924300
20160429,43.0800,43.9000,42.7100,42.9900,4517300
20160502,43.7400,43.8700,43.0900,43.2100,3141900
20160503,43.4800,43.4900,42.9600,43.3000,2926500
20160504,42.9800,43.7100,42.8400,43.3400,3431700
20160505,43.0900,43.3800,42.7400,42.9700,3033700
20160506,43.2000,43.2200,42.6100,42.7700,1675300
20160509,43.0700,43.5800,43.0100,43.3500,2237800
20160510,43.2400,43.5500,42.9300,43.1500,1878300
20160511,43.0600,43.4300,42.8800,43.1300,2318700
20160512,42.9200,43.3000,42.3700,43.2600,2595800
20160513,43.2400,43.5400,42.6700,42.8400,2941800
20160516,43.5100,43.8200,42.9800,42.9800,2853700
20160517,43.5300,44.1500,43.3000,43.4300,3298600
20160518,43.9300,44.2200,43.2400,43.3600,2731700
20160519,43.8400,44.0600,43.4600,43.7900,4267600
20160520,44.7500,44.7900,44.0200,44.1200,2555700
20160523,44.8900,45.0800,44.8100,44.8900,2789400
20160524,47.4500,47.8900,44.9000,45.0500,13203800
20160525,47.1200,47.5500,46.4700,47.4600,5303800
20160526,47.1100,47.3100,46.7300,47.1400,2513200
20160527,47.3600,48.0000,46.4800,46.4800,2523800
