20150529,11.4200,11.5000,11.3300,11.4800,9709400
20150601,11.4600,11.5400,11.3600,11.4400,6830600
20150602,11.4800,11.5500,11.4200,11.4700,6606800
20150603,11.5300,11.6200,11.4800,11.5000,6438300
20150604,11.3100,11.5400,11.2600,11.4800,8161400
20150605,11.2600,11.3400,11.1500,11.3000,6087800
20150608,11.0500,11.3000,11.0400,11.2500,8096000
20150609,11.0300,11.1100,10.9300,11.0800,8397300
20150610,11.2600,11.3300,11.0600,11.0900,7024400
20150611,11.3700,11.4800,11.3100,11.3300,7137300
20150612,11.1700,11.3600,11.1400,11.3100,6487400
20150615,11.0500,11.1500,10.9900,11.0500,5548100
20150616,11.0400,11.1000,10.9900,11.0500,9121200
20150617,11.1100,11.1800,11.0500,11.0700,6249100
20150618,11.1400,11.2400,11.1000,11.1400,6554200
20150619,11.0900,11.2000,11.0300,11.1200,13939800
20150622,11.1300,11.1900,11.0900,11.1500,7212100
20150623,11.2500,11.2700,11.1300,11.1800,6361300
20150624,10.9900,11.2400,10.9900,11.2300,8255900
20150625,11.0100,11.0900,10.9900,11.0200,10315400
20150626,10.9800,11.0200,10.9200,10.9600,8720000
20150629,10.7800,10.9600,10.7600,10.8800,9467300
20150630,10.6400,10.9000,10.6400,10.8400,10112400
20150701,10.6800,10.7400,10.6500,10.7100,8394600
20150702,10.5600,10.7400,10.4400,10.7400,12758500
20150706,10.5300,10.5800,10.4000,10.4500,8797700
20150707,10.5800,10.6100,10.3700,10.4100,11375500
20150708,10.2700,10.5800,10.2500,10.5000,13042000
20150709,10.2400,10.4800,10.2400,10.4100,18164800
20150710,10.3800,10.4200,10.2900,10.4100,12361000
20150713,10.4900,10.5100,10.3900,10.4300,9801100
20150714,10.5300,10.5500,10.4700,10.4900,8350800
20150715,10.4400,10.5800,10.4200,10.5400,7082000
20150716,10.6100,10.6600,10.4900,10.5000,13077800
20150717,10.8300,10.8500,10.5200,10.5500,19186700
20150720,10.9100,11.0000,10.8000,10.8800,18915700
20150721,10.5900,10.9900,10.4700,10.8900,21504300
20150722,10.7000,10.7400,10.5600,10.5800,11289100
20150723,10.8100,10.9200,10.6600,10.7000,15827400
20150724,10.9400,11.2000,10.5000,10.6800,27875300
20150727,10.6200,10.9100,10.5800,10.8700,22540200
20150728,10.6600,10.7200,10.4900,10.6600,11990800
20150729,10.7600,10.8000,10.6300,10.7000,9614200
20150730,10.7700,10.7800,10.6500,10.7300,9697000
20150731,11.0200,11.0500,10.7200,10.8500,15671600
20150803,10.9400,11.0500,10.9000,11.0400,15481000
20150804,11.0000,11.1000,10.9100,10.9500,10935700
20150805,10.9900,11.1600,10.9900,11.0800,10960400
20150806,10.9700,11.1300,10.9700,11.0000,9568900
20150807,10.8800,10.9900,10.7900,10.9300,10532900
20150810,11.2700,11.3200,10.9400,10.9600,9442800
20150811,11.0800,11.2500,11.0000,11.1800,10928900
20150812,11.0100,11.0700,10.8400,11.0000,9337900
20150813,10.9500,11.0700,10.8900,11.0100,6575900
20150814,11.0500,11.0800,10.8900,10.9300,8236800
20150817,11.3700,11.4500,10.9900,11.0400,12601400
20150818,11.3200,11.4600,11.2500,11.4200,7670100
20150819,11.2400,11.3300,11.1800,11.2800,9710800
20150820,11.0300,11.2300,11.0100,11.1400,11430700
20150821,10.6900,11.1300,10.6600,10.9400,19650300
20150824,9.9300,10.3800,9.7600,10.0400,31964100
20150825,9.6600,10.2900,9.6600,10.2800,16869200
20150826,9.9600,9.9900,9.6200,9.9000,14709500
20150827,10.2300,10.2600,9.9900,10.0500,15458600
20150828,10.3100,10.3700,10.1300,10.1600,10831000
20150831,10.1700,10.4000,10.1300,10.2600,17311400
20150901,9.7800,10.0500,9.7300,9.9200,15445300
20150902,9.9700,9.9700,9.7800,9.9600,12796600
20150903,10.0200,10.1700,9.9800,9.9800,19731700
20150904,9.9100,10.0000,9.8600,9.9100,10229000
20150908,10.4200,10.4500,10.0500,10.0900,13545700
20150909,10.2300,10.5900,10.2200,10.5500,13464200
20150910,10.3100,10.3800,10.1900,10.2400,10448900
20150911,10.4300,10.4400,10.2200,10.2400,9059300
20150914,10.3200,10.4500,10.2700,10.4400,8397500
20150915,10.5800,10.6300,10.3300,10.3700,9782300
20150916,10.6200,10.7300,10.5500,10.5800,10288100
20150917,10.5800,10.7800,10.5500,10.5900,9012500
20150918,10.3500,10.5200,10.2500,10.3900,23703300
20150921,10.5100,10.5100,10.2900,10.4000,12606700
20150922,10.3300,10.4000,10.2800,10.3600,9090600
20150923,10.1800,10.3400,10.1600,10.3300,8210500
20150924,10.1000,10.1800,9.9600,10.0900,8283900
20150925,10.0800,10.2500,9.9700,10.2200,10012400
20150928,9.6400,10.0300,9.6000,9.9700,11139700
20150929,9.4900,9.7200,9.4600,9.6500,12343100
20150930,9.7300,9.7500,9.5200,9.6200,11087700
20151001,9.6400,9.7800,9.5000,9.7100,11175500
20151002,9.8500,9.8600,9.4500,9.5000,9357000
20151005,9.9700,10.0000,9.7700,9.9300,12539800
20151006,9.9800,10.0600,9.9000,9.9800,10694100
20151007,10.3500,10.3600,9.9900,10.0600,19453200
20151008,10.5300,10.5900,10.3400,10.3600,10203600
20151009,10.5500,10.6400,10.4900,10.5300,11029800
20151012,10.4600,10.6100,10.3900,10.5600,8669000
20151013,10.4100,10.5300,10.3500,10.4100,7509200
20151014,10.1300,10.4300,10.1100,10.4000,16702000
20151015,10.3000,10.3400,10.0300,10.1000,35494100
20151016,10.2000,10.3500,10.1000,10.3400,15649100
20151019,10.1900,10.2100,10.1100,10.1600,12081100
20151020,10.2300,10.3900,10.1300,10.1500,8860200
20151021,10.1600,10.3100,10.1300,10.2600,12287300
20151022,10.2900,10.3400,10.1500,10.1900,9322100
20151023,10.3400,10.4900,10.2700,10.3600,15416800
20151026,10.0300,10.6000,9.9300,10.4300,22450800
20151027,9.2900,10.0000,9.2000,9.9400,31630400
20151028,9.3600,9.5100,9.2100,9.3300,18674900
20151029,9.3400,9.3500,9.1700,9.3200,11006200
20151030,9.3900,9.4900,9.2600,9.4200,13065500
20151102,9.6900,9.7700,9.3900,9.4300,22017800
20151103,9.7400,9.8500,9.6500,9.6900,10012400
20151104,9.6400,9.7700,9.6000,9.7500,6565200
20151105,9.6300,9.7300,9.5300,9.6400,6363600
20151106,9.7500,9.7500,9.5100,9.5800,13180400
20151109,9.6800,9.7600,9.6100,9.7400,9402400
20151110,9.6200,9.7100,9.5500,9.6500,6897500
20151111,10.2500,10.3000,9.7000,9.7000,27320400
20151112,10.1300,10.3000,10.0800,10.1800,15813300
20151113,10.0800,10.2000,10.0400,10.0500,14288000
20151116,10.2000,10.2300,9.9900,10.0500,14943300
20151117,10.2800,10.3200,10.1600,10.2200,11858900
20151118,10.5400,10.5700,10.2600,10.3000,13977200
20151119,10.4300,10.5900,10.3700,10.5300,6618000
20151120,10.4600,10.6000,10.4200,10.5200,10217700
20151123,10.7500,10.7900,10.4500,10.4900,15263800
20151124,10.6100,11.0200,10.4200,11.0200,26270900
20151125,10.5900,10.7500,10.4600,10.6100,7662100
20151127,10.6300,10.6800,10.5800,10.5900,2496200
20151130,10.5500,10.6800,10.5000,10.6600,8681300
20151201,10.6900,10.7200,10.5300,10.5800,7019800
20151202,10.3700,10.7100,10.3700,10.7000,7941400
20151203,10.3600,10.4800,10.2500,10.4400,20348300
20151204,10.4800,10.6200,10.3600,10.3600,13788000
20151207,10.1700,10.4700,10.1400,10.4400,8443600
20151208,10.1200,10.1400,9.9800,10.0700,8211100
20151209,10.0200,10.2800,9.9500,10.0500,11850300
20151210,10.1700,10.2300,9.9900,10.0600,9751200
20151211,10.0400,10.1300,9.9700,9.9800,12021900
20151214,9.8600,10.1000,9.7000,10.0600,10099600
20151215,10.0200,10.1000,9.8800,10.0200,9002100
20151216,10.2700,10.3000,10.0400,10.0700,7932200
20151217,10.1900,10.4100,10.0600,10.2800,11590400
20151218,10.1500,10.2100,9.9900,10.1100,18634400
20151221,10.3000,10.4400,10.1900,10.2500,8782800
20151222,10.7000,10.7200,10.3100,10.3500,9080700
20151223,10.8200,10.8600,10.7000,10.7400,7692300
20151224,10.8800,10.9300,10.7900,10.8200,3498000
20151228,10.6500,10.8300,10.5700,10.8200,5822100
20151229,10.7000,10.7700,10.6300,10.6600,4694000
20151230,10.7200,10.7500,10.6500,10.6800,4343300
20151231,10.6300,10.7000,10.5400,10.6700,6304400
20160104,10.3000,10.4300,10.1300,10.4100,9122600
20160105,10.2800,10.4100,10.2300,10.3000,6482300
20160106,10.1500,10.1900,10.0300,10.1300,6917900
20160107,9.8700,10.0000,9.8000,9.9500,10666800
20160108,9.5900,9.9900,9.5400,9.9400,11865900
20160111,9.4000,9.6600,9.2400,9.6400,9157100
20160112,9.5300,9.5700,9.3000,9.5300,6416500
20160113,9.2200,9.6100,9.2000,9.5900,5730900
20160114,9.1800,9.3900,9.0600,9.2700,9522900
20160115,9.1000,9.1200,8.8400,8.9300,9525300
20160119,8.9100,9.2500,8.8100,9.2300,7070100
20160120,8.7600,8.8400,8.4800,8.7500,9355000
20160121,9.0400,9.1200,8.6600,8.7500,9788800
20160122,9.0700,9.2600,9.0100,9.2100,6479100
20160125,9.1000,9.1900,8.9400,9.0400,9534600
20160126,9.2800,9.3100,9.0700,9.1300,11234200
20160127,9.2300,9.4400,9.1600,9.2300,9078000
20160128,9.2300,9.9700,9.1600,9.3100,14419700
20160129,9.7500,9.8900,9.2700,9.3000,21598800
20160201,9.4300,9.6800,9.3500,9.6800,19089100
20160202,8.9500,9.3600,8.9100,9.3300,17337600
20160203,9.2400,9.2500,8.9200,9.0400,17874300
20160204,9.3700,9.5100,9.2000,9.2500,9942400
20160205,9.4600,9.5800,9.3600,9.4000,13074000
20160208,9.0500,9.3900,8.9600,9.3400,13433400
20160209,8.7600,9.0000,8.6500,8.9700,9444900
20160210,8.8800,8.9900,8.7900,8.8400,8252200
20160211,8.6900,8.7900,8.5300,8.7200,9124800
20160212,8.7700,8.8500,8.6400,8.7200,7368900
20160216,9.0200,9.0400,8.7200,8.9000,8340000
20160217,9.1900,9.3500,9.0700,9.0900,5996500
20160218,9.3400,9.3700,9.1800,9.2300,6197400
20160219,9.3600,9.4200,9.1800,9.2500,5869800
20160222,9.5900,9.6100,9.4200,9.4400,6050500
20160223,9.5000,9.6100,9.4600,9.5300,7095600
20160224,9.5700,9.5700,9.2200,9.4000,6107700
20160225,9.6400,9.6600,9.5100,9.5800,6146300
20160226,9.6600,9.7500,9.5900,9.6600,7404000
20160229,9.6100,9.7300,9.5600,9.6300,13544500
20160301,9.9300,9.9500,9.6900,9.6900,5841800
20160302,10.2000,10.2200,9.8800,9.9100,7234200
20160303,10.4000,10.4300,10.1900,10.2200,6312300
20160304,10.5000,10.5400,10.3700,10.3900,5279100
20160307,10.4200,10.5100,10.3600,10.4300,5372500
20160308,10.2500,10.4400,10.1700,10.3800,4928500
20160309,10.5400,10.5600,10.2600,10.3100,7180000
20160310,10.4500,10.6000,10.2700,10.5400,5244900
20160311,10.7800,10.7900,10.5000,10.5400,4639500
20160314,10.5900,10.7200,10.4200,10.6900,6442400
20160315,10.5600,10.5900,10.4000,10.5200,4056900
20160316,10.5900,10.6500,10.4400,10.5300,4329600
20160317,10.7000,10.7800,10.5600,10.5700,8190300
20160318,10.7600,10.7700,10.6800,10.7400,8198600
20160321,10.6600,10.7400,10.6200,10.7000,4411500
20160322,10.7000,10.7900,10.6400,10.6500,6215200
20160323,10.5600,10.7300,10.5200,10.7200,4916600
20160324,10.6300,10.6400,10.3500,10.5100,4053800
20160328,10.6700,10.7800,10.6400,10.6500,6154500
20160329,10.8300,10.9500,10.5000,10.5300,8045400
20160330,10.8300,10.9900,10.7600,10.8800,8505600
20160331,11.1600,11.3100,10.9300,10.9400,10907800
20160401,11.1000,11.1800,10.9500,11.0500,6675800
20160404,11.0000,11.2200,11.0000,11.0800,5486000
20160405,10.9800,11.0400,10.8800,10.9400,6082700
20160406,11.0600,11.0600,10.8200,10.9700,4731400
20160407,10.8900,11.0100,10.8100,10.9800,5936200
20160408,10.9800,11.0600,10.9400,10.9900,3157700
20160411,10.9800,11.1100,10.9200,11.0100,5160000
20160412,11.1400,11.2000,11.0300,11.0400,8087900
20160413,11.2000,11.2200,11.1400,11.2200,4844900
20160414,11.1600,11.2000,11.0700,11.1900,3607300
20160415,11.1900,11.2500,11.1200,11.1800,6939500
20160418,11.2500,11.2600,11.0700,11.1900,4536200
20160419,11.2300,11.3900,11.1700,11.2700,5621200
20160420,11.1900,11.2600,11.1400,11.2600,5916200
20160421,11.1600,11.2800,11.1500,11.2300,6469800
20160422,11.1700,11.2400,11.1200,11.1400,6687100
20160425,9.6800,10.6800,9.6400,10.6400,35322400
20160426,9.8100,9.9200,9.5100,9.5600,18274100
20160427,10.0000,10.0100,9.7500,9.7600,15275900
20160428,9.8300,9.9800,9.7600,9.9500,9763600
20160429,9.6000,9.8400,9.5300,9.7900,11495000
20160502,9.6500,9.6500,9.5100,9.6000,6414300
20160503,9.4700,9.6100,9.4400,9.5900,6921300
20160504,9.4500,9.5400,9.4000,9.4400,9641400
20160505,9.2900,9.5300,9.2600,9.4900,6739400
20160506,9.4800,9.5100,9.2200,9.2700,7245600
20160509,9.3500,9.4800,9.3400,9.4400,4041900
20160510,9.5000,9.5200,9.3400,9.3800,5339200
20160511,9.2900,9.5300,9.2800,9.5100,5664600
20160512,9.2400,9.3600,9.1900,9.3300,6352000
20160513,9.0300,9.2900,9.0000,9.2200,7342300
20160516,9.1200,9.2100,9.0300,9.0300,7243700
20160517,9.1400,9.2200,9.0700,9.1100,5999600
20160518,9.1100,9.2100,9.0500,9.1300,5036300
20160519,9.0500,9.1800,9.0100,9.1500,4327500
20160520,9.1400,9.2300,9.0800,9.1200,5528300
20160523,9.1100,9.1900,9.0800,9.1400,4414000
20160524,9.2800,9.2900,9.1700,9.2000,6585600
20160525,9.5200,9.7000,9.3800,9.3800,8920300
20160526,9.6100,9.6400,9.4900,9.5300,7947200
20160527,9.8300,9.8500,9.5600,9.6300,5968400
