20150529,36.5700,36.8700,36.4200,36.7000,1275800
20150601,36.6000,36.7600,36.3100,36.7300,762000
20150602,36.6900,37.0700,36.4300,36.5200,1009200
20150603,36.9600,37.0400,36.5700,36.6900,455100
20150604,36.4200,36.7500,36.3200,36.7500,612400
20150605,36.3800,36.4100,36.0800,36.2100,723900
20150608,36.1400,36.5100,36.0700,36.3600,453100
20150609,36.1000,36.3900,36.0400,36.2100,292700
20150610,36.5200,36.6400,36.2300,36.3100,648300
20150611,36.9100,36.9900,36.4400,36.5500,725500
20150612,36.5400,36.9000,36.4300,36.8100,443700
20150615,36.1200,36.4300,36.0500,36.3600,575600
20150616,36.4500,36.5600,36.0000,36.2400,750000
20150617,36.3800,36.8400,36.2300,36.5800,814500
20150618,36.9000,37.1200,36.3900,36.5100,841100
20150619,36.4400,36.8300,36.4000,36.8300,1299100
20150622,37.0000,37.0700,36.5700,36.9500,981600
20150623,37.3000,37.7000,36.9600,36.9700,1732500
20150624,37.2500,37.3400,37.0700,37.2000,1060600
20150625,36.9600,37.3400,36.8900,37.2400,863100
20150626,36.9400,37.1800,36.8800,37.0300,3002800
20150629,36.2600,36.7500,36.2500,36.7000,987600
20150630,37.0700,37.3500,36.5300,36.7700,2068400
20150701,36.8100,37.3200,36.6900,37.3200,1183300
20150702,36.7300,37.0100,36.5200,36.8900,698300
20150706,36.2500,36.4900,36.0400,36.3300,938100
20150707,36.3800,36.4100,35.6200,36.2400,863100
20150708,35.5700,36.2700,35.4600,36.1000,657400
20150709,35.5400,36.2500,35.5400,36.0100,668600
20150710,35.3900,35.9500,35.3500,35.9100,1670300
20150713,36.0600,36.0900,35.5200,35.7000,920400
20150714,36.4900,36.7100,35.7500,36.0400,1899000
20150715,35.9500,36.5800,35.9000,36.4600,611400
20150716,36.0200,36.3800,35.8000,36.2200,562000
20150717,35.8100,36.0300,35.6900,35.9200,514800
20150720,35.7700,35.9300,35.7100,35.8200,556300
20150721,35.1900,35.7100,35.0900,35.7000,951200
20150722,34.9800,35.2000,34.8600,35.0000,968700
20150723,34.6700,35.1300,34.5700,34.9700,1125100
20150724,34.6300,34.6800,34.4900,34.6100,1121900
20150727,34.4000,34.4900,34.2500,34.3200,1366600
20150728,34.7800,34.9400,34.5000,34.5600,1400100
20150729,35.2300,35.3200,34.6400,34.7600,886300
20150730,35.2200,35.6600,34.7300,34.9100,1029300
20150731,34.5300,35.4600,34.3400,35.2600,1142500
20150803,33.8500,34.5000,33.6000,34.5000,1104500
20150804,33.7400,34.1800,33.6600,33.8800,1043200
20150805,33.8900,34.3000,33.6500,33.9800,1276700
20150806,33.6800,34.1300,33.5700,33.9500,1507800
20150807,33.5000,33.8600,33.3800,33.6400,887700
20150810,34.0900,34.1600,33.7200,33.8200,1165600
20150811,33.5800,33.8200,33.4800,33.7200,1099300
20150812,33.6600,33.7400,33.1800,33.3200,975800
20150813,33.4900,33.7200,33.4200,33.6200,1368500
20150814,33.7000,33.7700,33.2800,33.6200,1194900
20150817,33.7700,33.7900,33.3300,33.5500,1057500
20150818,33.4100,33.8000,33.3800,33.7800,995700
20150819,33.1500,33.3600,32.9300,33.2300,692600
20150820,32.6600,33.1200,32.6500,32.8400,1047000
20150821,32.0700,32.5800,32.0500,32.4800,1535200
20150824,30.9100,31.9200,29.9000,30.4900,2479100
20150825,30.4600,31.9800,30.4300,31.9300,2221500
20150826,31.3800,31.4400,30.7800,31.0000,2430400
20150827,32.3700,32.4000,31.6100,31.7700,1697100
20150828,32.7000,32.7900,32.1600,32.2400,1874000
20150831,32.4500,32.6800,32.0500,32.4300,1032800
20150901,31.1300,32.0300,30.9800,31.7600,973000
20150902,31.3800,31.8200,31.2000,31.6000,1913200
20150903,32.3500,32.6100,31.8200,31.8200,1931300
20150904,31.6800,32.2400,31.6600,31.8900,1702200
20150908,32.4400,32.5400,32.1200,32.2600,1398100
20150909,32.1100,32.8900,32.0500,32.8200,1337400
20150910,32.1300,32.4200,31.8300,31.9900,1398900
20150911,32.4900,32.4900,31.8900,32.0400,1463900
20150914,32.2200,32.4800,32.0200,32.4500,1258400
20150915,33.0300,33.1300,32.2300,32.3900,1870300
20150916,33.3700,33.4400,32.9600,33.0000,1089400
20150917,33.0800,33.5600,32.9800,33.3200,1461500
20150918,32.2500,32.6800,32.1700,32.5600,1512700
20150921,32.6300,33.0000,32.1300,32.4500,1905700
20150922,32.4000,32.5000,32.0100,32.1600,1333500
20150923,31.7800,32.6600,31.7600,32.4700,1046900
20150924,32.5200,32.7300,31.2700,31.6000,2303600
20150925,32.4700,32.7800,32.3200,32.6500,2088300
20150928,32.0700,32.2700,31.9500,32.0600,2123200
20150929,31.9900,32.4400,31.9000,32.2100,1344100
20150930,32.8500,32.9500,32.0300,32.2200,1708500
20151001,32.6900,33.2000,32.4200,32.8800,1498600
20151002,33.5100,33.5400,32.1600,32.2500,1451100
20151005,33.5600,33.8400,33.3600,33.5800,2376800
20151006,33.3900,33.8400,33.3600,33.5100,1679200
20151007,34.0400,34.1900,33.3800,33.5900,1669800
20151008,34.9900,35.2400,33.8800,33.9400,1770100
20151009,34.8900,35.3500,34.7100,35.0800,1946200
20151012,34.6400,34.9600,34.6100,34.8500,1003200
20151013,34.3300,34.8500,34.2200,34.3300,1806700
20151014,33.8700,34.5000,33.8200,34.2900,1424500
20151015,34.7400,34.8200,33.6700,33.9400,1909200
20151016,34.7400,34.7700,34.0100,34.6900,2124400
20151019,34.6400,34.6700,34.2300,34.5100,1297500
20151020,34.8800,35.1800,34.4100,34.5600,1210700
20151021,34.7200,35.2400,34.6400,34.9700,1396900
20151022,35.6200,35.8300,34.8600,34.8600,1415100
20151023,36.1900,36.2200,35.7600,35.9000,1524600
20151026,35.9100,36.3100,35.6400,36.1400,1340600
20151027,35.8500,35.9600,35.2800,35.5700,2315800
20151028,36.3800,36.6000,35.7000,35.9700,1557300
20151029,36.3400,36.7400,35.8200,35.8200,1769300
20151030,36.4100,36.7800,36.0700,36.5100,1865100
20151102,36.6500,36.8200,36.1800,36.3500,974100
20151103,36.5800,36.9100,36.4000,36.6500,1658900
20151104,36.6500,36.9000,36.4700,36.6000,1008600
20151105,36.7900,36.9400,36.3100,36.6000,889400
20151106,36.9200,36.9200,36.3900,36.6600,843400
20151109,36.4500,36.9200,36.3100,36.7900,905600
20151110,36.9300,36.9300,36.2400,36.3400,958800
20151111,36.9700,37.2600,36.9300,37.0000,780300
20151112,35.8000,36.7500,35.7400,36.5300,1542200
20151113,35.8900,36.2700,35.6800,35.8200,937800
20151116,36.6000,36.6900,35.7400,35.8000,1467900
20151117,37.0000,37.1400,36.4600,36.6600,1600500
20151118,37.4600,37.5000,37.0100,37.1500,1775200
20151119,37.6700,37.7700,37.0900,37.4200,1137400
20151120,37.5000,38.0000,37.4500,37.8300,1300900
20151123,37.5500,37.8500,37.4000,37.5600,870600
20151124,37.4800,37.6100,37.1000,37.2600,1044000
20151125,37.6600,37.8600,37.3800,37.4900,916200
20151127,37.5800,37.6200,37.2800,37.5300,514200
20151130,37.3200,37.7100,37.2500,37.5800,1470200
20151201,37.6400,37.7600,37.3200,37.3700,756900
20151202,36.9500,37.5800,36.8700,37.4500,615600
20151203,36.7400,37.1900,36.4300,37.0400,734800
20151204,37.6500,37.6900,36.7800,36.7800,1247300
20151207,36.9100,37.5600,36.7800,37.4200,638100
20151208,36.2800,36.6500,36.2000,36.4700,785200
20151209,36.2600,36.8000,35.9300,36.1000,1154600
20151210,36.7000,36.9700,36.1400,36.1400,1188600
20151211,36.2200,36.7700,36.1300,36.2000,1499800
20151214,36.6400,36.6700,36.1900,36.2700,1344400
20151215,36.7000,37.0700,36.6500,36.8900,1368000
20151216,37.4600,37.6300,36.8000,36.9300,1227000
20151217,36.4600,37.6300,36.4500,37.4200,1178500
20151218,35.8400,36.3100,35.8100,36.2600,1973700
20151221,36.1400,36.3100,35.8800,36.1300,662300
20151222,36.5000,36.5300,36.0300,36.3100,804400
20151223,37.1300,37.2800,36.6600,36.7300,667300
20151224,37.0700,37.2600,36.9600,37.0800,294200
20151228,36.9400,36.9900,36.6700,36.9700,630100
20151229,37.1000,37.4600,36.9800,37.2000,780500
20151230,36.8700,37.2200,36.8500,37.1000,439500
20151231,36.5000,36.8400,36.4500,36.6700,635100
20160104,36.0800,36.1900,35.6000,35.9200,1353400
20160105,36.0700,36.2000,35.5100,36.0600,1075400
20160106,35.6200,36.6100,35.2200,36.4300,1866000
20160107,34.7000,35.2700,34.4900,35.1700,1555400
20160108,34.3700,35.0300,34.2800,34.8700,1471500
20160111,34.0800,34.5700,33.6900,34.5100,852900
20160112,34.2700,34.5500,33.8600,34.3500,781000
20160113,33.3800,34.5100,33.3200,34.3900,1228500
20160114,33.5700,33.7700,33.1100,33.5000,1482400
20160115,32.9800,33.1000,32.6100,32.7300,1260300
20160119,32.9600,33.5300,32.6100,33.4700,1068500
20160120,32.8000,33.1000,31.6700,32.4400,1489200
20160121,33.2300,33.5700,32.6500,32.9700,1444200
20160122,34.0300,34.1200,33.4700,33.7900,827500
20160125,33.7400,33.9900,33.5100,33.9100,1133900
20160126,34.5500,34.6700,33.7900,33.9900,1841100
20160127,34.8900,35.8600,34.3800,34.5400,1987600
20160128,34.9500,35.3600,34.7400,35.2300,1523800
20160129,35.9500,35.9500,35.0500,35.1400,1827000
20160201,35.6200,35.9300,35.1100,35.6400,1269000
20160202,34.8600,35.1400,34.5700,35.0800,1256100
20160203,35.6700,35.8500,34.7100,35.3000,1946400
20160204,37.0800,38.0800,35.4700,36.0600,3974600
20160205,36.6600,37.4600,36.2500,37.0600,2398900
20160208,36.2200,36.4900,35.7700,36.2200,2206400
20160209,36.7100,37.0500,35.7800,35.9700,2051000
20160210,36.4300,37.0700,36.3900,36.8400,1574000
20160211,36.2100,36.4800,35.4400,35.9000,1750300
20160212,37.0400,37.2000,36.4800,36.6600,1581100
20160216,37.0000,37.4900,36.6900,37.3800,2144300
20160217,37.6600,37.8500,37.0600,37.3300,2219200
20160218,37.5300,37.8900,37.2600,37.7400,1377100
20160219,37.0300,37.2900,36.4200,37.2900,5043300
20160222,37.6400,37.8700,37.3700,37.4600,1500100
20160223,37.3200,37.7400,37.2300,37.5100,1144000
20160224,37.4700,37.5000,36.8300,37.0000,1360400
20160225,37.5600,37.6300,37.3100,37.5700,1504100
20160226,37.7200,37.8500,37.5400,37.7300,1830000
20160229,37.4100,37.8600,37.4100,37.7700,1219000
20160301,37.9400,38.0400,37.4500,37.7100,1430700
20160302,38.0300,38.0400,37.5900,37.7900,1859100
20160303,38.1700,38.1700,37.8600,38.0400,1168500
20160304,38.2200,38.3300,37.9900,38.0700,1494600
20160307,38.5500,38.5500,38.0900,38.0900,1345700
20160308,37.9100,38.5300,37.8400,38.3400,1112800
20160309,38.1500,38.2100,37.8800,38.0800,1458400
20160310,37.9200,38.2800,37.5800,38.0100,1031500
20160311,38.4500,38.4800,38.0000,38.2000,1691500
20160314,38.0700,38.4500,38.0600,38.2100,1198800
20160315,38.1400,38.2400,37.5800,37.7100,1307800
20160316,38.6300,38.8000,37.6900,37.9600,1391900
20160317,39.0100,39.2100,38.6600,38.7400,1452300
20160318,39.4700,39.6600,38.9700,38.9900,2879300
20160321,39.4200,39.4600,38.9500,39.0600,1351300
20160322,39.4000,39.5800,39.1000,39.1600,914200
20160323,39.3700,39.5300,38.9300,39.2100,1255300
20160324,39.8200,39.8200,39.0100,39.0400,1786500
20160328,39.9000,39.9800,39.6600,39.8200,980100
20160329,40.6400,40.6600,39.8600,39.9200,1451800
20160330,41.0400,41.2100,40.7200,41.0000,1385000
20160331,40.9000,41.0600,40.6200,41.0100,1696700
20160401,41.2500,41.3300,40.4700,40.6400,1295100
20160404,40.7800,41.1600,40.6100,41.1100,1231700
20160405,41.0100,41.4600,40.6800,41.2100,1412600
20160406,41.1900,41.2000,40.5400,41.0400,1193600
20160407,40.8900,41.0000,40.6000,40.9900,1133800
20160408,41.2200,41.5200,41.0000,41.2900,918200
20160411,41.2300,41.4900,40.7600,41.1200,1415100
20160412,41.6500,41.9300,41.3100,41.3700,1253500
20160413,41.8400,41.9000,41.5400,41.7500,1100600
20160414,41.9900,42.2400,41.7300,42.0200,1125400
20160415,42.2800,42.3000,41.7000,41.9900,1217300
20160418,42.6100,42.6500,42.0300,42.2500,1334400
20160419,42.7100,42.9600,42.5600,42.7500,880600
20160420,42.1700,42.8100,42.1600,42.7100,1036300
20160421,41.8400,42.2200,41.7200,42.1700,1407700
20160422,42.4600,42.4900,41.8300,41.9600,1893700
20160425,42.2100,42.5100,42.0200,42.2900,1100600
20160426,42.8600,43.0400,42.4200,42.4700,1943600
20160427,42.9000,43.0200,42.5500,42.8400,1081800
20160428,42.1700,42.7300,42.0200,42.5800,1135100
20160429,41.7800,42.1600,41.6500,42.1600,1795300
20160502,42.2500,42.4800,41.8200,41.8500,1727700
20160503,41.8800,42.2700,41.1100,41.9200,1773500
20160504,41.2500,41.7600,40.9500,41.7600,1424900
20160505,41.5300,41.7700,41.2500,41.6000,1660800
20160506,41.8900,41.9400,41.2500,41.4300,1122400
20160509,41.6000,41.8300,41.5100,41.8300,545100
20160510,42.5300,42.5400,41.6700,41.7100,1238600
20160511,42.8800,42.9900,42.5300,42.5600,1436000
20160512,43.2400,43.2800,42.6700,43.0000,1144400
20160513,43.1500,43.4100,42.8900,43.2300,1417200
20160516,43.4300,43.6900,43.2200,43.2500,1050200
20160517,43.4800,43.8700,43.2200,43.3300,1679800
20160518,43.2600,43.6600,43.0200,43.2900,1441000
20160519,43.0700,43.1300,42.7100,42.9000,899300
20160520,43.5100,43.7700,43.1900,43.3500,1695300
20160523,43.5000,43.5800,43.0700,43.3500,713400
20160524,44.4600,44.5000,43.5100,43.6200,1351300
20160525,44.7200,44.8600,44.4800,44.7500,1340400
20160526,44.7400,45.0000,44.5700,44.8200,762800
20160527,44.5700,44.8500,44.4800,44.7400,1141500
