20150529,114.0900,114.8700,112.5600,112.9900,1796700
20150601,114.7700,115.2200,113.9400,114.5800,887100
20150602,114.1600,114.8300,113.9900,114.1400,684400
20150603,113.9000,114.6800,113.6600,114.2700,720000
20150604,113.0700,114.1900,112.8200,112.9300,895700
20150605,113.2500,113.4000,112.3400,113.0000,952000
20150608,113.1400,114.4700,113.0900,113.5400,876100
20150609,112.6400,113.8900,112.5700,113.0700,855400
20150610,113.6600,114.0100,112.5900,113.2600,1300200
20150611,114.1100,114.3600,113.6100,113.8900,1405700
20150612,112.2000,113.7100,112.0500,113.3300,1243000
20150615,111.6700,112.0200,110.9500,111.5200,1100100
20150616,112.5500,112.8400,111.2800,111.6400,755400
20150617,112.5000,113.2800,111.7400,113.0200,656400
20150618,113.3000,113.7700,112.9600,113.0400,1012900
20150619,112.6600,113.7700,112.5700,113.4000,1616600
20150622,113.4000,113.9200,112.9800,113.2800,824600
20150623,112.6800,113.7700,112.2000,113.7000,825700
20150624,113.5200,115.5000,112.1600,112.5000,3486800
20150625,113.2700,114.2100,112.9200,113.5300,1580400
20150626,113.5600,114.0900,113.1100,113.7000,1802600
20150629,109.2900,114.4100,97.4800,107.0000,1561000
20150630,109.2300,110.9000,108.7500,110.5000,2225300
20150701,109.2100,111.3500,109.0100,110.0000,1239900
20150702,108.1900,110.9800,107.0000,110.0000,1402400
20150706,108.7900,109.5400,107.6100,108.1900,1523400
20150707,109.7700,109.8200,107.9900,108.9000,795800
20150708,107.9400,109.2900,107.7100,108.5800,1127300
20150709,106.8400,109.4900,106.7700,109.0000,1244400
20150710,106.8100,108.9300,106.6700,107.8500,1893200
20150713,107.6300,108.4500,107.1100,107.2700,959600
20150714,107.4000,108.2400,107.1300,108.1200,797600
20150715,107.1300,108.0000,107.0200,107.8600,950800
20150716,107.7700,108.2000,107.3800,107.8600,1038300
20150717,107.5000,108.0500,106.9000,107.0800,890000
20150720,108.0300,108.3300,107.4600,107.6400,1042500
20150721,108.2600,108.6800,107.2200,108.0600,1006500
20150722,108.5400,109.0400,107.8200,108.1900,1453900
20150723,107.8500,108.9000,107.5900,108.1300,916600
20150724,106.6600,108.0100,106.6000,107.5300,693900
20150727,105.7800,106.5000,105.5600,106.4000,739400
20150728,106.5000,106.6600,105.1600,105.3300,975600
20150729,107.0000,107.4700,106.2200,106.8200,1188200
20150730,104.8500,107.5600,104.4300,107.0000,2252400
20150731,104.0700,105.4500,103.6900,104.8500,1546800
20150803,104.3300,105.0900,103.7500,104.4700,1520000
20150804,103.1300,105.3200,102.9000,104.4600,1043900
20150805,103.8800,104.4500,103.4400,104.0100,1058900
20150806,101.6900,103.7600,101.2900,103.6600,1458300
20150807,101.7300,101.9000,100.3600,101.7900,1423300
20150810,103.4300,103.6000,101.9600,102.7300,1206800
20150811,104.1700,104.3400,102.7000,103.0700,1688800
20150812,103.6800,103.6800,101.7000,103.1800,1137500
20150813,104.3600,110.8100,103.4000,105.7000,1279300
20150814,105.5300,105.6500,102.8800,104.4000,1478600
20150817,106.3900,106.4400,104.2400,104.7000,1058500
20150818,105.9700,106.3800,105.4900,105.9700,910600
20150819,106.1400,106.9000,104.5000,105.3200,1251800
20150820,104.8800,105.6600,104.5900,104.8800,1457600
20150821,104.3600,105.7100,103.9900,104.5600,2229300
20150824,99.5700,101.1100,94.7300,101.1100,2782100
20150825,98.0300,104.5300,98.0300,104.4300,1495600
20150826,101.0200,101.1600,98.0300,99.1700,1301300
20150827,103.4100,103.4500,100.9200,100.9600,1474700
20150828,104.3700,104.4800,101.6700,103.0000,1493600
20150831,103.5600,104.8900,103.4500,103.6000,1626600
20150901,100.6500,102.7500,100.0900,102.7500,1598700
20150902,101.6300,101.6600,100.3200,100.9900,1293500
20150903,102.0900,103.5300,101.1100,101.7900,1280200
20150904,100.4600,101.3900,100.0400,100.5600,1669500
20150908,102.6900,102.7400,101.3700,101.9800,1233300
20150909,101.2300,104.0000,100.8900,103.3500,1501100
20150910,100.1000,100.9900,98.4000,98.8900,1614900
20150911,100.2000,100.5200,99.6800,100.4400,1343600
20150914,99.0400,100.3400,95.1300,95.1300,1473300
20150915,99.9700,102.9500,99.1100,100.0500,1015400
20150916,100.7400,101.0200,99.0200,100.2200,1146300
20150917,100.8900,102.2000,100.3700,101.3200,780800
20150918,99.2000,100.0700,98.9500,99.9800,1622000
20150921,98.1900,100.6200,98.0800,99.3200,1711900
20150922,97.5800,97.9000,96.8500,97.7700,2274500
20150923,97.3500,99.8200,96.9900,97.3700,862900
20150924,95.6200,97.5900,95.1900,96.5100,1327800
20150925,94.4400,96.9400,93.6100,96.0900,1577500
20150928,92.4100,94.0600,90.9200,93.9900,2275000
20150929,93.7900,94.2400,92.1100,92.2300,2290200
20150930,93.9300,94.9100,93.1300,94.5500,1954100
20151001,93.9600,94.1200,92.0000,93.8200,1557300
20151002,95.2700,95.2800,88.7700,88.7700,1314200
20151005,95.5000,96.3100,94.8900,95.8500,1312700
20151006,93.9900,96.1000,93.1400,95.4400,2332500
20151007,94.8900,95.0600,94.1000,94.6100,597400
20151008,95.4400,95.5500,93.6500,94.6500,952100
20151009,96.4500,96.6600,95.3100,95.5800,968100
20151012,96.5100,96.8300,95.4900,96.2400,979900
20151013,96.0900,96.7300,95.5600,95.8700,1387700
20151014,95.1900,96.3500,95.0800,96.3100,866000
20151015,97.9200,98.0900,95.0000,95.1900,1543200
20151016,98.5400,98.8600,97.8100,98.0300,1448200
20151019,98.1900,99.2700,97.7300,98.1400,1019600
20151020,97.7100,98.0400,96.9300,97.8900,723500
20151021,96.9000,98.4100,96.7300,97.8500,1211300
20151022,94.3900,97.6300,94.2100,96.9000,1928400
20151023,94.5600,96.5200,93.9200,94.8600,1963600
20151026,94.6700,94.7900,93.6900,94.2400,940000
20151027,95.1900,95.5000,93.9300,94.1900,1121400
20151028,97.8700,98.4900,94.0800,95.2200,1698400
20151029,104.8700,105.5700,102.1000,102.1700,2597300
20151030,104.5700,105.8500,103.5200,104.7500,1896800
20151102,106.9500,107.1100,104.6000,104.7800,1429100
20151103,106.4000,107.0000,105.7200,106.7700,1103400
20151104,107.7900,108.0300,107.0000,107.5400,1134100
20151105,107.8500,108.1600,106.7200,107.4000,1060300
20151106,107.2800,108.1000,106.3100,107.3500,1409400
20151109,106.9200,107.4100,106.5000,107.1600,736800
20151110,107.2600,107.7400,106.7600,107.2100,597800
20151111,106.6300,107.7300,106.4300,107.3300,464500
20151112,104.6500,105.6300,102.2800,102.2800,1374500
20151113,104.2900,105.2200,103.9700,104.5700,737700
20151116,105.5900,105.6100,103.7700,104.6300,777800
20151117,104.7500,106.1600,104.6500,105.2100,698700
20151118,104.9700,105.8500,104.1100,104.7500,1236600
20151119,104.0700,105.0000,102.4900,105.0000,1051100
20151120,103.7400,108.9900,103.2700,104.5200,1642900
20151123,102.8500,103.9700,102.2500,103.7500,1001600
20151124,101.9200,102.3900,101.1100,102.1000,1275600
20151125,101.2900,102.2200,101.0200,102.1800,979200
20151127,101.0000,101.8700,100.5200,101.5300,891000
20151130,101.0100,101.9500,100.9000,101.1100,1553900
20151201,102.7200,102.9900,101.8000,102.0100,1668900
20151202,102.2600,103.2500,102.2300,102.7200,1582600
20151203,99.3600,102.7200,99.0900,102.3400,1903800
20151204,100.5500,101.1900,99.3600,99.6500,1100000
20151207,100.4100,100.9900,99.5900,100.4400,988800
20151208,99.7800,100.4600,99.0800,99.8000,1245900
20151209,100.0000,101.6200,98.8100,99.3400,1832700
20151210,99.9700,100.6300,99.3000,100.6300,1151500
20151211,98.9600,99.8300,98.5200,98.7500,936500
20151214,99.4900,99.7100,98.0800,99.0300,1094100
20151215,101.0600,101.2500,99.4600,100.2000,1394700
20151216,101.9300,102.2700,100.1000,101.2200,1031000
20151217,100.7100,102.3500,100.5700,101.9300,1344800
20151218,98.9600,100.2400,98.8800,100.2000,1190500
20151221,100.2300,100.6600,98.9100,99.3600,1163800
20151222,101.7300,102.0000,99.9700,100.7500,737400
20151223,102.7700,103.0300,101.7300,102.2400,627300
20151224,102.9100,103.5200,102.4200,102.4200,233500
20151228,102.2500,102.7200,101.8900,102.3100,337100
20151229,102.7700,103.1600,100.7700,100.7700,377100
20151230,102.4700,103.2700,102.1600,102.8500,350500
20151231,102.5900,103.1300,101.6600,101.9800,659600
20160104,101.8100,103.0600,100.1700,101.1200,2042800
20160105,103.9300,104.4600,101.6000,102.0000,2227900
20160106,104.3800,105.2700,102.3700,102.5100,2671100
20160107,101.9800,103.6400,101.4300,102.1600,1776300
20160108,101.5500,103.0700,101.3700,102.2100,1622300
20160111,99.8000,102.2900,98.6200,101.6900,1578800
20160112,102.8700,103.4200,99.8900,100.6800,1840500
20160113,101.2000,105.2900,100.8700,103.5000,1974300
20160114,102.7000,103.7400,100.9500,101.4300,1184100
20160115,101.0800,102.3100,99.2500,100.2300,1516100
20160119,99.2400,101.9300,98.0700,101.7900,1872100
20160120,98.2800,99.0700,94.8500,97.8800,1704100
20160121,98.1800,98.8800,97.2100,98.5200,940500
20160122,99.1500,99.7700,98.2100,99.2700,921600
20160125,99.0600,99.7900,98.4700,98.4700,1072300
20160126,101.7400,102.1000,99.3700,99.5800,1469600
20160127,101.6400,103.7000,100.9400,101.8900,1970000
20160128,97.5500,103.9400,97.1000,103.0100,2307000
20160129,99.2600,99.4200,97.3200,98.2800,2242600
20160201,99.0300,99.7600,97.7600,98.2800,1561400
20160202,98.0400,99.3700,97.8000,98.4300,1204800
20160203,97.2600,98.8600,95.8500,98.7300,1417900
20160204,97.5500,98.5800,96.9400,97.6700,1561900
20160205,95.0100,96.4900,94.7100,96.0600,3952400
20160208,92.0300,95.1400,90.3100,94.9500,2825800
20160209,91.9000,92.9300,90.7600,91.6100,1750600
20160210,92.9100,94.5500,92.0900,92.0900,1279100
20160211,91.6800,92.4200,90.8200,91.8300,1507400
20160212,91.7800,92.3400,88.2700,88.4500,1215000
20160216,93.6200,93.6700,91.5200,91.9200,1316200
20160217,95.3700,95.8500,93.9400,94.1100,1284500
20160218,95.0900,95.9800,94.6900,95.3700,849300
20160219,94.7900,95.0900,94.0900,94.9400,717500
20160222,95.1400,96.0400,94.6100,95.6400,1111900
20160223,93.5600,95.4900,92.9300,94.7900,1445700
20160224,94.3500,94.6200,92.8800,93.4700,872200
20160225,96.8900,96.8900,94.6300,95.0300,1453400
20160226,97.5300,98.2400,96.5600,96.9000,1063700
20160229,96.8100,98.2200,96.6600,97.5000,1495600
20160301,97.3900,97.7300,95.4400,97.0000,1483800
20160302,97.4400,98.0000,96.1400,97.4300,1068300
20160303,98.8900,99.0700,97.0200,97.0200,1201400
20160304,99.2900,99.8300,97.8400,98.0800,1133400
20160307,100.6800,100.7200,98.3900,98.4600,1932400
20160308,100.5500,101.2200,99.4200,100.0000,1255900
20160309,100.3800,101.2300,100.0600,100.6500,747700
20160310,100.8600,101.5500,100.4200,101.5500,1850000
20160311,104.6000,104.6000,101.8600,101.8600,2302900
20160314,105.0500,105.4800,103.7600,104.0000,1961800
20160315,104.3100,105.0500,104.1000,104.3900,1299600
20160316,104.2600,105.0900,103.3300,104.1000,921200
20160317,103.5900,104.9400,102.9000,104.0100,758200
20160318,104.5100,104.7200,103.2200,103.6500,1381800
20160321,104.3800,104.7300,103.2900,104.1600,702100
20160322,104.4100,104.8200,103.1700,103.3500,942300
20160323,104.4300,105.0000,103.7800,104.5800,921800
20160324,103.7400,104.3100,103.0700,103.5800,852400
20160328,104.3400,105.9300,103.7600,105.2600,783300
20160329,105.8400,105.9500,103.9500,104.4300,986500
20160330,106.7000,107.0100,105.9300,106.4100,1356100
20160331,106.6300,107.2200,106.2500,106.8800,1321900
20160401,107.3700,107.6400,105.8300,106.3100,1655500
20160404,106.8600,108.6200,106.5500,107.7200,1525700
20160405,105.9800,107.1700,105.5300,106.0700,1344200
20160406,108.0900,108.5700,105.6500,105.8600,1366300
20160407,108.1500,108.2000,107.1700,107.8100,1693000
20160408,108.9600,109.1700,108.5000,108.5000,1319100
20160411,109.3000,109.7100,108.6700,109.0600,1392800
20160412,111.5700,111.7400,109.3800,109.6900,1895500
20160413,114.4500,114.5200,111.6600,111.8300,2541600
20160414,115.4300,115.7600,114.0600,114.3000,1534200
20160415,114.0300,115.0500,112.0800,115.0000,1805300
20160418,113.6100,113.9500,112.9500,113.6600,1145800
20160419,113.8400,114.5900,113.4400,114.1200,1169400
20160420,114.8400,115.4100,113.3600,113.8400,1296800
20160421,114.4000,115.9400,113.7300,114.5100,1230100
20160422,114.7600,115.2100,114.2100,114.6200,987100
20160425,114.6600,115.0000,113.7400,114.1100,1018600
20160426,115.2100,115.5500,114.4600,115.0000,931500
20160427,115.8900,117.0000,115.3200,115.5400,1378700
20160428,115.0000,117.7700,114.5100,116.0100,2472600
20160429,115.7700,116.4400,114.3500,115.0000,1969300
20160502,115.9300,116.1300,114.5000,115.7700,1632700
20160503,114.9000,115.9400,114.5400,115.6900,1149000
20160504,114.6900,114.9800,113.7400,114.4600,1315400
20160505,115.9400,115.9700,114.2700,114.9000,904500
20160506,115.4000,116.0800,114.3900,115.9100,849900
20160509,116.4300,117.2900,115.6000,115.8300,1270900
20160510,117.3800,117.4800,116.3100,116.5200,920600
20160511,116.9300,118.5600,116.8900,117.2500,896300
20160512,117.4400,117.9500,116.1200,117.2300,1283600
20160513,117.4400,118.6100,116.6100,117.0900,1664500
20160516,119.6000,119.9900,117.4500,117.4800,1544100
20160517,118.5000,119.8400,117.8500,119.0600,1058800
20160518,118.8200,119.7200,117.8500,118.2500,908700
20160519,118.1900,118.9400,116.9300,118.2300,1002600
20160520,119.3300,119.7100,118.3700,118.7800,1631700
20160523,119.4300,119.9700,118.9600,119.3800,1147600
20160524,120.7600,120.9000,119.4300,119.7500,1614300
20160525,121.9300,122.2700,120.9100,121.2000,1593000
20160526,122.4900,122.6300,121.0300,121.7900,1260700
20160527,123.0700,123.4300,122.0600,122.3400,1022700
