20150529,49.7700,49.9600,49.1300,49.4400,5617100
20150601,49.7800,50.3700,49.3700,49.9200,4496100
20150602,49.5800,49.9700,48.9000,49.7200,2680500
20150603,49.5500,49.9000,49.3400,49.8800,1976000
20150604,48.9000,49.5900,48.8500,49.0500,2080700
20150605,49.0100,49.1700,48.4100,48.7000,2412000
20150608,48.8000,49.2200,48.7400,48.7500,1906400
20150609,49.2400,49.3700,48.5200,48.6700,2675500
20150610,49.6900,49.9000,49.0000,49.4100,2012100
20150611,49.8700,50.0400,49.6000,49.8000,2055700
20150612,49.0800,49.8600,49.0100,49.6300,2033300
20150615,49.2700,49.3500,48.7100,48.8400,3015000
20150616,49.7100,49.7300,48.9000,49.3000,1817900
20150617,50.1700,50.3700,49.7100,49.7500,2804400
20150618,50.5000,50.6000,50.1600,50.2900,3696100
20150619,50.2400,50.6200,50.2000,50.3600,2906800
20150622,50.2200,50.7000,50.0700,50.6000,2040400
20150623,50.4700,50.8500,50.2400,50.4100,2104100
20150624,49.7100,50.3000,49.7100,50.2500,2561900
20150625,55.3800,55.3800,49.5700,49.8400,3228100
20150626,48.6200,54.0000,48.2600,53.9300,20823300
20150629,47.0700,48.6900,47.0400,48.5100,5149400
20150630,48.2200,48.6100,47.2100,47.6700,4372800
20150701,48.4300,49.0400,47.8300,48.7500,5532100
20150702,48.3100,48.6600,47.8900,48.6000,2070900
20150706,48.4000,48.4000,47.7700,48.0400,3088100
20150707,47.8800,48.7800,47.1000,48.5400,5656200
20150708,46.4800,47.4300,46.4600,47.3500,3452800
20150709,46.5700,47.3700,46.5600,47.1100,3417400
20150710,46.9600,47.1900,46.8200,47.0000,2917500
20150713,47.0400,47.4400,46.8400,47.1000,3050000
20150714,47.4600,47.5600,46.2800,47.0400,5636300
20150715,47.1100,47.6300,47.0100,47.5000,2099400
20150716,48.0000,48.2200,47.3900,47.3900,3423500
20150717,47.8000,48.3000,47.7200,48.0000,2324000
20150720,48.9800,49.0300,48.0200,48.1000,3364200
20150721,49.1200,49.7500,48.9300,49.7000,4412700
20150722,50.0200,50.0600,49.0200,49.0500,2937300
20150723,49.8500,50.3900,49.5100,49.9600,2457900
20150724,49.4900,50.3000,49.3300,49.9000,2081000
20150727,49.4800,49.5700,48.7700,49.3900,1683500
20150728,48.8500,49.5700,48.1700,49.5200,4846300
20150729,48.4000,49.1600,47.8700,49.1000,3629900
20150730,48.5500,48.7200,47.9600,47.9600,1576800
20150731,48.9800,49.4500,48.7400,48.8200,2539800
20150803,48.4800,49.4900,47.9900,49.1600,3559500
20150804,48.8500,50.0000,48.2800,49.1100,4867300
20150805,48.6100,49.1200,48.5200,48.9500,4118200
20150806,48.2800,50.2500,47.9700,49.5600,3223400
20150807,48.3100,48.4700,47.4400,48.1200,3466000
20150810,48.3900,49.0900,48.2800,48.5000,3064500
20150811,48.2100,48.5400,47.8400,48.0700,1946700
20150812,47.8600,48.0800,46.8800,47.9000,3520300
20150813,47.6600,48.3800,47.6000,47.8200,2574800
20150814,47.4700,47.6500,46.9400,47.6500,2594500
20150817,48.6900,48.7100,47.2600,47.3000,1849600
20150818,47.7300,48.7800,47.6900,48.5900,2847800
20150819,47.9100,48.1800,47.2200,47.4500,2153500
20150820,46.3800,47.6800,46.2800,47.3600,2515600
20150821,45.0200,46.3200,45.0100,45.8500,3775200
20150824,43.5300,44.9700,37.7300,42.5100,5725500
20150825,42.5600,44.8400,42.5600,44.5900,3814300
20150826,44.2500,44.3300,41.9900,43.5500,5873300
20150827,45.8600,46.1500,44.1100,44.7100,4602100
20150828,45.7800,46.1300,45.0600,46.0100,2711400
20150831,44.8700,45.9100,44.7700,45.7400,2580000
20150901,43.9800,44.8900,43.7800,43.9500,4346100
20150902,45.1200,45.1600,43.9000,44.5200,2699700
20150903,44.5300,45.6200,44.3200,45.3200,2932500
20150904,44.0100,44.7300,43.5300,43.9700,4195500
20150908,44.8900,44.9400,43.8200,44.7200,4134900
20150909,43.9500,45.2600,43.8500,45.1800,2964700
20150910,44.3400,44.9300,43.8000,43.9300,2871200
20150911,45.0000,45.1300,44.1200,44.6000,2476200
20150914,44.4700,45.0000,44.1900,44.8700,2182200
20150915,45.0600,45.1300,44.4800,44.7000,1999900
20150916,44.5100,44.8500,43.7000,44.7900,4242600
20150917,46.0100,46.6300,44.7500,44.7500,5470500
20150918,45.1200,45.7000,44.9000,45.3100,8078600
20150921,44.5000,45.5700,44.1100,45.2800,2502700
20150922,44.2300,44.5200,43.7400,44.0100,2368400
20150923,44.3200,44.6600,43.9900,44.2000,1802500
20150924,43.5900,44.2000,43.0100,44.1300,3202000
20150925,42.5100,44.1400,41.8800,44.1100,3498000
20150928,39.9600,42.3000,39.3800,42.2700,8954900
20150929,39.6500,40.7700,38.9800,40.3000,7328400
20150930,41.1800,41.2200,40.3500,40.6300,4954100
20151001,41.2900,41.3400,40.3700,41.0700,4131800
20151002,43.0200,43.0400,40.4900,40.6300,4036800
20151005,42.8500,43.3900,42.3500,43.1500,5467700
20151006,41.3900,43.1000,41.1900,42.7800,4622200
20151007,42.6700,42.7100,41.2300,41.5900,4157200
20151008,43.2200,43.4000,41.9800,42.5600,4434600
20151009,42.8000,43.3100,42.7700,43.1100,2863000
20151012,42.7100,43.0700,42.4300,42.8800,2848100
20151013,42.3200,43.1200,42.1900,42.5400,3285500
20151014,42.3800,42.9600,42.1300,42.3400,2940800
20151015,43.0000,43.1200,41.5800,41.6900,2481500
20151016,43.9300,44.1400,43.1900,43.2100,4120400
20151019,43.7800,44.0100,43.2300,43.8100,1924800
20151020,43.0900,43.7800,42.8300,43.6600,2890400
20151021,41.6600,43.5600,39.5300,43.3800,9647400
20151022,40.8000,41.9000,39.9800,41.6900,8908000
20151023,42.5400,43.1800,41.0500,41.1600,7391500
20151026,42.3500,42.9600,41.9900,42.4400,2929300
20151027,42.7400,43.3600,42.2900,42.5100,4570300
20151028,43.3400,43.7900,42.3100,42.6900,3219100
20151029,43.5500,43.9100,43.2400,43.3100,3019000
20151030,43.0100,43.6900,42.8900,43.3800,3774400
20151102,44.2400,44.5200,43.1700,43.5400,4298800
20151103,46.6300,46.9000,45.4000,46.4700,8007200
20151104,46.5500,47.1400,46.2300,46.6500,7718100
20151105,45.4600,46.7800,44.9200,46.5600,5177500
20151106,45.9700,46.2800,44.8300,45.4000,3496200
20151109,45.8000,46.0400,44.9600,45.7800,3707900
20151110,45.8800,46.0400,45.2600,45.8500,2963200
20151111,45.0800,45.9200,45.0600,45.9200,2118900
20151112,44.5300,45.1900,44.4600,45.0100,2858600
20151113,44.8500,45.0800,44.2000,44.3700,3283700
20151116,45.3000,45.4200,44.7300,45.0000,3532300
20151117,45.7700,46.1100,44.7300,45.0300,3638700
20151118,47.1800,47.2000,45.3600,45.8100,3378000
20151119,46.9000,47.2100,46.5700,47.0500,2928500
20151120,47.3200,47.5700,46.8600,47.0000,3679400
20151123,46.9600,47.4300,46.6100,47.2300,3265300
20151124,46.9300,46.9900,46.3000,46.5600,1713500
20151125,46.9700,47.2300,46.6600,46.8000,2196800
20151127,47.0800,47.2300,46.9100,47.1400,1155100
20151130,46.7000,47.2500,46.4600,47.0800,3481900
20151201,47.0100,47.1300,46.2100,46.8100,2956900
20151202,46.3700,47.1800,46.0700,47.0700,2335100
20151203,45.2000,46.5400,44.9400,46.4800,2465300
20151204,46.4600,46.5000,45.1700,45.3600,2237600
20151207,45.9100,46.8300,45.3500,46.4700,2108700
20151208,45.9400,46.2000,45.4000,45.4500,1335200
20151209,45.2100,46.1800,44.9700,45.6100,1768000
20151210,46.1000,46.4900,45.1500,45.1600,2472300
20151211,45.8300,46.0000,45.3300,45.3900,4233700
20151214,46.5900,46.6400,45.5500,45.8500,3895900
20151215,46.9700,47.6500,46.8700,47.0500,4154100
20151216,47.0900,47.5500,46.1600,47.4200,3441900
20151217,46.7300,47.5700,46.4900,47.2700,2642300
20151218,46.6000,47.6200,46.4900,46.6000,5439700
20151221,47.3400,47.3700,46.5600,46.8300,2467100
20151222,47.7200,48.4600,47.3900,47.5000,2404600
20151223,47.9800,48.1000,47.6100,47.8400,2368400
20151224,48.1300,48.4500,47.6300,47.8600,965300
20151228,47.9000,48.2000,47.5900,47.9600,928300
20151229,48.3300,48.6200,47.9600,48.3700,1483800
20151230,48.2600,48.6500,48.0100,48.3300,1453700
20151231,47.9200,48.4000,47.8100,47.9300,1768500
20160104,47.2700,47.7200,46.7500,46.9400,2871700
20160105,48.0100,48.1000,47.2800,47.5100,3116700
20160106,48.0200,48.3500,47.2600,47.2700,4670500
20160107,46.5600,48.0000,46.2900,46.9900,4324400
20160108,45.8800,47.5700,45.6500,46.9400,4946100
20160111,44.5800,46.3400,43.8300,46.1000,4306900
20160112,44.9700,45.0500,43.2500,43.8700,7774900
20160113,43.2500,45.3300,43.0300,45.2500,4197600
20160114,44.1300,44.4000,42.6600,43.3400,4794900
20160115,43.3800,43.8500,42.7700,43.0000,4529100
20160119,43.1900,44.7200,42.7300,44.1100,4595000
20160120,43.7900,44.2800,42.4100,42.5700,5212900
20160121,43.0800,43.9200,42.9800,43.7900,3777400
20160122,43.4000,43.8200,43.1000,43.5900,3397500
20160125,43.2000,43.7700,43.0600,43.2500,2364200
20160126,43.8700,44.0600,43.1500,43.3000,3797500
20160127,43.1500,44.3600,42.8000,43.6700,3242500
20160128,42.8400,43.5800,42.7100,43.4000,5660400
20160129,43.0500,43.3600,42.6100,43.2000,7032600
20160201,42.9600,43.3900,42.5100,43.0000,4702400
20160202,41.7200,42.5300,41.3700,42.4300,3441500
20160203,41.3100,42.0000,40.4500,41.8400,5145100
20160204,41.5400,41.9500,40.9300,41.1500,3949800
20160205,40.9100,41.5100,40.6100,41.3200,4058100
20160208,40.1900,40.7100,39.5900,40.4000,4314300
20160209,39.8600,40.9600,39.3900,39.5800,6277600
20160210,39.3300,40.4800,39.2500,40.1700,6629200
20160211,39.3600,39.5300,38.2600,38.9800,8058200
20160212,40.4300,40.4800,39.2100,39.8100,6734700
20160216,40.4300,41.8700,39.7300,41.6600,5614300
20160217,41.8000,42.0000,40.4700,40.7800,7226900
20160218,42.0200,42.3700,41.5300,41.5600,5350400
20160219,41.8300,42.2300,41.4000,42.0700,3844500
20160222,42.7700,42.8300,41.7900,42.1200,3476600
20160223,42.3700,43.2000,42.2900,42.5800,2499000
20160224,42.3700,42.4200,41.2500,41.9400,3086800
20160225,42.9000,42.9200,41.7900,42.3700,4135900
20160226,42.3600,43.3400,42.2200,42.9900,2654300
20160229,41.0600,42.1700,41.0500,42.1000,3550500
20160301,42.1000,42.1400,40.8800,41.4900,5280700
20160302,41.7200,42.1800,41.5100,41.9100,2507700
20160303,41.0800,41.8500,40.7000,41.7200,4473700
20160304,40.8000,41.3200,40.6200,41.0800,3557900
20160307,41.2000,41.4300,40.4600,40.6000,3540500
20160308,40.2300,41.1400,40.1600,40.8400,3266300
20160309,40.4600,40.6000,39.8400,40.5500,4083700
20160310,39.9100,40.6100,39.3500,39.9200,7999500
20160311,41.8700,41.9100,40.0200,40.2000,5890900
20160314,41.3100,41.7100,41.0700,41.6300,3338500
20160315,40.7200,41.0900,39.9700,41.0600,7034600
20160316,40.4600,40.8600,40.1000,40.8600,5147400
20160317,39.7200,40.6700,39.5200,40.4900,7288100
20160318,40.8600,41.0400,39.8000,39.9200,5812800
20160321,41.6200,42.0300,40.8800,40.9100,5461700
20160322,42.7500,42.8900,41.5900,41.5900,7592600
20160323,42.6400,42.8400,42.1500,42.8000,5261500
20160324,42.4800,43.0600,42.1300,42.2700,4796600
20160328,42.1800,42.6400,41.9700,42.4900,2038300
20160329,43.1200,43.1400,41.8600,42.0000,2763500
20160330,44.0200,44.3800,43.2300,43.2400,5311700
20160331,44.3300,44.5500,43.2500,43.4000,6326700
20160401,44.9900,45.0600,43.9700,44.0200,4549300
20160404,45.7600,46.0400,45.0300,45.1000,5400600
20160405,45.8500,45.9800,45.0100,45.2600,6004300
20160406,47.2700,47.6000,45.7000,45.8000,6180800
20160407,47.1900,47.2400,46.8300,46.9600,5865600
20160408,46.9400,47.4600,46.5400,47.3600,4872700
20160411,46.6700,47.0400,46.4800,47.0000,3962100
20160412,47.0100,47.1200,46.6000,46.8400,3634800
20160413,47.5000,47.5000,46.9500,47.1500,3295700
20160414,47.6700,47.9600,47.1200,47.2700,3065300
20160415,48.1100,48.1400,47.5700,47.7500,3189400
20160418,48.5700,48.7800,47.7700,47.9800,3033300
20160419,48.5600,49.1000,48.3600,48.6900,2426200
20160420,48.4700,48.7200,47.8900,48.5600,2702100
20160421,48.4400,48.8300,48.0400,48.4200,2998900
20160422,48.6400,48.9500,48.1800,48.5400,2117600
20160425,47.3200,48.3600,47.2100,48.3400,5239600
20160426,47.6100,47.7600,46.9500,47.4000,3360100
20160427,47.4600,47.8100,47.3400,47.6100,1789900
20160428,47.1900,47.6400,46.9700,47.2300,1866700
20160429,47.0300,47.3100,46.6200,47.1600,3342300
20160502,48.0300,48.1000,46.8700,47.2000,3705400
20160503,48.1500,48.3700,47.6200,47.8900,4468800
20160504,47.0500,48.0400,46.0500,47.9100,5426200
20160505,48.2400,48.2800,47.0300,47.3200,3533400
20160506,47.3400,47.7300,46.8600,47.3100,3493800
20160509,47.5000,48.0300,47.1200,47.3800,5996800
20160510,46.5600,46.6400,46.1400,46.2900,12366000
20160511,46.0000,46.8500,45.9900,46.5000,5573900
20160512,46.2500,46.4200,45.5600,45.8500,5470300
20160513,46.3900,46.6000,46.0300,46.3500,3161300
20160516,46.7700,46.9400,46.0800,46.1400,3689800
20160517,46.5000,46.9200,46.2300,46.7100,2559200
20160518,46.9600,47.2200,46.3100,46.3500,3495300
20160519,46.4300,46.9300,45.9200,46.7900,2187500
20160520,47.0600,47.1000,46.5200,46.7000,5065200
20160523,46.4000,47.0400,46.4000,47.0000,2356000
20160524,47.2900,47.3600,46.7400,46.8100,3450200
20160525,47.0000,47.5600,46.8800,47.3900,4637700
20160526,47.3300,47.4700,46.7700,46.8900,3107000
20160527,47.1800,47.6800,47.1000,47.5400,2021900
